Chromosome	Start	End	Segment	CNF	CN	Call	ProbCall
chr1	12580407	13421249	2.25471918025793	9.54482786828634	10	2	0.904073560371379
chr1	103418116	103551727	-7.84033604822648	0.00872677279455462	0	-2	0.999999999999791
chr1	103551732	103778806	2.2872675596729	9.76261447152519	10	2	0.901863201966238
chr1	145233403	145731094	1.78566897329519	6.89556598942759	7	2	0.925293323575624
chr1	145735986	149684611	0.668994636737714	3.17992918229137	3	1	0.799071895706184
chr1	152084915	152579891	1.40643700779479	5.30163374667978	5	2	0.931748919635451
chr1	182450011	182556194	-7.10395092709971	0.014538770425731	0	-2	0.999999999970757
chr1	223220953	225399328	-1.22449021312349	0.855897409883383	1	-1	0.860356536898247
chr2	84448875	85049305	-6.65735394787219	0.0198137539519497	0	-2	0.999999999522451
chr2	94155094	95153375	0.637145431458723	3.1104976827072	3	1	0.810189292437478
chr2	169827780	170936816	-0.678353695296926	1.24975587125296	1	-1	0.690029632261454
chr2	185738562	186509108	-0.62244289389674	1.29914017733654	1	-1	0.580331156973568
chr3	98132745	98498630	1.60365167661985	6.07823172400141	6	2	0.929370017466442
chr4	68333218	69516122	1.24990153109787	4.7565038011757	5	2	0.932014469818317
chr4	190021868	190196187	4.41756820448667	42.7415761323865	43	-2	0.768983063469505
chr5	94384250	94671007	-9.6501786095883	0.00248906805273059	0	-2	1
chr5	140808845	141423759	0.962118168986629	3.89633620415669	4	2	0.779168896844213
chr6	29086587	30931788	0.573299881727028	2.97584602640857	3	1	0.796855814768955
chr6	30931962	31129770	-3.03501753750664	0.244004974033682	0	-2	0.988665522029455
chr6	31137781	32244175	0.552774864124857	2.93380882500387	3	1	0.779645139302043
chr6	32255707	32401872	-0.994633036076225	1.00372702405719	1	-1	0.873075572761067
chr6	32402796	32746456	3.31596272115483	19.9174730974094	20	2	0.731352405573062
chr7	99060460	99610631	-1.0253592947586	0.982575863301957	1	-1	0.876129605486119
chr7	99619501	100960936	0.505634286522531	2.83949483302938	3	1	0.705318605379765
chr9	36841018	37477773	1.30976024599094	4.95800678584605	5	2	0.932164650524766
chr10	45652864	45792353	1.90732963524199	7.50228274045384	8	2	0.921427856116412
chr10	49988784	50842000	0.876060563482806	3.67071362039345	4	2	0.546179104339515
chr10	133666043	133778707	1.85728739435786	7.24651527395828	7	2	0.923137214312577
chr11	54535524	57338696	0.656453475309779	3.15240626900234	3	1	0.804734224968409
chr12	40367972	40570667	-9.5885123426552	0.00259776682754066	0	-2	1
chr12	52288064	52904923	0.595873442295395	3.02277467778739	3	1	0.80772596200751
chr14	35595482	35808798	1.50804141771777	5.68847294795322	6	2	0.930774200884268
chr15	19790202	23667897	-0.921053220805997	1.05624665985059	1	-1	0.859197802947209
chr15	42465923	42745168	-3.65888003821197	0.158342447528606	0	-2	0.998741915108537
chr16	15604034	18557805	0.474946080785396	2.77973254815361	3	1	0.624336739304466
chr17	62040	1270975	-0.614967187091774	1.30588948812997	1	-1	0.561442085382185
chr17	7015024	8521328	0.536850981004273	2.90160468735678	3	1	0.760533402567526
chr17	10040002	10705548	0.725516469636038	3.30698492652436	3	1	0.751952037377846
chr18	20930431	21522835	-0.813897767924374	1.1376858435682	1	-1	0.817190192604778
chr21	44533571	44697909	1.97897182707887	7.88424073070966	8	2	0.918670338444744
chrX	3932003	36225383	1.06722894143758	4.19080949566246	4	2	0.907616333993899
chrX	36228625	36385049	-8.53753211450783	0.00538240954878735	0	-2	0.999999999999999
chrX	36385250	48560930	0.967298646855987	3.91035244917027	4	2	0.789976279356208
chrX	49281860	58550623	0.941749746258381	3.8417130041974	4	2	0.731979270220983
chrX	62470624	71658899	0.86510590667547	3.6429467493153	4	2	0.514063759075527
chrX	72488909	102154412	1.04956777417315	4.13981923580377	4	2	0.897219515297554
chrX	102154613	102226682	-5.57508132847081	0.0419530256440778	0	-2	0.999999779912865
chrX	102226883	153408111	1.13582789583175	4.39489255683587	4	2	0.926804105798956
chrX	153418106	153486763	-0.953340959171137	1.03287025556047	1	-1	0.866509004800599
chrX	153504638	156027976	1.23093013249433	4.69436536671361	5	2	0.931819450202077
