Chromosome	Start	End	Segment	CNF	CN	Call	ProbCall
chr1	1712347	1714020	1.51371269864308	5.71087852900406	6	2	0.985430354127149
chr1	16871013	16953540	0.95417361569719	3.87493904378379	4	1	0.635046349192242
chr1	65190791	65228136	1.23370397799982	4.70339982651752	5	2	0.969064343783734
chr1	109681709	109700399	-3.18044256750488	0.220608063987104	0	-2	0.629090901394436
chr1	114859613	114926615	-0.851759136155305	1.10821735384595	1	-1	0.893830928396553
chr1	120578413	120836901	0.455623795198809	2.74275126957143	3	1	0.851692432856123
chr1	143199147	144335335	0.494996712112427	2.81863508663554	3	1	0.913141429529887
chr1	145305158	145330367	0.599943514294231	3.03131444592264	3	1	0.956084250448399
chr1	145352708	145366249	1.22361472752443	4.67062211977924	5	2	0.966594170222988
chr1	146088484	146298705	0.561096027860093	2.95077931575101	3	1	0.950571381457346
chr1	148595958	148679715	0.390312052809717	2.62135374134945	3	1	0.618125268321426
chr1	150708899	150717445	-1.50479420131838	0.704760903681108	1	-1	0.51997122549241
chr1	182858118	182881271	0.804686260254431	3.49353177031386	3	1	0.903502166974371
chr1	197142319	197200487	-0.575994589975278	1.34164725597408	1	-1	0.668410429428334
chr2	17700205	17725414	-0.63614905274358	1.28685628824637	1	-1	0.768358498467114
chr2	37202720	37215023	-1.34267561613736	0.788577462422969	1	-1	0.77850095348669
chr2	63920433	63947500	-1.20072815444061	0.870111291448539	1	-1	0.872769023085487
chr2	86865614	86878974	-5.11187954341417	0.0578363555477068	0	-2	0.598997768342608
chr2	88782870	88804828	-1.01092396992564	0.992456675805927	1	-1	0.908138052888476
chr2	95838741	95978191	-1.33747794079316	0.791423636992994	1	-1	0.783706875615533
chr2	97144535	97191307	-0.946596184587034	1.03771035469498	1	-1	0.906999701292552
chr2	97504815	97560805	-1.27713967771559	0.825225508609594	1	-1	0.833092729695376
chr2	112421975	112433439	-0.845728651157343	1.11285941271425	1	-1	0.892449037228702
chr2	169540012	169569333	-0.798078435138532	1.15022935702179	1	-1	0.878671786514108
chr2	169571578	169614802	0.828852928770113	3.5525450113365	4	1	0.883092136667421
chr2	174358510	174387854	-5.01472818140391	0.0618651959676904	0	-2	0.607454061282422
chr3	5178161	5184814	8.21637672502001	594.847780620805	595	2	0.999999999930706
chr3	93734064	93898646	0.795728225717061	3.47190681245668	3	1	0.909759580499506
chr3	98133074	98501578	0.783581006528602	3.44279673685507	3	1	0.917289650253076
chr3	149182047	149188141	1.40215110703624	5.28590723647764	5	2	0.982267679083366
chr3	155925197	156121046	0.900028593842895	3.73220593677139	4	1	0.779214139024396
chr3	160282341	160375948	-0.742693617618737	1.19524500979813	1	-1	0.854774183099795
chr3	160527853	160536920	-1.56447340199913	0.676202191981299	1	-1	0.385989017950561
chr3	170284550	170297305	-1.15744086180894	0.896614128548524	1	-1	0.887184061528572
chr3	195740037	195791497	-0.499088071090721	1.41510777069787	1	-1	0.414130195667019
chr4	9160776	9224983	0.692995030097592	3.23327233698779	3	1	0.949552196730743
chr4	9225078	9269189	-0.69244485647048	1.23760861413126	1	-1	0.822777963130722
chr4	9269427	9383760	0.692995030097592	3.23327233698779	3	1	0.949552196730743
chr4	9383942	9469954	-0.979228949716481	1.01450153662126	1	-1	0.90830592276385
chr4	83458389	83467618	-1.39657912956938	0.759657423763323	1	-1	0.713914391782223
chr4	102799469	102809943	0.674673110331885	3.19247010512795	3	1	0.952594354602405
chr4	103161083	103177095	-1.44561013744813	0.734273715558305	1	-1	0.636604030743252
chr5	17491204	17685659	2.21275970139739	9.27122325036462	9	2	0.99606080984094
chr5	69572424	69623467	0.456957140018002	2.7452873035463	3	1	0.854568560388949
chr5	72893151	72905528	0.884937682817686	3.69336970444433	4	1	0.808213262814554
chr5	80331635	80360170	2.69042215264668	12.9100452538181	13	2	0.998535986422897
chr5	103005017	103011255	0.472632237288201	2.77527789153415	3	1	0.883771402945169
chr5	112821838	112836688	5.5043146357329	90.7807583978731	91	2	0.999999057616458
chr5	171391180	171410525	1.15584252860223	4.45628816906497	4	2	0.929597544258719
chr5	178767282	178812648	0.766218583316484	3.40161198084037	3	1	0.926394009121128
chr6	29726814	29888195	0.394317933771131	2.62864247728865	3	1	0.637642033217108
chr6	29888441	29920778	-3.60908321078054	0.163903298001697	0	-2	0.646741763625207
chr6	30260436	30293841	-1.95452091751437	0.516012916023486	1	2	0.502842573659143
chr6	31166958	31354627	3.52441411564954	23.0135894695004	23	2	0.999782973233203
chr6	31355052	31356634	-0.865581785134307	1.09765008316045	1	-1	0.896725055318945
chr6	31869475	31880461	0.435445552961125	2.7046568264748	3	1	0.799544702402988
chr6	32292958	32370597	-0.959647366064688	1.0283651563732	1	-1	0.907704386610493
chr6	32443676	32757401	8.6379924132042	796.755030833371	797	2	0.999999999987268
chr6	32979873	33086681	-0.542188355284522	1.37345690602692	1	-1	0.577308892347548
chr6	33092941	33133587	2.25910047222078	9.57385842562806	10	2	0.996409451119091
chr6	110888893	110893664	1.44609729775093	5.44939964273662	5	2	0.983602021341919
chr6	123252316	123278415	-0.604644153538551	1.31526713606178	1	-1	0.723642746014251
chr6	137871517	137881396	2.17333083002335	9.02127176298258	9	2	0.995740083277605
chr6	160599580	160650370	0.935190490431013	3.82428618777716	4	1	0.69306146020987
chr7	6048684	6054756	-1.20217743589721	0.869237646679842	1	-1	0.872199530924962
chr7	35090271	35162006	-0.901220591240611	1.07086707274531	1	-1	0.902567496443089
chr7	50319018	50400774	7.0796612301989	270.533085067257	271	2	0.999999994993838
chr7	57002029	57048104	1.3239646224256	5.00706305058161	5	2	0.979136557541068
chr7	63124579	63303926	-0.80596837790944	1.14395604703039	1	-1	0.881333207678076
chr7	73235300	73259408	-0.711079034555539	1.22172617052932	1	-1	0.836056490288506
chr7	92813890	92834147	7.61129320078018	391.072749623256	391	2	0.999999999287401
chr7	94544357	94554640	-0.870737102910682	1.09373474664566	1	-1	0.897710675535282
chr7	102480350	102688328	1.15808468400117	4.46321926578283	4	2	0.931685095471083
chr7	103184008	103324566	-0.564778146219441	1.35211874224173	1	-1	0.64170808591231
chr8	7254144	7361233	1.02604124623654	4.07285723921177	4	2	0.614727857090135
chr8	7977617	8033427	0.861359926247058	3.63350005018177	4	1	0.845311283225244
chr8	39117968	39147227	-2.02406082985969	0.491730303237021	0	-2	0.505455526107124
chr8	39284724	39668206	2.72803255006396	13.2510295475108	13	2	0.998650116547649
chr8	60780950	60816090	7.19209956905909	292.460822976555	292	2	0.999999996659866
chr8	73013647	73026933	0.37811380525032	2.59928315812649	3	1	0.55581660638028
chr8	73027018	73039307	-0.723095153229323	1.21159274696191	1	-1	0.843688654278645
chr8	86457955	86466884	0.654364951955657	3.14784597688187	3	1	0.954966025015293
chr8	94739418	94761697	1.18391711508049	4.54385600053976	5	2	0.950594192318375
chr9	21968066	21974385	2.16863601112118	8.99196245108718	9	2	0.995700345845976
chr9	34838268	34895641	0.890235053384494	3.70695616009264	4	1	0.798535730646424
chr9	36840509	37034074	6.85662330639417	231.78177257734	232	2	0.999999988963401
chr9	83748233	83788742	-1.67186935795461	0.6276928332685	1	2	0.460117527503889
chr9	105521091	105539413	0.538353203985219	2.9046275905086	3	1	0.943188235863154
chr10	27006892	27028954	-1.05089842383352	0.965334989045035	1	-1	0.905892083462723
chr10	37149615	37197457	-1.03348183255972	0.977059392756488	1	-1	0.90715521527386
chr10	47726755	48018409	0.608730526525811	3.04983359081426	3	1	0.956479480477909
chr10	87864277	87964934	7.22461146653559	299.126406788663	299	2	0.999999997030965
chr10	93676563	93700162	-1.04264460118831	0.970873608894933	1	-1	0.906546477075457
chr10	94638310	95067776	0.496138908076585	2.82086751157238	3	1	0.914325442924121
chr10	122581264	122595681	-2.81690496777345	0.283829221126178	0	-2	0.602699337113166
chr10	133679261	133778707	0.692995030097592	3.23327233698779	3	1	0.949552196730743
chr11	32614544	32699330	-0.830155968691043	1.1249368620247	1	-1	0.888525670664719
chr11	55467143	55856213	0.466951084969764	2.76437068460857	3	1	0.874122004372873
chr11	100859586	100933191	1.26608957425823	4.81017564120193	5	2	0.974463744272079
chr11	110247763	110272534	0.692995030097592	3.23327233698779	3	1	0.949552196730743
chr11	123940549	123995018	0.498448403421169	2.8253868295713	3	1	0.916638550141599
chr12	66864	10450031	0.436691195236561	2.7069930719333	3	1	0.803261310324168
chr12	10450488	21172862	0.404412616587848	2.64709985277362	3	1	0.684204813794255
chr12	21174460	31113087	0.365522574567333	2.57669642378549	3	1	0.488635140717912
chr12	31114469	31615139	0.603620068492704	3.03904927848474	3	1	0.956280867948946
chr12	31616290	34689924	0.393805944177815	2.62770977926528	3	1	0.63517810812337
chr12	37239925	40448282	0.380067030935153	2.60280464037422	3	1	0.566035548371946
chr12	40524986	50454447	0.392340555310601	2.62504209024166	3	1	0.628075750758713
chr12	50460985	63617509	0.434526691027832	2.70293476125936	3	1	0.796758985648875
chr12	63619849	63644414	-0.907331579859303	1.06634067170271	1	-1	0.903351700098289
chr12	63647306	64561652	0.478040084982844	2.78570036037024	3	1	0.89206176124319
chr12	64566693	64622708	7.05822344496202	266.542808025924	267	2	0.999999994594826
chr12	69365630	76369379	0.391169676787031	2.62291249361747	3	1	0.622348654869099
chr12	76781468	80314422	0.405712132920635	2.64948531826609	3	1	0.689901063497014
chr12	80318520	88054465	0.384528854832191	2.6108667964804	3	1	0.589063550094267
chr12	88141189	101477057	0.388752572842161	2.61852172218026	3	1	0.610385867352185
chr12	101477433	105367652	0.409474559559883	2.6564039695823	3	1	0.705984792478703
chr12	105370574	111396550	0.376152474559371	2.59575185741552	3	1	0.545483306093095
chr12	111403225	111439011	7.30124597632253	315.445284942807	315	2	0.999999997753729
chr12	111446726	122543662	0.407737401588149	2.65320730217454	3	1	0.698634993458802
chr12	122765198	133264802	0.488116827606179	2.80522565568662	3	1	0.90541512640029
chr13	18171403	18212094	-1.18623627549944	0.878895609141805	1	-1	0.878137704531602
chr13	18218918	18771939	0.630877357130814	3.09701282452768	3	1	0.956435399782889
chr13	27075271	27116660	2.05018741410638	8.28319535396907	8	2	0.994578881191919
chr13	40976205	41017372	7.19745748429943	293.548990334156	294	2	0.999999996723992
chr13	43837241	43869435	-1.38906715284296	0.763623203933679	1	-1	0.724145913013906
chr13	48304140	48479697	6.98700437388582	253.704337361707	254	2	0.999999993033943
chr13	52473826	52659275	0.646688699068918	3.13114148267683	3	1	0.95559785030356
chr13	57141246	57167645	0.652185753265169	3.14309472774387	3	1	0.955160125264389
chr13	75302095	75310247	1.44461221641066	5.44379302620241	5	2	0.983559221022317
chr14	19464471	19975666	0.844097674570647	3.59028326686205	4	1	0.867058521978976
chr14	35654227	35775007	0.655480150947819	3.15028019319529	3	1	0.954862186830027
chr14	39215188	39302193	0.385546614023093	2.61270930033976	3	1	0.594247031299143
chr14	55644322	55659839	-0.847943019636829	1.11115261362549	1	-1	0.892965115642682
chr14	61037511	61052459	-0.808749941224764	1.14175258713879	1	-1	0.882233009371283
chr14	87949842	87953925	-0.98020386440765	1.01381620928681	1	-1	0.908321741777253
chr14	92003400	92093919	-0.659158731132049	1.26649490117587	1	-1	0.793707219029707
chr14	105907101	105914331	-4.7035986697785	0.0767548290034397	0	-2	0.62928339223424
chr15	19780202	20534616	-0.892243086312766	1.07755156813455	1	-1	0.901303716628594
chr15	20669445	22031622	-1.05308517018106	0.963872903370263	1	-1	0.905701632545006
chr15	82812954	82819574	-6.66693438808633	0.019682613556256	0	2	0.641420949241557
chr15	84170252	84356711	0.60751254069305	3.04725987536808	3	1	0.956439804839364
chr15	92832588	92915320	6.48227637707373	178.809103333008	179	2	0.999999959884951
chr16	18339805	18411910	0.569634994923085	2.96829606069737	3	1	0.952419188860432
chr16	21833389	21881978	-0.5626408721695	1.35412331691071	1	-1	0.636243775672686
chr16	29560068	29595003	-0.836000424522471	1.12038888451236	1	-1	0.890059686015353
chr16	30280371	30335091	-0.765685882815818	1.17634734785994	1	-1	0.865900146335254
chr16	31884406	31916523	0.944894813033042	3.85009705140654	4	1	0.66440361589295
chr16	46398210	46531136	-1.07684175517706	0.948130957020851	1	-1	0.903158068390144
chr17	3154020	3197671	4.1708773245174	36.0237714468648	36	2	0.99995772882842
chr17	7670087	7674149	2.40005883131659	10.5564937581444	11	2	0.997303464934182
chr17	12024637	12141397	7.41392533178968	341.070302311892	341	2	0.999999998514679
chr17	31047598	31222076	6.82978277319513	227.50946766547	228	2	0.999999987875083
chr17	31222081	31374064	5.58426366201256	95.9535090452429	96	2	0.999999263422946
chr17	46193596	46555632	-0.693792256227402	1.23645329368016	1	-1	0.823802213080735
chr18	51047824	51078532	5.25303726922277	76.2696550256116	76	2	0.999997983099279
chr19	1208034	1226795	5.06451229590686	66.9268076668249	67	2	0.999996478184933
chr19	4885131	4921971	5.69430127173561	103.558435990599	104	2	0.999999477048581
chr19	20946261	21371976	0.427209957833048	2.68926133254779	3	1	0.773219485737177
chr19	21375105	21407672	-0.566574345999376	1.35043636027057	1	-1	0.646204511817676
chr19	40826626	40875812	-4.49656106186753	0.0885992894026691	0	-2	0.639521286708864
chr19	42721965	43064665	-0.940771295665384	1.04190858527236	1	-1	0.906605332537866
chr19	51629789	51646833	-3.31993388486068	0.200276647369648	0	-2	0.636392742839467
chr19	54632483	54739706	0.505599125904375	2.83942563117164	3	1	0.923154192765292
chr19	54747401	54773542	-1.39489492326056	0.760544767851457	1	-1	0.716244744337427
chr19	54775208	54790356	0.692995030097592	3.23327233698779	3	1	0.949552196730743
chr19	54797916	54855942	-2.05817413338624	0.480239463543604	0	-2	0.511015839805005
chr19	54865686	54885596	3.6502069894856	25.1102935529983	25	2	0.999840450374826
chr19	54885621	54912902	-0.516892513782897	1.3977511056964	1	-1	0.487184708068188
chr20	6200249	6214618	2.49817899591734	11.2994370750948	11	2	0.997799437466907
chr21	13406463	13427926	-1.09567903971072	0.935831671691115	1	-1	0.900495217921498
chr22	11429687	11890309	-0.656628055742735	1.26871844814972	1	-1	0.791158985309753
chr22	18386353	18641133	0.697789440879817	3.24403512582356	3	1	0.948605526702254
chr22	21326884	21488023	0.738587552902899	3.33708296112714	3	1	0.93760031343159
chr22	23786710	23831850	5.44926344429645	87.3819529280466	87	2	0.999998884709694
chr22	41160639	41173780	0.787776089579946	3.45282230475657	3	1	0.914805790367889
chrX	2781951	13040858	0.924870257928815	3.79702700047714	4	1	0.721196041994437
chrX	13042830	58540623	0.960009526063505	3.8906454793566	4	1	0.615642430656901
chrX	62470624	83870008	1.05921206870947	4.16758628463888	4	2	0.733089697356345
chrX	83871393	111752864	0.907168049176826	3.75072125494705	4	1	0.763901403792594
chrX	111757544	123645399	0.919155726532455	3.78201668117249	4	1	0.735739054373938
chrX	123665601	147922121	0.949986175069554	3.86370829071988	4	1	0.648527037908073
chrX	147925373	156027976	0.934283037439612	3.82188147392844	4	1	0.695632340776986
