Chromosome	Start	End	Segment	CNF	CN	Call	ProbCall
chr1	16757550	16951246	0.821118232257606	3.53354977678948	4	1	0.869593582838404
chr1	25246375	25385885	-1.5717963734031	0.67277855567915	1	2	0.610116198600489
chr1	145326419	145341635	-0.877409146533675	1.08868822091503	1	-1	0.856979718575216
chr1	146088484	146098060	1.00974776498806	4.02711805351246	4	2	0.546170411908069
chr1	146109791	146124906	2.33306756032153	10.0775117508102	10	2	0.989403193611749
chr1	149536490	149548954	-0.691958973219265	1.2380254968075	1	-1	0.72275029297496
chr1	152600663	152614198	-6.92371887213349	0.0164733882298315	0	2	0.605849280547406
chr1	182858118	182883568	0.742999796289807	3.3473044980903	3	1	0.919513706684348
chr2	95875869	95940034	-1.23409690996537	0.850217046627461	1	-1	0.804114653224748
chr2	97152442	97191307	-0.868467477575278	1.09545674724628	1	-1	0.854085661395391
chr2	97504815	97576429	-1.00640246248947	0.995571983877148	1	-1	0.875337871082901
chr2	169563092	169631058	0.615286564777244	3.06372448615066	3	1	0.940754594033161
chr2	171690075	171785595	0.40654468643624	2.65101473013145	3	1	0.602436134196879
chr2	201537364	201565882	0.85910209676583	3.62781804038533	4	1	0.826060047426885
chr3	5178161	5184814	8.32645883331347	642.013059202266	642	2	0.99999919215611
chr3	52256113	52267104	0.442480004259074	2.71787669321814	3	1	0.745251531287432
chr3	93714064	93906186	0.591365337198854	3.01334391311774	3	1	0.937777981635685
chr3	98149921	98391234	1.03711481030482	4.10423918550923	4	2	0.640989995438891
chr3	155922139	156121046	1.29993689389773	4.92436224811696	5	2	0.966673625135474
chr3	160100986	160282697	0.544445905918392	2.91692017543021	3	1	0.920275460382724
chr3	186669893	186725297	0.505706160231992	2.83963629751398	3	1	0.885042679028149
chr4	9160776	9176074	2.53961922889849	11.6287105630931	12	2	0.991626895126114
chr4	9191058	9210821	-0.627129894448257	1.29492640365004	1	-1	0.608926885330132
chr4	9211027	9222080	1.03455581073872	4.09696568916437	4	2	0.632314513169371
chr4	9250438	9359889	1.00974776498806	4.02711805351246	4	2	0.546170411908069
chr4	9363096	9469954	-0.790686009333242	1.15613830313305	1	-1	0.816772821351063
chr4	54723519	54727332	2.72780926563149	13.2489788579479	13	2	0.993283920279448
chr4	152972336	153066050	0.480511927120476	2.79047733236547	3	1	0.844731125978603
chr4	184635358	184644495	-1.18431805531981	0.880064973800542	1	-1	0.834602301731791
chr4	190066847	190196187	1.12017697367698	4.34747271667991	4	2	0.860270184538921
chr5	17491204	17655459	5.50415519693209	90.7707263570867	91	2	0.999862232281148
chr5	34124738	34233813	1.80158448936877	6.97205760463565	7	2	0.98118407522453
chr5	72893474	72905396	1.45585863802455	5.48639554545092	5	2	0.973313950576564
chr5	80331635	80360170	2.82045162724717	14.1276698329279	14	2	0.993987218278341
chr5	112827041	112836688	5.94225725994575	122.978069958156	123	2	0.999932912428809
chr5	171389950	171410525	0.854647986464733	3.61663495381395	4	1	0.832066843055358
chr5	178767282	178946574	0.59910086885092	3.02954444088568	3	1	0.939071396114603
chr6	29826895	29942597	1.13229772028752	4.38415170343043	4	2	0.879816801067002
chr6	29942602	30062402	-0.748795677040599	1.19020024753207	1	-1	0.785048989016333
chr6	31166958	31403835	2.99079556044864	15.8982444457944	16	2	0.995111076321586
chr6	31410567	31415203	-3.37938372329311	0.192191478651161	0	2	0.619766912700439
chr6	32288537	32396616	-1.09548872771337	0.935955129342977	1	-1	0.865660685742686
chr6	32401635	32750107	4.46932475077038	44.3027623467072	44	2	0.999327553277968
chr6	33092941	33176788	0.588602376799698	3.00757846562441	3	1	0.937229814931612
chr6	110888893	110893664	1.25213775400188	4.76388224931449	5	2	0.960255715398533
chr6	137871517	137881396	1.99733243772928	7.98522156084013	8	2	0.984687851139157
chr7	35119633	35162006	-1.54685161976144	0.684512304567153	1	2	0.572632946982315
chr7	50319018	50400774	7.11671273240148	277.570941588597	278	2	0.999991540720527
chr7	92813890	92834147	7.6468105650664	400.819966045113	401	2	0.999996894892158
chr7	142065627	142094610	-0.750133179956569	1.1890973404229	1	-1	0.78622205034301
chr7	143408756	143722727	0.530980406550975	2.8898215484981	3	1	0.910873990875085
chr7	144187237	144380108	-0.733664980305117	1.20274851627463	1	-1	0.770939530065626
chr8	6977737	7362983	0.692241575311764	3.23158418500922	3	1	0.93477715008232
chr8	12128332	12173330	1.2083441154819	4.6214453262672	5	2	0.946958180230868
chr8	12358847	12388769	-2.53103921728857	0.346028022683134	0	2	0.685940502067998
chr8	39375698	39668206	3.07624447691155	16.8683210105402	17	2	0.995600596654888
chr8	60780950	60816090	7.3551383181998	327.451701691504	327	2	0.999994582194678
chr8	123780034	145054157	0.404099003798952	2.64652448922149	3	1	0.591251679328578
chr9	21968066	21974385	2.24479472142109	9.47939326511715	9	2	0.988305570414095
chr9	34837642	34895641	0.781398826557562	3.43759319562996	3	1	0.900106059781567
chr9	36840509	37034074	6.90103036231296	239.027096302481	239	2	0.999987433803887
chr9	64403669	64428670	-1.03278325348788	0.977532617175629	1	-1	0.874374555459632
chr9	105521091	105526500	1.33202683754528	5.03512235835152	5	2	0.968911643529809
chr10	37149615	37201378	-1.30596483561194	0.808901064354011	1	-1	0.736208797522257
chr10	47483864	48057480	0.480540070474792	2.79053176809586	3	1	0.844786192959452
chr10	48067302	48184950	-0.790098826824409	1.15660895170331	1	-1	0.816393644229811
chr10	87864277	87964934	7.20770069501892	295.640620169285	296	2	0.99999285632395
chr10	94720342	95065033	0.644891683766831	3.12724377307843	3	1	0.940902041992918
chr10	133421397	133608659	0.45552793059136	2.74256902451561	3	1	0.785345700236627
chr10	133664925	133778707	1.00974776498806	4.02711805351246	4	2	0.546170411908069
chr11	1608345	1630553	1.81033762005147	7.01448711145404	7	2	0.981354110574658
chr11	32635622	32655066	-1.04483405183985	0.969401317362169	1	-1	0.873418460946512
chr11	49307950	49474121	0.66435550628165	3.16972022415063	3	1	0.939275687622704
chr11	55343144	55856213	0.780501537417211	3.43545583746177	3	1	0.900658236868294
chr11	89955150	89973954	0.956437993097162	3.88102571741096	4	1	0.613164808935945
chr11	100859586	100933191	1.00189338344688	4.00525301985201	4	2	0.518751861470133
chr11	110247763	110264786	0.797373723705576	3.47586903233471	3	1	0.889339348407937
chr11	123940549	123995018	0.578714416837304	2.98703556853002	3	1	0.934858217053849
chr12	12211	18243	-1.39927865856836	0.758237303944809	1	-1	0.591561964677078
chr12	21376220	21452094	-0.868592016598678	1.09536218725867	1	-1	0.854127683648738
chr12	31114708	31200611	0.810963883667679	3.50876635560672	4	1	0.878638968924512
chr12	40474955	40494219	-1.15079530642638	0.90075377222533	1	-1	0.849351018321944
chr12	43795608	43800432	2.66096257123184	12.6490976977044	13	2	0.99273201597966
chr12	64566693	64611410	6.60429929519913	194.590746376905	195	2	0.999978584852314
chr12	111403225	111439011	6.66641318413395	203.151637630504	203	2	0.999980825168261
chr12	112406850	112504889	0.522905442374466	2.87369199838442	3	1	0.903912338224058
chr13	18171403	18761939	0.631188359242895	3.09768052028176	3	1	0.941256807303746
chr13	35098200	35123576	0.456774893758362	2.74494053120088	3	1	0.78883814046365
chr13	40976205	41017372	6.92208855915835	242.541625920403	243	2	0.999987906379735
chr13	48304140	48479697	6.68631887519452	205.97406385072	206	2	0.999981494565403
chr13	57141246	57169212	1.36461608143532	5.15015581703859	5	2	0.970438689670698
chr13	75302095	75310247	1.48947435141595	5.61573302752826	6	2	0.974199279122743
chr14	19499286	19678766	1.34954564808971	5.09663715856789	5	2	0.969795174289531
chr14	35654227	35760891	0.737637790618498	3.33488679879477	3	1	0.921619464819221
chr14	104947834	104952018	-1.22373527372491	0.856345404606613	1	-1	0.811422355367211
chr15	19810202	22279096	-0.991937573197714	1.00560409291353	1	-1	0.875216008927793
chr15	32450749	32528678	-0.990446585495407	1.00664389573152	1	-1	0.875177311563122
chr15	65752325	65898926	0.676345263071311	3.19617247627882	3	1	0.937652801585414
chr15	82812954	82819574	-6.34880607471622	0.0245385519286859	0	2	0.577319411549972
chr15	84186783	84516815	0.40715891778253	2.65214364718189	3	1	0.605222146177696
chr15	92832588	92915320	6.52420505887433	184.082039026153	184	2	0.999975326412254
chr16	31884406	31916172	1.22555599031558	4.67691104955249	5	2	0.953464330552829
chr17	7670087	7674149	2.159867505541	8.93747626550468	9	2	0.987157716277674
chr17	12024637	12141397	7.20385204089505	294.852995523401	295	2	0.999992804883264
chr17	31095295	31373680	6.17118655064499	144.12597432573	144	2	0.999954461559581
chr17	37874182	38195978	-0.781531114210031	1.16349812498075	1	-1	0.810664150079655
chr17	45429903	46332613	-0.535059228491862	1.38026068692543	1	2	0.357985160324849
chr17	46334772	46694009	0.842615890315644	3.58659759947169	4	1	0.847020554372759
chr18	51047824	51078532	5.11793234058025	69.4514225956835	69	2	0.999746320231382
chr19	1208034	1226795	4.99377408505057	63.7244046649613	64	2	0.999692776311375
chr19	4885131	4921971	5.59389456414504	96.5962022290607	97	2	0.999880834166604
chr19	54747401	54786503	-0.945292071102164	1.03864880936633	1	-1	0.871649322563031
chr19	54786508	54798097	1.00974776498806	4.02711805351246	4	2	0.546170411908069
chr19	54803451	54818525	-1.62577319515791	0.648072357604569	1	2	0.674662375888682
chr20	6200249	6214618	2.97807922529071	15.7587284497824	16	2	0.995034194346998
chr22	11319687	11890309	-0.995931819358973	1.0028238274522	1	-1	0.875295579886897
chr22	18202302	18529550	0.708800660302168	3.26888961455075	3	1	0.930872560672303
chr22	18610094	18873894	0.625508695121041	3.08550941146767	3	1	0.941196489314543
chr22	23786710	23831850	5.51856601401197	91.6819620591602	92	2	0.999865393321131
chr22	23941098	23983664	0.692317923683854	3.2317552070987	3	1	0.934761315419316
chr22	41160869	41173780	0.74643756000917	3.35529022112788	3	1	0.918093599841728
chrX	2789563	9030403	0.851466766426593	3.60866886558078	4	1	0.836197292918417
chrX	9032104	24995992	0.770398712814891	3.4114822567707	3	1	0.906521505610157
chrX	25004591	46501223	0.951121606326601	3.86675030709251	4	1	0.629250219295929
chrX	46501228	58550623	0.768587190568466	3.40720131207924	3	1	0.907506852208919
chrX	62470624	77830957	0.945918458395936	3.85282980670296	4	1	0.644504471153128
chrX	77841163	91816322	0.769037305425116	3.40826451057578	3	1	0.90726382641165
chrX	91835441	124364504	0.790513592834529	3.45938022958489	3	1	0.894187131883837
chrX	124365706	133027291	0.800305645337565	3.48294006096975	3	1	0.887158084161976
chrX	133027292	155545312	0.875044751172926	3.66812995332481	4	1	0.80228080904403
chrX	155545513	156027976	0.48548459204732	2.80011211301717	3	1	0.854084990924001
