Chromosome	Start	End	Segment	CNF	CN	Call	ProbCall
chr1	65190791	65228136	1.03985081683	4.11203007649413	4	2	0.871345891077052
chr1	103546308	103618199	-0.546613101431358	1.36925096636767	1	-1	0.455529617938185
chr1	120828970	120890334	-0.927154740288048	1.05178896058958	1	-1	0.936204591664533
chr1	143219147	145306094	1.1126858242837	4.32495710541358	4	2	0.969792050223721
chr1	145306682	145310878	-1.27921636711241	0.824038491127607	1	-1	0.897992736127934
chr1	145350220	146098060	0.782409830458845	3.44000301756785	3	1	0.884323469089923
chr1	146098869	146108429	0.424890180922678	2.68494061799721	3	1	0.578519434292977
chr1	146109791	149513084	0.717256276465714	3.28810478739267	3	1	0.915530913063622
chr1	158724131	159016104	0.597162078067955	3.02547586940357	3	1	0.897073343504879
chr1	161238464	173658406	0.424924752362516	2.68500495825802	3	1	0.578642270728629
chr1	198319802	220598340	0.493674375470955	2.81605278285675	3	1	0.77272692775311
chr2	41449	13965152	0.502742229760701	2.83380842353688	3	1	0.790543362748134
chr2	86865614	86878974	-1.48434254534351	0.714822749563068	1	-1	0.737054035114018
chr2	86879429	86930292	0.844437236069798	3.59112839727087	4	1	0.804748483847815
chr2	95848829	95940034	-0.882357776325612	1.08496027742573	1	-1	0.931057354235571
chr2	97127083	97189176	-0.959829194421973	1.02823555575838	1	-1	0.938283300719659
chr2	97262794	97580598	-1.0782339714683	0.947216441739884	1	-1	0.936951985092445
chr2	171517245	171785595	0.559443545093213	2.94740138742032	3	1	0.868739683919674
chr3	5178161	5184814	8.56019224583396	754.926430013885	755	2	0.999999999999875
chr3	86617106	90704686	0.538984953174288	2.90589979142387	3	1	0.846355979281227
chr3	93714064	103524220	0.698627480507748	3.24592008395477	3	1	0.918481713315399
chr3	103524421	149902239	0.657756719889935	3.15525525125353	3	1	0.917651079492661
chr3	149911855	160304054	0.686619690763016	3.2190158729687	3	1	0.919254434223634
chr3	160307551	175581169	0.67516877873762	3.1935671342216	3	1	0.91920038165512
chr3	175627215	198228341	0.729114281582277	3.31524222100415	3	1	0.912461885107289
chr4	6709260	9224983	0.442388035851417	2.71770344050871	3	1	0.637783486254895
chr4	9363096	9469954	-0.564261227659736	1.35260329405788	1	-1	0.516970726793931
chr4	68474618	68669987	0.54697736958092	2.92204292094952	3	1	0.85578454128956
chr4	91525511	121327747	-0.699073899250733	1.23193496835409	1	-1	0.836968333829636
chr4	140405929	140550344	-0.788173269901995	1.15815370179366	1	-1	0.905459617522389
chr5	10202	17476136	-0.804524825663002	1.14510125563032	1	-1	0.912058364905856
chr5	17491204	17655459	4.67383962288663	51.0500200597184	51	2	0.999999268549595
chr5	28738586	34937788	-0.810108336922535	1.14067805522175	1	-1	0.914045749844983
chr5	34938776	42424715	-0.849229798330483	1.11016198843052	1	-1	0.924952152575122
chr5	50146303	69400100	-0.912792757288802	1.06231177630436	1	-1	0.934876358102257
chr5	69400132	72893353	-1.04159817227898	0.971578067371013	1	-1	0.938743054021023
chr5	72893474	72900985	1.43840895288306	5.42043619363092	5	2	0.99604422401108
chr5	72900990	80321501	-0.85114147650693	1.10869191546155	1	-1	0.925371352369465
chr5	80331635	80360170	1.96789937296062	7.82396205228971	8	2	0.998725899778006
chr5	80360371	112827226	-0.856558920058378	1.10453648915187	1	-1	0.926510866932897
chr5	112827227	112836688	5.00894032692672	64.3978370111074	64	2	0.999999760793859
chr5	112836944	138468457	-0.898456602281763	1.07292066121911	1	-1	0.933260636076589
chr5	138508333	139317162	-0.637442104876251	1.28570342727797	1	-1	0.73136021513507
chr5	139317502	139322101	1.28160923423119	4.86219998766817	5	2	0.994434729485438
chr5	139322402	171405504	-0.877470660501105	1.08864180216252	1	-1	0.930298435376425
chr5	171406265	171410525	1.13798336971491	4.40146370046472	4	2	0.981148691438334
chr6	9900322	29944684	0.449097743960994	2.73037241483164	3	1	0.658824057798093
chr6	31166958	31354627	1.25845104445935	4.78477486623628	5	2	0.99401145745121
chr6	31356689	31934644	0.438643367554296	2.71065849931435	3	1	0.625618280632312
chr6	32293900	32403274	-0.666513164363551	1.26005511223423	1	-1	0.789313771204964
chr6	32404955	32763575	2.18777692143607	9.11205794523827	9	2	0.999228975315872
chr6	32764691	58411655	0.458802445037754	2.74880095923262	3	1	0.687475441358414
chr6	60281411	63703708	0.491343551930007	2.81150683059371	3	1	0.76787052553392
chr6	110888893	110893664	1.21908545957818	4.65598193149143	5	2	0.992763347121141
chr6	123218812	123278415	-0.795898048863116	1.15196904583444	1	-1	0.908729787551381
chr6	137871517	137881396	2.04319045826915	8.24311977763721	8	2	0.998924976703385
chr7	35105973	35162006	-0.872147383297519	1.09266610846822	1	-1	0.929420091696628
chr7	50319018	50400774	7.38907969138054	335.246786111553	335	2	0.999999999974972
chr7	63124579	63248291	-2.03418494580168	0.488291664084339	0	2	0.668199708065151
chr7	63291459	74812826	0.518086117375487	2.86410844170676	3	1	0.816999849795109
chr7	74819482	92570002	0.450898296363254	2.73378217750555	3	1	0.664300840596685
chr7	92575837	92834147	1.52580161618841	5.75893331341335	6	2	0.996694469778433
chr7	92834348	97739991	0.399384028825734	2.63788931133064	3	1	0.48318112673581
chr7	97740192	103197405	0.491853239159789	2.81250027844396	3	1	0.768942354522312
chr7	103198524	103257786	-0.942348644934922	1.04077005245443	1	-1	0.937324499927771
chr7	103258368	142065587	0.467885584448376	2.76616187382914	3	1	0.712338527833648
chr7	142065627	142094610	-0.921744139125888	1.05574093589229	1	-1	0.935736404317897
chr7	142094659	159294947	0.463059701404431	2.75692439025032	3	1	0.699365226048001
chr8	64084	7247261	-0.861612363657686	1.10067430875967	1	-1	0.927511958445148
chr8	7372994	17217235	-0.946022372785529	1.03812317158486	1	-1	0.937554253787282
chr8	17972444	30921171	-0.879115937580621	1.08740100183398	1	-1	0.930558892523711
chr8	30921372	39283649	-0.826695092120945	1.12763870893495	1	-1	0.919261884743609
chr8	39284724	39668206	3.06831489997596	16.7758609099006	17	2	0.9999142808601
chr8	60781266	60816090	7.35888269413039	328.302674854928	328	2	0.999999999971505
chr9	4712984	36277168	0.441945120279367	2.71686921817799	3	1	0.636360123540326
chr9	36303843	37486196	6.68882530197649	206.332218283465	206	2	0.999999999536116
chr9	105521091	105523930	1.19390576716317	4.57542502898802	5	2	0.991179882250692
chr10	87864277	87964934	7.26925483801213	308.527406183686	309	2	0.999999999958205
chr10	94694802	95065033	0.458973888694771	2.74912763429431	3	1	0.68796230420272
chr11	1608345	1630553	1.18885208578829	4.55942560568625	5	2	0.990730470676475
chr11	32635622	32760218	-0.564988212253825	1.35192187905407	1	-1	0.519468055836796
chr12	12211	4548132	0.46938405960909	2.76903647873876	3	1	0.71625780149859
chr12	4548136	21373777	0.483602867346673	2.79646227349093	3	1	0.750902370841863
chr12	21452099	31113087	0.47114525661306	2.77241889606019	3	1	0.720798323378119
chr12	31114469	34679924	0.490936921862145	2.81071450644901	3	1	0.767011437556139
chr12	64566693	64622708	6.81891972969404	225.802825666775	226	2	0.999999999726503
chr12	111403225	111439011	7.05334753472243	265.643487634289	266	2	0.999999999896144
chr13	18171403	18222600	-1.50032083530102	0.706949547962168	1	-1	0.714180376817003
chr13	18227348	18667492	0.518616901245226	2.86516237355431	3	1	0.817836737645413
chr13	18680987	19131386	-0.58986000705912	1.32881475032647	1	-1	0.601667418086456
chr13	21391746	21510114	-0.908817742703995	1.06524276821693	1	-1	0.934458736525801
chr13	27089774	27116660	2.32938959669463	10.0518531640011	10	2	0.999447524357759
chr13	40976205	41017372	6.90496503688611	239.679886730542	240	2	0.999999999807843
chr13	48304140	48479697	6.56281332702777	189.074805817879	189	2	0.999999999230858
chr13	52280200	52577286	-0.583421465071404	1.33475831360888	1	-1	0.581112432114684
chr13	57141246	57173577	2.47708393307299	11.1354189519063	11	2	0.999612926982218
chr14	18228380	19484470	-1.42629120255307	0.744172404029545	1	-1	0.804857208598022
chr14	22493390	22873037	-0.960210325892292	1.02796395215715	1	-1	0.938300502984235
chr14	35654227	35760891	0.513106142160096	2.85423899617934	3	1	0.808899443224665
chr14	66012976	75394485	-0.694449701733597	1.23588996224518	1	-1	0.831172787659692
chr14	105902538	106874939	-0.817339018708028	1.13497536310328	1	-1	0.916439998847775
chr15	19810202	22947231	-1.40839424460207	0.753461528562711	1	-1	0.821432143038302
chr15	22947236	46741335	-0.891429261498539	1.07815958685438	1	-1	0.932352563736103
chr15	92832588	92915320	6.10479161470467	137.643399098824	138	2	0.99999999540653
chr15	92924286	97919859	-0.778887603632449	1.16563200575249	1	-1	0.901128145119489
chr15	101818140	101978886	0.78889246973495	3.45549518708753	3	1	0.878877733986271
chr16	11761	24341	0.836878910739586	3.57236355878212	4	1	0.81834275633119
chr16	1554744	4260577	-0.797107227861413	1.15100394013769	1	-1	0.909216188889549
chr16	5366805	8261014	-0.865626619980992	1.09761597185688	1	-1	0.928266683963854
chr16	18332449	18411910	0.463438629452007	2.75764859956171	3	1	0.700403292687192
chr16	31874990	31885301	0.862659525592633	3.63677463119555	4	1	0.766248870065574
chr16	31890130	36248209	-0.622457929901643	1.29912663755458	1	-1	0.695132525864301
chr16	46398210	70811438	-0.592994063315462	1.32593121648928	1	-1	0.611450997414122
chr16	71175514	90222476	-0.618642850990657	1.30256660891792	1	-1	0.685206433637705
chr17	4006818	4486729	1.00420268471838	4.01166930480489	4	2	0.762841050940295
chr17	6468225	7263493	1.13569009225077	4.39447278481775	4	2	0.980373990203552
chr17	7670087	7672818	3.77260680474296	27.3336611175245	27	2	0.99998803686385
chr17	10359889	10539934	0.433049327280592	2.70016829029801	3	1	0.606904470249854
chr17	12024637	12141397	7.30980923856065	317.323210109605	317	2	0.999999999964843
chr17	19030573	19272559	1.15341783264867	4.44880490425624	4	2	0.985383812144086
chr17	26981802	31094507	-0.809329050477948	1.1412943705499	1	-1	0.913775846801997
chr17	31095295	31373680	6.19878164958075	146.909272722557	147	2	0.999999996796011
chr17	36169062	38776760	1.01728515864528	4.04821288228796	4	2	0.807987947139814
chr17	38777603	39178135	0.497139933115798	2.82282547136387	3	1	0.779736085258788
chr17	39183567	46335606	-0.862893310502546	1.09969747061188	1	-1	0.927756603954759
chr17	46337327	46694009	0.609998134618378	3.05251447106616	3	1	0.903652846124841
chr17	46694480	47060143	-0.945688001173881	1.03836380396862	1	-1	0.937533979739071
chr17	47060344	49724541	0.470544240017458	2.77126416641232	3	1	0.719256844819415
chr17	49732511	53637637	0.968508638336174	3.91363344600294	4	2	0.615051257763559
chr17	53637638	56374766	-0.927245343623298	1.05172290879566	1	-1	0.936212111306548
chr17	56374967	57841388	0.691096939672257	3.22902125984228	3	1	0.919066617872412
chr17	58965650	59773938	-0.836487896706359	1.12001038029592	1	-1	0.92191340215519
chr17	59808753	64098613	1.01542316919459	4.04299149638235	4	2	0.801928691226648
chr17	66496574	67722640	0.836851715771405	3.57229621995103	4	1	0.818389338826033
chr17	67724078	68850888	0.491563344695773	2.81193519273471	3	1	0.768333410849869
chr17	68868135	71589023	-0.89856290860184	1.07284160497932	1	-1	0.933273763632116
chr17	71621055	75406253	0.862631350295172	3.63670360703344	4	1	0.766315084495629
chr17	75406454	77405224	-0.82190910191291	1.13138574441082	1	-1	0.917855573001447
chr17	77428913	81058110	0.967235672702704	3.91018176461591	4	2	0.609359076856418
chr17	83005118	83240389	1.16572440006673	4.48691669864138	4	2	0.987785760339679
chr18	20951246	29377250	0.41761529401128	2.67143570243558	3	1	0.552226361926499
chr18	29377251	41327020	-0.861147978123562	1.1010286591147	1	-1	0.927422370354542
chr18	41327021	46947043	0.477722767494791	2.78508771929825	3	1	0.737129507778521
chr18	46962822	47029808	-0.948397673636711	1.03641537751588	1	-1	0.937694641878793
chr18	47032850	50870151	0.474085731563828	2.77807535261892	3	1	0.728220902524369
chr18	50895670	51128732	2.28633914749877	9.75633399358555	10	2	0.999388112427392
chr18	66722459	80247394	-0.86577290743825	1.09750468062441	1	-1	0.928293531147139
chr19	1208034	1226795	4.63767514017484	49.7862393873645	50	2	0.999999176877053
chr19	4885131	4921971	5.25164404024791	76.1960360015344	76	2	0.999999896331872
chr19	13965799	20711802	0.983917423652254	3.95565724686459	4	2	0.682287399085605
chr19	27278209	33391442	2.68124397064873	12.8281744283452	13	2	0.999766522607384
chr19	37263428	40757659	1.77772413830088	6.85769688855649	7	2	0.998062035285697
chr19	40759352	41585900	-0.706098466905583	1.22595118350638	1	-1	0.8452237056305
chr19	42728971	54360208	-0.621777926372373	1.29973911552164	1	-1	0.693384007415999
chr19	54360907	54632179	-0.708760533989865	1.22369113888169	1	-1	0.848186973846086
chr19	54729546	54855942	-0.589541203420987	1.32910842138985	1	-1	0.600663796920038
chr19	54885115	55384241	-0.679856277784182	1.24845491459525	1	-1	0.81084888780083
chr20	1588394	1611704	3.68584883134726	25.7383708076433	26	2	0.999984596683019
chr20	17101469	20069854	0.477935949749907	2.78549929286916	3	1	0.737642387722471
chr20	30130650	64327990	0.494179884679013	2.81703967890873	3	1	0.773765005513449
chr21	5011785	6799937	0.692796577545531	3.23282760889288	3	1	0.918964247936056
chr21	6811378	10387002	-0.726803595647647	1.20848235150249	1	-1	0.866086401502378
chr21	38054522	44098538	0.75941170655318	3.3856004083024	3	1	0.899736236234362
chr21	44231317	46691137	0.616036644910736	3.06531777946869	3	1	0.906293975151518
chr22	10510202	12626751	-0.774730272542204	1.16899578455029	1	-1	0.899034908349516
chr22	15176952	18199821	-1.25099473226793	0.840316820487942	1	-1	0.907580687973575
chr22	19410599	20064650	1.14216192688465	4.41423038189025	4	2	0.982455355971906
chr22	22871510	23787288	-1.61594232025622	0.652503560775386	1	-1	0.493268007947054
chr22	23787345	23831850	3.83130702020544	28.4687455877609	28	2	0.999989933658642
chr22	23831852	23942860	-1.4352995531789	0.739540184668641	1	-1	0.795796254307375
chr22	23957664	24322931	-1.44747805760939	0.733323634557733	1	-1	0.782735015849264
chr22	24806361	25878048	-0.567463755469545	1.3496040840802	1	-1	0.527941615780564
chr22	25890499	27360532	0.707524254396791	3.26599878545512	3	1	0.91734607610315
chr22	27360533	28108460	-1.71849735303536	0.607730097297187	1	2	0.533422788987974
chr22	28108661	40886530	1.52781377398794	5.76697102543676	6	2	0.996708215768637
chr22	40888491	41162683	-0.776421016030259	1.16762660100203	1	-1	0.899898233449364
chr22	41162700	41695105	-0.81280201390836	1.13855026559344	1	-1	0.914960606336668
chr22	41699429	45335471	-0.818758699193961	1.13385904275123	1	-1	0.916887577811924
chr22	45336196	50799120	-1.45121754761478	0.731425308573615	1	-1	0.778530473938087
chrX	284105	2782139	-0.668608690132333	1.25822620095795	1	-1	0.792894589656959
chrX	3843308	3920281	1.70857421664851	6.53675314777756	7	2	0.997750600459817
chrX	20169267	20188597	-0.546972444109643	1.36890995941621	1	-1	0.456788976180133
chrX	44877054	45111334	7.0508445104351	265.18300526167	265	2	0.999999999895053
chrX	51030594	51163839	4.08617248560295	33.9696037784307	34	2	0.999995314414256
chrX	63986389	64189402	3.18679157145912	18.2116732045548	18	2	0.999937635972942
chrX	65838330	65957238	2.24473682468317	9.47901285559217	9	2	0.999325090814991
chrX	77523223	77717095	7.19016516689756	292.068946852777	292	2	0.999999999941545
chrX	135160357	135193143	2.32192088969956	9.99995005756861	10	2	0.999437618731293
chrX	142144575	143678193	0.406816992473877	2.65151515151515	3	1	0.511777084118303
chrX	154144167	154289775	1.36538362423856	5.1528965325993	5	2	0.995407390801756
