Chromosome	Start	End	Segment	CNF	CN	Call	ProbCall
chr1	72292731	72367730	2.02647221136119	8.14814814814814	8	2	0.99348168711649
chr1	121609147	121974146	-0.776832977280707	1.16729323308271	1	-1	0.870403852965358
chr1	143189147	143274146	-1.98796321979427	0.504189081128237	1	2	0.595385682505042
chr1	143274147	145297210	1.2427214863579	4.73289030985981	5	2	0.977405070326407
chr1	145350220	146098060	0.773299924277487	3.41834953607986	3	1	0.86396945760568
chr1	146109791	149513084	0.807354922057607	3.50000000000001	4	1	0.830894880232692
chr1	149554446	149828975	1.02289542790707	4.06398598794229	4	2	0.837244790276319
chr1	168769573	173658406	0.523030861058991	2.87394182965608	3	1	0.759470645808037
chr1	190286975	190470157	-0.722466024471087	1.21212121212122	1	-1	0.811368725563907
chr1	198319802	216112476	0.522144825165408	2.87217733074239	3	1	0.757818636585724
chr2	10202	13970152	0.512827407285076	2.8536875982207	3	1	0.739554505873102
chr2	34223020	34883019	-0.64172471314106	1.28189250425861	1	-1	0.642561493571853
chr2	95819274	95940034	-0.876444147978541	1.08941667285306	1	-1	0.917530442615424
chr2	97127083	97189176	-0.581895382550086	1.33617096770289	1	-1	0.45511970521452
chr2	97495198	97629909	-1.08924478185997	0.940014696819523	1	-1	0.928489011678025
chr2	185973414	186093413	-1.1077530178756	0.928032337334621	1	-1	0.926710338362963
chr3	5178161	5184814	8.5600747531482	754.864951517311	755	2	0.999999999610021
chr3	86622106	90669686	0.599462070416276	3.03030303030304	3	1	0.855750317483542
chr3	90669687	90719686	-5.95344753248062	0.0322748112259771	0	2	0.510328534131579
chr3	93709064	162829159	0.691935478268781	3.23089861154745	3	1	0.88977087496304
chr3	162829160	198233541	0.736965594166211	3.33333333333334	3	1	0.882883348347855
chr4	4104550	4157180	3.02347376974113	16.2624618760991	16	2	0.998925253941137
chr4	6817204	9224983	0.435256254551774	2.70430196724766	3	1	0.521252031688342
chr4	68502034	68669987	0.847802943790361	3.59951603145797	4	1	0.763000738764303
chr4	90208599	120868800	-0.695145418471578	1.23529411764706	1	-1	0.766639683436031
chr4	160043433	160598432	-0.798366138830348	1.15	1	-1	0.885595087555456
chr5	10202	19817453	-0.818629550937683	1.13396054893838	1	-1	0.896850084395586
chr5	26926155	42411576	-0.847996906554949	1.11111111111111	1	-1	0.909108092833291
chr5	50111303	112827226	-0.905836842536898	1.06744605096746	1	-1	0.923610758588673
chr5	112827227	112836688	5.01527268018289	64.6811166360472	65	2	0.999986794776092
chr5	112836944	171876447	-0.906890595608511	1.06666666666667	1	-1	0.923788323196511
chr6	12609799	31322275	0.46607871199894	2.76269962230503	3	1	0.621788305799183
chr6	31322276	31356634	-2.01142968915999	0.496054421566518	0	2	0.593653029624787
chr6	32490365	32666711	1.35007542445242	5.0985090536198	5	2	0.98107306680823
chr6	32666912	32711911	-4.97776020928048	0.0634709299475113	0	-2	0.563179647872153
chr6	32711912	32810175	2.47067402295685	11.0860539075529	11	2	0.996980423161892
chr6	32813105	58451655	0.465012936869107	2.76065946194176	3	1	0.618590097074832
chr6	61465146	64603514	0.51906756444339	2.86605752110556	3	1	0.751967893124738
chr7	50309370	50405974	7.20044208764827	294.156904101572	294	2	0.99999996842808
chr7	61380237	61525236	-6.04049596462845	0.0303850196557234	0	2	0.519970492899641
chr7	63126718	92805028	0.495085888431596	2.81880931837792	3	1	0.700087845740576
chr7	92805029	92839347	8.05805093053414	533.021874610178	533	2	0.999999997908793
chr7	92839348	103190780	0.470822561015567	2.77179884310451	3	1	0.635755200142127
chr7	103243327	159334947	0.485426827170247	2.80000000000001	3	1	0.675919846690333
chr8	64084	7252461	-0.89228016965266	1.07752387087604	1	-1	0.921089738046254
chr8	7393315	17227435	-0.935869662580282	1.04545454545455	1	-1	0.927759414006953
chr8	18062223	38543960	-0.904270699870025	1.06860546477083	1	-1	0.923342134873361
chr8	39365132	39668206	3.06348828723498	16.719830157075	17	2	0.999005875971353
chr8	45932108	45987107	-1.18491771591778	0.879699248120304	1	-1	0.914478680214193
chr8	60780950	60816090	7.32500408342784	320.683003952956	321	2	0.999999978456112
chr8	92268153	92861316	-0.608615358110336	1.3116516715679	1	-1	0.542873692892287
chr9	5044369	36823679	0.473931188332417	2.77777777777779	3	1	0.644666135384238
chr9	36823880	37477773	6.26169002434702	153.456933857921	153	2	0.999999507088377
chr9	42694078	42730776	-2.68366361594799	0.311291132163324	0	2	0.511163486465373
chr9	42730777	43221461	0.540569917784788	2.90909400717732	3	1	0.789292771693961
chr9	60521462	60686461	-3.16177086969386	0.22348178137652	0	-2	0.533093570653459
chr9	60741462	61442942	0.714790115853442	3.28248886204033	3	1	0.888265414661863
chr9	61444305	61732451	-0.603877882482973	1.31596591079231	1	-1	0.527606254577917
chr9	61787452	63436351	0.50568919919168	2.83960291353383	3	1	0.724429946323985
chr10	39446403	39636402	-1.86352176569018	0.549609266792326	1	2	0.58811728500287
chr10	78796180	79525081	0.504344040512873	2.83695652173913	3	1	0.721467122995833
chr10	87844144	87964934	7.24227346341375	302.810928553828	303	2	0.999999972218202
chr11	50470524	50820523	-0.582732676625801	1.33539572177918	1	-1	0.457905221730126
chr11	55598301	55727206	1.10666957772063	4.30695896351509	4	2	0.953707305284865
chr12	12211	34714924	0.489017316784264	2.8069771442477	3	1	0.685127184336568
chr12	64561653	64611410	6.81800488109732	225.659683901605	226	2	0.999999900518586
chr12	111403225	111439011	7.05449662680042	265.855154282227	266	2	0.999999950852591
chr13	18171403	18492492	0.53927850316571	2.90649112474427	3	1	0.787277395157237
chr13	40976205	41017372	6.90397122230822	239.514837752584	240	2	0.999999922880299
chr13	48304140	48479697	6.56496396684923	189.356871695136	189	2	0.999999791891572
chr13	52520389	52577286	0.48459217569143	2.79838056680162	3	1	0.673741567005722
chr13	57134747	57173577	2.46792631609811	11.0649598882309	11	2	0.996965508057634
chr14	18228380	20164916	-0.992428872656048	1.00526169994854	1	-1	0.931440009238128
chr14	22506493	22873037	-1.02745616566122	0.981148785425104	1	-1	0.931602954736245
chr14	65994870	72914354	-0.721182555538184	1.21320003480349	1	-1	0.809524480301725
chr14	105955354	106880139	-0.74604865762502	1.19246865338663	1	-1	0.841240765462585
chr15	19780202	47081335	-0.923705807735817	1.05430639399069	1	-1	0.926295914283768
chr15	92832588	92915320	6.10145689547068	137.325610511888	137	2	0.999999230245842
chr15	92915521	97808904	-0.832166366463261	1.12337035248672	1	-1	0.903025141378123
chr15	101854806	101978886	0.792576991331941	3.46433150950154	3	1	0.847448008037174
chr16	1554744	5366604	-0.731569482202761	1.2044967641327	1	-1	0.823778455774713
chr16	5366805	8251014	-0.961864871113229	1.02678571428571	1	-1	0.93003546790141
chr16	32350055	32643359	-1.29576015205324	0.814642986150707	1	-1	0.877821129515027
chr16	33642805	36258209	-0.834147392440582	1.1218288634173	1	-1	0.903849755250423
chr16	46383210	59079426	-0.584962500721154	1.33333333333334	1	-1	0.465321216450301
chr16	59079427	65443559	-0.722088215256853	1.21243868082972	1	-1	0.810828327588927
chr16	65443560	70811438	-0.615856508666939	1.30508474576271	1	-1	0.565817130575264
chr16	71042165	75661265	-0.627538415183977	1.29455977773018	1	-1	0.601600058832153
chr16	75661466	81017877	-0.698830465279434	1.23214285714286	1	-1	0.773371776133464
chr16	81020002	90227676	-0.59876325445218	1.32063953953443	1	-1	0.510937298182232
chr17	3984559	4513317	0.969416945926599	3.91609820960762	4	2	0.645650003094218
chr17	6571640	7268693	1.19756835637797	4.58705547870655	5	2	0.97472007973481
chr17	12024637	12141397	7.30969174587489	317.297368447279	317	2	0.999999977414811
chr17	19024616	19242559	1.21878566929264	4.65501452459078	5	2	0.976176198387808
chr17	21888115	21988114	-4.84088697016665	0.0697875275050188	0	-2	0.568406212743142
chr17	26936914	30215728	-0.898514579211995	1.07287754511024	1	-1	0.922305093885105
chr17	31095295	31373680	6.19413466709404	146.436832948948	146	2	0.999999404687506
chr17	36104607	38578771	1.0733165973382	4.2085305714278	4	2	0.927624918538706
chr17	38578972	39183335	0.557814911110052	2.94407599328562	3	1	0.813665379027573
chr17	39183567	46335606	-0.866694057682892	1.09680415556703	1	-1	0.914963762803963
chr17	46337327	46710095	0.559202068812999	2.9469080967785	3	1	0.815430305662502
chr17	46710964	47070343	-0.966222114393132	1.02368928317634	1	-1	0.930314514019068
chr17	47070344	49738070	0.448284369381496	2.72883349667181	3	1	0.565648356397687
chr17	49738071	51520674	1.02252209987084	4.06293448115935	4	2	0.836258968875102
chr17	51520675	53657637	0.705466550473054	3.26134383902765	3	1	0.889350418723194
chr17	53657638	56409966	-0.983640111871191	1.01140434970397	1	-1	0.931164196979598
chr17	56409967	58961002	0.459431618637298	2.75	3	1	0.601488645150742
chr17	58965650	59789138	-0.850578394579785	1.10912472087586	1	-1	0.909996552849493
chr17	59789139	64123813	1.0652058067502	4.18493671609489	4	2	0.918052227393056
chr17	68868135	69910996	-0.917274237568495	1.05901701018623	1	-1	0.925406779503623
chr17	69910997	70070996	0.813391338207894	3.51467511677404	4	1	0.823012310409932
chr17	70070997	71746585	-0.999999999999996	1	1	-1	0.931599581814363
chr17	71746586	75421453	0.845513167966591	3.59380758491007	4	1	0.76789223442478
chr17	75421454	77425424	-0.823449541334137	1.13017835059028	1	-1	0.899161149418663
chr17	77428913	81058110	0.961807339987703	3.895496827995	4	2	0.611992720974474
chr17	82971065	83245589	1.10264874832427	4.29497206615236	4	2	0.951462870207517
chr18	20915431	28352250	0.457621876610464	2.74655251439089	3	1	0.595819011915075
chr18	29392251	41332020	-0.906816447741828	1.06672148981921	1	-1	0.923775911635266
chr18	41332021	50895151	0.459431618637301	2.75000000000001	3	1	0.601488645150752
chr18	50895670	51088732	1.56721486339598	5.92664179271732	6	2	0.986377462614799
chr18	65891146	80262594	-0.867088988253398	1.09650395199238	1	-1	0.915073780496207
chr19	1208034	1226795	4.63645283241178	49.7440763983337	50	2	0.99996693769181
chr19	4885131	4921971	5.2536915473997	76.3042520032117	76	2	0.999992731916837
chr19	13938146	20741802	0.961000948207466	3.89332005550633	4	2	0.608378795955018
chr19	28238209	33396642	2.98978233233574	15.8870827709854	16	2	0.998852705449493
chr19	37268428	40757659	1.7726532027468	6.83363504996174	7	2	0.990130196437627
chr19	40759352	41579406	-0.707583168608174	1.22469018551693	1	-1	0.788465140780022
chr19	42680003	55355140	-0.637783918462438	1.2853988453465	1	-1	0.631484684992403
chr20	1578923	1611704	3.99760550261618	31.9469323998335	32	2	0.999857407846977
chr20	26288585	26383584	-1.07800251200127	0.947368421052634	1	-1	0.929374803024044
chr20	30090650	64333190	0.480302544306487	2.79007237110708	3	1	0.662321123263003
chr21	5011785	5163737	0.601272926451566	3.03410902374431	3	1	0.857122702286097
chr21	5218938	5908937	-0.785879161682987	1.15999681030633	1	-1	0.877239854788568
chr21	5908938	6579148	0.676026894840184	3.19546723540563	3	1	0.888574007147673
chr21	6634149	9822871	-0.759344379346358	1.18152947559925	1	-1	0.855054575451079
chr21	38054522	46696337	0.700138937353829	3.24932249322494	3	1	0.889676341758889
chr22	10510202	12901951	-0.850302546451548	1.10933680951605	1	-1	0.909902910806313
chr22	15156952	16277840	-1.20295665238365	0.868768288012023	1	-1	0.910305311372823
chr22	16307841	16337840	3.97440594137223	31.4373115441593	31	2	0.999849940999676
chr22	16337841	18191269	-1.24100809950379	0.846153846153849	1	-1	0.899460585908811
chr22	19425996	20074850	1.1640500271056	4.48171226259637	4	2	0.971007704169106
chr22	22871510	23787288	-1.56188593236338	0.677416046972681	1	-1	0.568139884337563
chr22	23787345	23831850	3.77569421110765	27.3922185256572	27	2	0.99976901630255
chr22	23831852	23948060	-1.39297380047372	0.761558199720268	1	-1	0.813537168649345
chr22	23948061	24322931	-1.47559174731155	0.719171748277513	1	-1	0.718981337690723
chr22	24797750	25883248	-0.689170488891449	1.24042070370848	1	-1	0.755236153630263
chr22	25883249	27350532	0.607808281728718	3.04788460349264	3	1	0.861798539555394
chr22	27350533	28108460	-1.66343713312079	0.631372297652892	1	2	0.427880568833075
chr22	28108661	40886530	1.50815715751793	5.68892932238686	6	2	0.985088748705797
chr22	40888491	41162683	-0.758690365320921	1.18206521739131	1	-1	0.854420903233261
chr22	41162700	50804320	-1.13940305666541	0.907894736842109	1	-1	0.9226922241804
chrX	10202	2782139	-0.81842652332272	1.13412014018914	1	-1	0.896749871688086
chrX	3823758	3952002	1.39111166003336	5.24561403508771	5	2	0.982207238614884
chrX	25570968	25656499	0.999999999999999	4	4	2	0.767073925679915
chrX	27608693	27912597	0.736965594166206	3.33333333333333	3	1	0.882883348347857
chrX	36945250	36991077	1.49325884727312	5.63048362787301	6	2	0.984747132144766
chrX	37369013	37546163	0.725690474102158	3.30738380836232	3	1	0.886132639084695
chrX	44877054	45136738	6.99352944891266	254.854399628375	255	2	0.99999994097112
chrX	55313065	55443064	-1.87446911791614	0.545454545454546	1	2	0.590521599670953
chrX	62465624	62685623	-0.621248274814756	1.30021637177438	1	-1	0.582539094599219
chrX	62930624	63075623	1.12363134916838	4.35789473684211	4	2	0.961248409215102
chrX	64096389	64189402	1.11710122060471	4.33821399715883	4	2	0.958677390524095
chrX	65795241	66130258	0.491773164198127	2.81234417850899	3	1	0.692014630806495
chrX	77290720	77717095	6.33146710330307	161.061415023829	161	2	0.999999594915101
chrX	81507514	81532513	1.52356195605701	5.74999999999999	6	2	0.985434847116501
chrX	81832514	82147513	0.584962500721155	3	3	1	0.843486442775642
chrX	82602947	82787946	0.950517528008776	3.86513157894737	4	2	0.560898133843962
chrX	86997445	87057444	0.792481250360582	3.46410161513776	3	1	0.847543478007703
chrX	90008072	90163101	0.736965594166209	3.33333333333334	3	1	0.882883348347856
chrX	94485472	94590471	-1.22239242133645	0.857142857142856	1	-1	0.905136653070346
chrX	94590472	94665471	1.73696559416621	6.66666666666668	7	2	0.989552792091933
chrX	97848494	97913939	1.16992500144232	4.50000000000002	5	2	0.971843767683837
chrX	121636349	121876348	0.627096959169964	3.08890812156314	3	1	0.873233166507906
chrX	127406800	127456799	1.52944684452679	5.77350269189628	6	2	0.985565179567045
chrX	135160357	135215179	1.5006014432627	5.65921301975494	6	2	0.984916353780339
chrX	138472499	138588780	0.527212412746334	2.88228383458647	3	1	0.767073316444023
chrX	142129068	142384216	0.638087136191225	3.11252869169146	3	1	0.87829461034939
chrX	142614217	142904216	1.22658631408281	4.68025233344977	5	2	0.976613373159615
chrX	143765986	143934770	0.792481250360579	3.46410161513776	3	1	0.847543478007706
chrX	144239771	145311012	0.524815383862302	2.87749891398764	3	1	0.762754097155346
chrX	147634849	147724848	-4.96249345262718	0.064146152606527	0	-2	0.563823792677269
chrX	155715513	155997841	-0.992677407122842	1.00508853746134	1	-1	0.931446379515499
chrX	156001522	156027976	0.565319283323506	2.95942989845283	3	1	0.822887448763422
