Chromosome	Start	End	Segment	CNF	CN	Call	ProbCall
chr1	16744779	16953540	0.852019217836547	3.61005099825785	4	1	0.80908976706899
chr1	25258956	25390915	-0.644984310654134	1.27899949035432	1	-1	0.754199722844909
chr1	72274924	72342730	4.51451485251209	45.7124377715795	46	2	0.999999995491649
chr1	77546375	77936055	0.459013462244064	2.74920304470815	3	1	0.801486609295747
chr1	103546863	103572258	-0.737326841885474	1.19969956021059	1	-1	0.829789676387207
chr1	109681709	109700399	-3.28709697529244	0.204887379295795	0	-2	0.572503899630813
chr1	121649147	121969146	-0.864296056493664	1.09862874404305	1	-1	0.875818783318558
chr1	143189147	143279146	-2.78207017868343	0.290765865982639	0	-2	0.540981021408506
chr1	143279147	144335335	0.453537258994431	2.73878735949777	3	1	0.785419362825141
chr1	146088484	146098060	0.767462132212391	3.40454530653159	3	1	0.904563236164465
chr1	146109791	146124906	1.75160359748429	6.73465292578634	7	2	0.999671196371665
chr1	148551343	148560894	-1.35391637366322	0.782457135831234	1	-1	0.747720658993941
chr1	149536490	149539720	-0.670775848654501	1.25633756298824	1	-1	0.781444306438125
chr1	158808424	158829277	6.56578335065228	189.464448153289	189	2	0.999999999999947
chr1	182858118	182881271	0.904893595169076	3.74481278384937	4	1	0.687639321215999
chr1	234609721	235480078	0.560714954474481	2.95	3	1	0.935068316878705
chr2	69642920	69895314	0.545666148870674	2.91938837340264	3	1	0.927993930480451
chr2	95819274	95982361	-0.796559503107478	1.15144100619836	1	-1	0.856713755954127
chr2	97144535	97191307	-0.95920601686531	1.02867980191942	1	-1	0.88771293036788
chr2	97504815	97576429	-0.932165664210917	1.04814211078241	1	-1	0.885837956912093
chr3	5178161	5184814	8.23359358815901	601.989113987939	602	2	1
chr3	75371602	75594964	0.817797976543379	3.5254269245165	4	1	0.858879631074329
chr3	156008016	156047434	7.66668398863235	406.379548540382	406	2	1
chr3	156924425	156952950	-0.809159932940904	1.14142816473423	1	-1	0.86108609204577
chr3	168772209	169143880	0.671689113901411	3.1858737877899	3	1	0.941603473773043
chr3	186669893	186725297	0.472641324005282	2.77529537148918	3	1	0.836103497813202
chr4	4104550	4157180	5.24239967140615	75.7093549572037	76	2	0.999999999892124
chr4	9229823	9379314	0.767462132212391	3.40454530653159	3	1	0.904563236164465
chr4	9383155	9483824	-0.908506870283184	1.06547233182527	1	-1	0.883245272382233
chr4	54723519	54727332	2.69316957847769	12.9346541875733	13	2	0.9999877191754
chr4	54727335	55580988	0.444813722665254	2.72227671644424	3	1	0.757120731774543
chr4	190066847	190175296	1.58795908785841	6.01247540725181	6	2	0.999449426411709
chr4	190175497	190196187	-0.685351571247256	1.24370853626377	1	-1	0.794309841406722
chr5	17491204	17675659	0.774238266469787	3.42057358541347	3	1	0.899855573469658
chr5	34178929	34203813	1.88982640070948	7.4118125791011	7	2	0.999789992833973
chr5	45896303	46426302	0.395790700451774	2.6313272815299	3	1	0.539544190402709
chr5	71011268	71127071	0.723873881977736	3.30322188490897	3	1	0.927190339797413
chr5	72893474	72905396	1.54950113260699	5.85431807771829	6	2	0.999379966770433
chr5	80331635	80360170	2.44853422069409	10.9172245086718	11	2	0.999969590574276
chr5	103005017	103011255	0.707148660346713	3.26514861961198	3	1	0.933063137715682
chr5	112827041	112836688	6.04916669985815	132.437392364805	132	2	0.999999999998824
chr5	171391180	171410525	1.07962153690496	4.2269631548927	4	2	0.898086883013583
chr5	178767282	178802648	0.816815465729926	3.5230268394059	4	1	0.860047410699303
chr5	180948273	181002863	-4.90818801520286	0.0666067401011795	0	2	0.588912550773078
chr6	29153074	29262987	0.764619516947584	3.39784376247659	3	1	0.906428698320188
chr6	29826895	29985606	1.96617952616325	7.81464060986551	8	2	0.999836889420303
chr6	31166186	31529986	0.769342886554254	3.40898650073823	3	1	0.903294072921818
chr6	31869475	31880461	0.706236463271805	3.26308476168374	3	1	0.93334660132119
chr6	31980662	32045432	-1.01154609326568	0.992028797884042	1	-1	0.888192855518031
chr6	32443676	32805175	6.02705548876643	130.423089387948	130	2	0.999999999998662
chr6	71362250	71381562	-1.87099584024313	0.546769305252965	1	2	0.599540900610331
chr6	105833154	105863230	6.31934106902135	159.713346739037	160	2	0.999999999999763
chr6	110888893	110893664	1.18980339923883	4.56243308346379	5	2	0.989524768724371
chr6	137871517	137881396	2.05386876156801	8.30435870282557	8	2	0.999878519772751
chr7	6823258	7079127	-0.609931386863092	1.31045572634338	1	-1	0.704139277499225
chr7	35117809	35162006	-0.887925987486794	1.08078084636583	1	-1	0.880225589815145
chr7	50319018	50400774	6.96570911515134	249.986974455732	250	2	0.999999999999996
chr7	56986176	57068104	1.182569713253	4.53961425741699	5	2	0.987774517330523
chr7	61110237	61210236	-1.61160735330296	0.654467132542482	1	2	0.468866195110074
chr7	92813890	92834147	7.59098628141083	385.60669270624	386	2	1
chr7	97734098	97780191	-0.721775323483942	1.21270166310847	1	-1	0.820590720585847
chr7	103197285	103243126	-1.05310925543544	0.963856812006789	1	-1	0.8856270044603
chr7	142065627	142094610	-4.06025185807661	0.119887083835115	0	-2	0.545691837741743
chr8	7254144	7295155	1.90908510217662	7.51141705143164	8	2	0.999802894510366
chr8	7731996	7985588	-0.530375662721561	1.38474884702413	1	-1	0.490288267782934
chr8	7990519	8033427	0.688317073027212	3.22280538897449	3	1	0.938209413214018
chr8	39355132	39552152	6.97901701471347	252.303605832137	252	2	0.999999999999996
chr8	41896346	43977107	0.421296489750533	2.67826086956523	3	1	0.664057202386098
chr8	60780950	60816090	7.43779977180365	346.761464701594	347	2	1
chr8	94739418	94765180	1.27020386982893	4.82391293840739	5	2	0.997571462176371
chr9	21968066	21974385	1.98827074882512	7.93522289981601	8	2	0.999848491906983
chr9	34837642	34905841	0.567054580004131	2.96299168975069	3	1	0.937367534840449
chr9	36840509	37034074	6.85524477539607	231.560405106058	232	2	0.999999999999991
chr9	42860442	42913869	-0.923939983781098	1.05413527448291	1	-1	0.885039774111655
chr9	105521091	105526500	1.27872041326627	4.85247376589768	5	2	0.997823793739204
chr10	37149806	37199805	-1.64311111298988	0.640330612003123	1	2	0.503569307780337
chr10	47483864	48053737	0.475425695149031	2.78065680536015	3	1	0.842290771033952
chr10	87864277	87964934	7.27033002748439	308.757426424928	309	2	0.999999999999999
chr11	55467143	55747406	0.431321165755699	2.69693577538234	3	1	0.706669101687087
chr11	56041635	56071505	6.21443986815154	148.512429329467	149	2	0.999999999999556
chr11	100859420	100921557	0.459945374037843	2.75097947168386	3	1	0.804093860925213
chr11	123995219	124093942	-0.702341182541526	1.22914815198209	1	-1	0.807492882902028
chr12	9463786	9593660	-2.17974241366626	0.441430306390131	0	2	0.548131185477413
chr12	21376220	21452357	-0.55242675744567	1.36374437182281	1	-1	0.567058641915363
chr12	43796896	43804501	1.21435862513741	4.6407520728165	5	2	0.993699890608652
chr12	56107061	56112840	0.602570117832163	3.03683835317833	3	1	0.944715336409494
chr12	63595950	63626621	-0.994339266609038	1.0039314292625	1	-1	0.888487531341045
chr12	64566693	64622708	6.65960876016195	202.195735588764	202	2	0.999999999999971
chr12	111403225	111439011	7.05309776936283	265.597502310712	266	2	0.999999999999998
chr12	112379648	112504889	0.727415240442828	3.31134020618558	3	1	0.925772213324705
chr13	18171403	18497492	0.611326565112729	3.05532651429649	3	1	0.945399859581888
chr13	19082754	19131386	1.36736766126333	5.15998782375595	5	2	0.998874706809026
chr13	27423514	27430685	-0.909264542553878	1.06491291568219	1	-1	0.883342585430521
chr13	40976205	41017372	7.02545549760535	260.557053058698	261	2	0.999999999999997
chr13	48304140	48479697	6.73239701958711	212.658840341385	213	2	0.999999999999981
chr13	48565971	48695970	1.35989594508639	5.13333333333336	5	2	0.998836676989856
chr13	52218390	52279999	0.913556014692111	3.76736552114422	4	1	0.661666233151184
chr13	52515389	52587486	0.619279126451771	3.07221488087179	3	1	0.945713768097075
chr13	75302095	75310247	1.64538847658688	6.25664165319937	6	2	0.999539676804807
chr14	18601061	19484470	-0.818229708926383	1.13427486893674	1	-1	0.863983805903225
chr14	35654227	35761049	0.734370210827908	3.32734211518649	3	1	0.922794266894402
chr14	35762618	35775846	-1.92581777750082	0.526382058900877	1	2	0.59466994029854
chr14	104944067	104952904	-0.533738181735432	1.38152514263289	1	-1	0.502836011498221
chr14	106714971	106754218	2.14703777732238	8.8583486308621	9	2	0.999911636565912
chr15	19780202	22573064	-0.845706605202507	1.11287641855062	1	-1	0.871590022811944
chr15	30710060	30795542	-0.782392514406029	1.16280363422733	1	-1	0.851283249799603
chr15	34381719	34697022	-0.622625821388113	1.29897546242376	1	-1	0.724417449904018
chr15	92832588	92915320	6.54520060455649	186.780573812567	187	2	0.99999999999994
chr16	18332449	18391232	0.683975985926548	3.21312250323579	3	1	0.939195301288381
chr16	21457801	21479609	-0.818096299277267	1.13437976304451	1	-1	0.863942639067829
chr16	21890042	21910041	-0.636403824125125	1.28662905712804	1	-1	0.743558788462993
chr16	35090462	35508209	0.504089917417935	2.83645685087297	3	1	0.891221045622428
chr16	74360587	74431481	0.693684349986146	3.23481756407964	3	1	0.93688949303429
chr17	7670087	7674149	2.05686143987649	8.32160286576092	8	2	0.999879745429251
chr17	12024637	12141397	7.15055263200662	284.158612471995	284	2	0.999999999999999
chr17	18900186	19242559	0.551721706521343	2.93166794595107	3	1	0.931138424639778
chr17	31094279	31373680	6.48097151156507	178.647450079072	179	2	0.999999999999911
chr17	37925964	38195978	-0.951936184890766	1.03387646696626	1	-1	0.887319915533716
chr17	39501238	39873154	0.459833888443586	2.75076689541324	3	1	0.803783871403768
chr17	42217125	42569509	0.584875173619192	2.99981841389227	3	1	0.942087202840057
chr17	46334772	46704895	0.961088421257147	3.89355612126769	4	2	0.506831893283377
chr17	67719737	67724269	-1.47887643841768	0.717536219038814	1	-1	0.571484113519643
chr17	74148692	78567253	0.426354755255254	2.68766766123434	3	1	0.686083802755435
chr17	82559192	82631118	1.11394515273978	4.32873400852514	4	2	0.947509012329601
chr18	51047824	51078532	4.54875061553663	46.8101867478141	47	2	0.999999996189804
chr19	1208034	1226795	4.70266340229853	52.0802115017517	52	2	0.999999998227556
chr19	4885131	4921971	5.81153146999834	112.324705570554	112	2	0.999999999995359
chr19	27248209	27518208	0.941519273629915	3.8410993339831	4	1	0.566440341429986
chr19	54747401	54805005	-1.74187204739367	0.597962929361592	1	2	0.577428591389161
chr19	54805932	54817564	0.391076704839545	2.62274347007583	3	1	0.514826499957556
chr19	54818359	54855942	-2.21539327343043	0.430655668682022	0	2	0.54138849339921
chr20	6200249	6214618	2.62051523138545	12.2993931628688	12	2	0.999983862030368
chr22	10510202	10848070	-0.709021332850396	1.22346994978641	1	-1	0.812214298298572
chr22	11319687	11972641	-0.904195129412358	1.06866144134025	1	-1	0.882673052665663
chr22	15623925	16015285	-0.629261113704797	1.29301488764857	1	-1	0.733975565185627
chr22	16015286	16398156	0.627092869861648	3.08889936608855	3	1	0.945759156474458
chr22	23786710	23831850	5.42686761976301	86.0359446923388	86	2	0.999999999960228
chr22	41160639	41173780	0.860036420574192	3.63016826305015	4	1	0.794499529992738
chrX	2789563	58550623	0.990980542110099	3.97507076042776	4	2	0.626486656584448
chrX	62470624	124364504	1.00347327767302	4.0096415718551	4	2	0.67536611750693
chrX	124365706	155685512	0.991054303520126	3.97527400110686	4	2	0.626779895725607
