Chromosome	Start	End	Segment	CNF	CN	Call	ProbCall
chr1	12580407	13421249	2.31757291855229	9.96985773731832	10	2	0.890793236316867
chr1	13421450	15428108	-0.959915267178381	1.0281742119359	1	-1	0.886347721381326
chr1	145233403	149584411	1.00343150475893	4.00952547525581	4	2	0.648840423316739
chr1	223220953	225399328	-1.87257675253957	0.546170480925796	1	-2	0.577168580703084
chr2	84448875	85049305	-6.9371085174275	0.0163212060911425	0	-2	0.999998142471866
chr2	169827780	170936816	-0.730146580865058	1.20568532129075	1	-1	0.769844460529588
chr4	68333218	69495922	1.34150634419395	5.06831553479727	5	2	0.89889583841835
chr4	190021868	190196187	4.41755376297361	42.7411482873305	43	2	0.629328827046353
chr5	140693535	141423759	0.85475132675167	3.61689402275731	4	1	0.646981534441649
chr6	29086587	30931788	0.58574609512351	3.00162988134398	3	1	0.796764035482513
chr6	30931962	31129770	-3.36043615973687	0.194732263993854	0	-2	0.952231412906455
chr6	31137781	32254175	0.556878975599879	2.9421666697001	3	1	0.76278580060221
chr6	32255707	32401872	-0.960962937263052	1.02742783359072	1	-1	0.88649088814481
chr6	32402796	32746456	3.63892039372633	24.9146153158698	25	2	0.790636007915776
chr7	99060460	99610631	-1.01062478945335	0.992662508943314	1	-1	0.890863157052035
chr7	99619501	100960936	0.525965774885219	2.87979431873797	3	1	0.706406195124152
chr8	90645803	93727246	-0.587925853696168	1.33059742444855	1	-1	0.429168245866676
chr9	36841018	37477773	1.33967343320807	5.06188044474835	5	2	0.898843763072011
chr10	133666043	133778707	1.85782018046417	7.24919190036821	7	2	0.899685403630591
chr11	54525524	57338696	0.776342988596755	3.42556744119692	3	1	0.761869107686305
chr12	40393230	40570667	-9.62472055276634	0.00253338041853365	0	-2	0.999999999975255
chr14	35595482	35775846	1.55133265536129	5.86175494096195	6	2	0.900902902090131
chr15	19780202	25051676	-0.843175151697547	1.11483086346114	1	-1	0.854008797768321
chr15	42465923	42745168	-3.82624417813776	0.140998900902772	0	-2	0.982277492525807
chr16	14838392	18858203	0.506545553510931	2.84128894419133	3	1	0.659104487283547
chr17	62040	1270975	-0.609848568248263	1.31053095585492	1	-1	0.508708019505353
chr21	44533571	44697909	1.97891051126841	7.8839056506521	8	2	0.898203103427233
chrX	3932003	36205183	1.06489840866425	4.18404511776176	4	2	0.770618006729532
chrX	36228625	36385049	-8.76267628660711	0.00460470265376092	0	-2	0.999999998736026
chrX	36385250	58540623	0.868238759903141	3.65086610701808	4	1	0.620165451530448
chrX	62470624	71648899	0.776536923738052	3.42602795609502	3	1	0.761664913971996
chrX	71663137	72480406	-0.893790071599822	1.076396741255	1	-1	0.872465785819078
chrX	72488909	156027976	1.11909588967032	4.34421615686441	4	2	0.837984380461157
