Chromosome	Start	End	Segment	CNF	CN	Call	ProbCall
chr1	152514501	153428401	1.58955011545489	6.01910972063239	6	2	0.986896954894479
chr1	228106678	228643927	0.66006465362565	3.1603068717839	3	1	0.831967677273904
chr2	88931665	92135200	2.00243036916142	8.01348818618888	8	2	0.991094036778048
chr5	17491324	17635053	2.95063454605371	15.4617803811914	15	2	0.995994222486626
chr7	142389201	142544685	3.16613714529568	17.9528022344151	18	2	0.996600514428588
chr7	142554835	142789040	-5.49922393257966	0.0442179535447567	0	-2	0.997963587739099
chr14	20781050	22503814	1.17561178685332	4.51777301236677	5	2	0.98025386459677
chr14	103187220	106879812	1.04986402168657	4.14066940652317	4	2	0.976001251562604
chr15	20012740	22258848	0.515528610882974	2.85903565295664	3	1	0.746111671916455
chr17	40993429	41397592	4.10784954769815	34.4838642837844	34	2	0.998207540311031
chr19	51394487	53761222	-1.85823377864113	0.551627475403996	1	2	0.432041036338515
chr21	30165563	31038476	1.22130841620357	4.66316156651342	5	2	0.981156659167425
chr22	17116298	22923034	0.617895616070439	3.06927011175839	3	1	0.847007013373842
