Chromosome	Start	End	Segment	CNF	CN	Call	ProbCall
chr1	20191630	39317488	0.613629431563729	3.06020739850567	3	1	0.931641859034465
chr1	39465038	55144321	0.588440708496992	3.0072414554805	3	1	0.922890597423273
chr1	65190791	65228136	1.17894747104452	4.52823073121353	5	2	0.990082209631854
chr1	120502022	120802568	0.744650433180362	3.351136455721	3	1	0.919894174981024
chr1	143209147	145328315	0.395229686769045	2.63030424923223	3	1	0.524881055207258
chr1	145328911	145342588	-0.600272208057336	1.31925896917967	1	-1	0.81607665570704
chr1	145343174	145393227	1.11867097831965	4.34293686020411	4	2	0.963805042353758
chr1	146067370	146091424	-0.554129605680736	1.36213566058041	1	-1	0.732051345872246
chr1	158676063	159016830	0.69409518802493	3.23573887822619	3	1	0.934939977802831
chr1	159018198	184831968	0.552675914560639	2.93360761189825	3	1	0.901062450346196
chr1	238210870	248937047	0.77936756735633	3.43275660212217	3	1	0.899446072317821
chr2	12980996	63947500	0.504057952459384	2.83639400583734	3	1	0.84450013432234
chr2	63948970	69844265	0.550266993267861	2.9287133459241	3	1	0.899093192152155
chr2	69847422	88785013	0.53885593874522	2.90563994008359	3	1	0.888734869112251
chr2	94155094	95799073	0.594770617385463	3.02046489137372	3	1	0.925529737934264
chr2	95950686	97142923	0.538147505508905	2.90421348020757	3	1	0.888032536800407
chr2	97513141	97576429	-0.615897098629791	1.30504802795704	1	-1	0.83644527785561
chr2	97578868	108730934	0.486807593477345	2.80268109076063	3	1	0.813785392224852
chr2	108731235	135622776	0.48494795347289	2.79907075036257	3	1	0.810066617058209
chr2	135631705	171050257	0.69477609755893	3.23726641204624	3	1	0.93483015912522
chr2	171050282	171055336	-1.20808237466545	0.865687135306056	1	-1	0.9253257986916
chr2	171056360	174380328	0.802529469187998	3.48831293436623	3	1	0.879328098814501
chr2	174380664	198101336	0.672126932636437	3.18684076061568	3	1	0.937263517843237
chr2	198103789	205776674	0.477336707354041	2.78434253928593	3	1	0.793962965440809
chr2	205792026	206410676	-0.570035900319734	1.34720005244575	1	-1	0.765387070691476
chr2	206419482	222941790	-0.672963544099888	1.25443390279261	1	-1	0.885721839908054
chr2	222941991	229672023	-0.807416376118711	1.14280846194061	1	-1	0.926547820147226
chr2	229672024	242175633	-0.639064228070746	1.2842586331566	1	-1	0.860585306605758
chr3	5178161	5184814	8.62539492696157	789.828122551384	790	2	1
chr3	93714064	93906186	0.922217281602883	3.79005105191787	4	1	0.621966638094292
chr3	98149921	98660477	0.602202271756059	3.03606414474238	3	1	0.928237144912291
chr3	155925197	156121046	1.23603748970626	4.71101357664259	5	2	0.996301730556788
chr3	165231043	198228341	1.2948078539985	4.90688633958285	5	2	0.997856475566955
chr4	10202	9359889	0.540549984571216	2.90905381351899	3	1	0.890385198737281
chr4	9483928	41789019	0.446951946956227	2.72631440543102	3	1	0.714517186465628
chr4	68476142	68668276	0.800519373040484	3.48345607849237	3	1	0.881323605396483
chr4	94826411	153066050	-0.739982572600121	1.19749316995338	1	-1	0.91336428282451
chr4	153066251	171814715	-0.734310129017301	1.20221078781226	1	-1	0.911763914413414
chr4	190066847	190196187	0.913025355468587	3.765980044952	4	1	0.65388596309269
chr5	8260249	21884137	0.508008253872931	2.8441710930539	3	1	0.850632997102729
chr5	80331635	80360170	2.69938123849456	12.9904656296517	13	2	0.999968749779611
chr5	112827227	112864464	4.26571256270787	38.471350309766	38	2	0.99999990468735
chr5	171391180	171410525	1.00660307261831	4.0183495647135	4	2	0.718163476686429
chr6	105929	8090485	0.912432923246964	3.76443389012781	4	1	0.655869979787368
chr6	8095458	31983423	1.02434807910071	4.06808008064671	4	2	0.78202525259308
chr6	32339520	32370597	-0.754438587265093	1.18555402964467	1	-1	0.91701955804328
chr6	32371626	32763575	4.22995339924146	37.5295061083444	38	2	0.999999889648593
chr6	33080778	33086681	-1.71665683184772	0.60850590499193	1	-1	0.634599097832476
chr6	33092941	33176577	0.813068774495514	3.51388937904612	4	1	0.867988409529928
chr6	110888893	110893664	1.1518824749964	4.4440728762547	4	2	0.982420796068104
chr6	137871517	137881396	1.61420818615268	6.12287056808319	6	2	0.999183771118364
chr7	13744	6792021	-0.534586951253383	1.38071259976589	1	-1	0.684528694115862
chr7	6823258	39854839	-0.723028205135432	1.21164897208555	1	-1	0.908261733818023
chr7	39855040	50279369	-0.663787326005151	1.26243811992839	1	-1	0.879907216962594
chr7	50319018	50400774	6.31736872947593	159.495148359541	159	2	0.999999999993019
chr7	50400975	53787335	-0.793036998064995	1.15425581612632	1	-1	0.924442421803097
chr7	53787536	58110236	-0.545671188180309	1.37014522101053	1	-1	0.712364426592049
chr7	92813890	92834147	7.34466285442163	325.082673592657	325	2	0.999999999999974
chr7	103175442	103324566	-0.516653444061371	1.39798274692796	1	-1	0.63487711130181
chr7	143408756	143722727	0.394561066259881	2.62908551079596	3	1	0.522094531372249
chr8	64084	7541818	-1.52716789264848	0.693915600855407	1	-1	0.822483441590503
chr8	7546985	7567454	0.915009607624044	3.77116325764169	4	1	0.647175289944813
chr8	7569936	15358019	-1.45702334457306	0.728487769029135	1	-1	0.86075871439626
chr8	35549179	43957107	1.22599928231105	4.678348328897	5	2	0.995738534244605
chr8	45957108	60618676	0.550524308696948	2.92923575039579	3	1	0.899306999956396
chr8	60620629	60816578	7.42536504049187	343.78553665767	344	2	0.999999999999984
chr8	60819991	123777270	0.527392546565361	2.88264373684893	3	1	0.876443041611317
chr8	123777275	123780154	-1.37006103153652	0.773749763494595	1	-1	0.893093714100983
chr8	123780368	145054157	0.575463638914922	2.98031255542635	3	1	0.916426792732633
chr9	12193	35562	0.969618855739943	3.91664631850736	4	2	0.565752983666452
chr9	35763	21967405	-0.679304471371425	1.24893251878221	1	-1	0.889376843482342
chr9	21968066	21974385	1.45325405223662	5.47649955488877	5	2	0.998742672134877
chr9	21974406	34837847	-0.677595474020259	1.25041286425326	1	-1	0.888419288456226
chr9	34917800	36277168	-0.648896912463296	1.27553553160379	1	-1	0.868971375180956
chr9	36840509	37034074	6.80904923105683	224.26322136736	224	2	0.999999999999485
chr10	47062	20520033	0.832990911185059	3.56274915744088	4	1	0.842026941640316
chr10	48083687	48180982	-1.32196143437418	0.799981512876581	1	-1	0.905720847661982
chr10	87864277	87964934	7.17220931053532	288.456369577187	288	2	0.999999999999931
chr10	94720342	95065033	0.42261668386871	2.68071283788626	3	1	0.632863354492639
chr10	133679261	133778707	0.852729921609428	3.61182982805254	4	1	0.809370469743174
chr11	65627369	83278910	0.788270118140103	3.45400487271296	3	1	0.892425842774278
chr11	83280145	95090185	1.04829098540312	4.13615710601711	4	2	0.853079991787291
chr11	95128249	95193591	-0.729577481125227	1.20616102165346	1	-1	0.910348911696544
chr11	95224387	106907094	1.0480654534022	4.13551056405783	4	2	0.852497869726501
chr11	106936579	113365045	0.480916755789877	2.79126046650234	3	1	0.801716676077326
chr11	113366175	123995018	-0.646636984370822	1.27753517632134	1	-1	0.867131436024691
chr11	124015527	124093942	-0.977009253524287	1.01606362588556	1	-1	0.937183278902965
chr11	124117425	135066987	-0.706754180477057	1.22539410792813	1	-1	0.902341318493592
chr12	12211	18243	-1.93961459064227	0.521372143992919	1	2	0.488698282310269
chr12	9480523	9595430	-3.39927145888478	0.189560271973077	0	2	0.500032636929266
chr12	21373304	21449830	-0.606821231061232	1.31328384852781	1	-1	0.825055117260972
chr12	21451974	21471614	0.822961712747909	3.53806784435615	4	1	0.855890576364508
chr12	40443070	40525231	-0.625935705949183	1.29599872064048	1	-1	0.847722955658546
chr12	43796896	43804659	1.29887981309358	4.92075542749689	5	2	0.997906402480453
chr12	43805443	55116114	-0.578587547305284	1.33923807759323	1	-1	0.781353252680047
chr12	55129724	56107328	-0.553821561693052	1.36242653459616	1	-1	0.731358284213863
chr12	56107582	64541652	-0.581703920415204	1.33634830464179	1	-1	0.786841745203154
chr12	64566693	64611410	6.33384095512357	161.326648249337	161	2	0.99999999999359
chr12	64622587	65685222	-0.730872362823615	1.20507892523684	1	-1	0.910743570444433
chr12	65685223	86948435	-0.742041367322527	1.19578550875779	1	-1	0.913920724345726
chr12	111403225	111439011	6.79668442527399	222.349357440023	222	2	0.99999999999945
chr13	18413801	19131386	-0.586699013011573	1.33172942067779	1	-1	0.795280911253848
chr13	19131587	35123576	-0.703752288083898	1.22794650523269	1	-1	0.901121055009261
chr13	35142238	40959055	-0.737808354566083	1.1992992163097	1	-1	0.912762750201163
chr13	40976205	41017372	6.39409180381	168.206751527654	168	2	0.999999999995314
chr13	41017573	42369504	-0.743260559473941	1.19477540168615	1	-1	0.914244350770727
chr13	42369705	48304121	-0.701812950212079	1.22959827806658	1	-1	0.900309430623473
chr13	48304140	48479697	6.61101076102309	195.498097948529	195	2	0.999999999998507
chr13	52532562	52657490	3.07101276306284	16.8072613919948	17	2	0.999991123892109
chr13	57141246	57173577	2.01114403488291	8.06203493549512	8	2	0.999734206270887
chr13	75302095	75310247	1.75213296352633	6.73712451583877	7	2	0.999442081212467
chr13	90231387	114346545	0.500976649408485	2.83034251006634	3	1	0.839493051667461
chr14	18228380	19659708	-1.58934397344806	0.664645067712471	1	-1	0.776225952233811
chr14	19678646	35605799	-0.61364557663506	1.30708632315607	1	-1	0.833729383236454
chr14	35625252	35760891	0.454040500621222	2.73974287135569	3	1	0.735299487112842
chr14	35760919	100829278	-0.689659571831233	1.24000026434571	1	-1	0.894774033346011
chr14	100834697	104719605	-0.641175634194795	1.28238047581494	1	-1	0.86247116377983
chr14	104724318	105914331	-0.632312098128142	1.29028333334489	1	-1	0.85422238052347
chr14	105916640	106874939	-1.16086532542313	0.894488397754096	1	-1	0.930283773339073
chr15	19810202	22242229	-0.978844325327691	1.01477204011728	1	-1	0.937200464457028
chr15	22278976	41464926	-0.709451948639396	1.2231048228232	1	-1	0.903401830486588
chr15	41466089	45068209	-0.631504281260536	1.29100601172096	1	-1	0.853426040448767
chr15	64171796	82547278	0.822059442330786	3.53585580658853	4	1	0.857056419562464
chr15	92832588	92915320	6.8989132304868	238.676585121235	239	2	0.999999999999685
chr16	26536472	29560318	0.587691992795509	3.00568119174868	3	1	0.922557128188399
chr16	29561484	31995023	0.387281950555562	2.61585387189993	3	1	0.49147955752976
chr16	46408210	66828104	-0.676706934702684	1.25118321638628	1	-1	0.887913536900177
chr16	67036572	70818610	-0.562310718107377	1.35443323720556	1	-1	0.749795739121069
chr16	70991293	90222476	-0.64042620067628	1.28304680414324	1	-1	0.861807285040062
chr17	1786615	3154905	-0.548426248966601	1.36753120264406	1	-1	0.718926171144407
chr17	3155106	3829439	-0.626809030191985	1.29521443528075	1	-1	0.848642515510672
chr17	7670087	7674149	2.46048319795187	11.008020814435	11	2	0.999932433506428
chr17	10539939	12024635	-0.658630610139588	1.26695860623059	1	-1	0.876342487567171
chr17	12024637	12141397	6.75184615810402	215.545130226785	216	2	0.999999999999299
chr17	12141598	18699298	-0.569631918405411	1.34757734677839	1	-1	0.764599470932265
chr17	19030573	19222359	0.847962543433282	3.59991425369795	4	1	0.817962715536198
chr17	31047598	31373680	6.37359619200982	165.834020406902	166	2	0.999999999994786
chr17	37925964	38195978	-1.19650536829374	0.872661848846737	1	-1	0.926686849389237
chr17	44804655	44960438	0.627334831798362	3.0894174650146	3	1	0.934627338516435
chr17	46193596	46555632	-0.796972551603373	1.15111139191006	1	-1	0.925048575263198
chr18	47395	15410430	-0.683975825011471	1.24489509569683	1	-1	0.89189529003899
chr18	29697251	51047660	-0.71386982517029	1.2193651128124	1	-1	0.905067906801618
chr18	51047824	51078532	4.45220783959935	43.7802364017109	44	2	0.999999956083945
chr18	51078733	57838967	-0.69887435797041	1.23210537088177	1	-1	0.899043544503355
chr18	57839168	80247394	-0.741913932370001	1.19589113856561	1	-1	0.913886646759124
chr19	60571	205252	0.780905438402467	3.43641777204415	3	1	0.898292030625064
chr19	242894	1208030	-0.565068295982548	1.35184683620921	1	-1	0.755490169574418
chr19	1208034	1226795	4.1585868462481	35.7181844750591	36	2	0.999999852464241
chr19	1229154	4861606	-0.509581219221208	1.40485261255985	1	-1	0.6138852645331
chr19	4885131	4921971	5.24269254711462	75.7247259685152	76	2	0.999999998654724
chr19	4929146	6990903	-0.538356201002458	1.37710999633245	1	-1	0.694249593816043
chr19	27248209	34685581	-0.567471711507533	1.34959664143193	1	-1	0.760336240662664
chr19	48345195	52799899	-0.462520892544793	1.45143413744637	1	-1	0.461687558965317
chr19	53203728	54663984	-0.506748972399965	1.40761327742412	1	-1	0.605281045201269
chr19	54664181	54739706	0.779825616231267	3.43384665919692	3	1	0.899104829731391
chr19	54747401	54783606	-2.82975206555373	0.281312962074919	0	2	0.536998704561725
chr19	54786383	54817564	0.49997637640734	2.82838081068721	3	1	0.837824489534454
chr19	54818359	58599432	-0.488725361013909	1.42530891759717	1	-1	0.548339142298355
chr20	87618	3123575	-0.65118478806048	1.27351434638295	1	-1	0.870783286921922
chr20	6200249	6215226	2.89225553774111	14.8486054538015	15	2	0.999983591888748
chr20	30120650	64327990	0.579673220032741	2.98902138747728	3	1	0.918687345249041
chr21	5011785	5154746	0.476961600490596	2.78361869245675	3	1	0.79313182782943
chr21	8139957	9591659	-1.00682983446358	0.995277107594899	1	-1	0.937252147985282
chr21	13406463	13426290	-0.955792249435782	1.03111679069359	1	-1	0.936858811743428
chr22	10530202	12626751	-0.645110548149097	1.27888758130668	1	-1	0.865859801209311
chr22	15186952	16005285	-1.21316085030257	0.862645160341142	1	-1	0.924697056148476
chr22	16005286	18384118	-0.574907333883088	1.34265874067019	1	-1	0.774646382832184
chr22	18489092	23783559	-0.639263834412171	1.28408095982497	1	-1	0.860765654262244
chr22	23786710	23831850	4.97211557164212	62.7748848342352	63	2	0.99999999539852
chr22	23831852	23942860	-0.5214612172877	1.39333173121976	1	-1	0.648714507059865
chr22	23957664	35635112	-0.635048086662572	1.28783870366929	1	-1	0.856862996034453
chr22	35656331	41162683	-0.5767820758267	1.34091512624145	1	-1	0.778093658554809
chr22	41162700	41695105	-0.529809295168375	1.38529257300802	1	-1	0.671838711567572
chr22	41699429	50799120	-0.600968452777725	1.31862244832036	1	-1	0.817062677880626
chrX	44877054	45111334	7.22979523031994	300.203134489398	300	2	0.99999999999995
chrX	49336818	49592097	-0.688402693910918	1.24108102500734	1	-1	0.894154298293544
chrX	51030594	51163839	2.14070604432872	8.81955609682543	9	2	0.999818975467871
chrX	63946389	64189402	1.11751747521221	4.33946586401121	4	2	0.962893763599093
chrX	65838330	65957238	2.57102696175503	11.884645468986	12	2	0.999952534024378
chrX	77523223	77717095	7.36817015428279	330.422965990296	330	2	0.999999999999977
chrX	135160357	135193143	2.69279992156758	12.9313404090837	13	2	0.999968066119862
chrX	150066467	150232221	1.30470620613764	4.94066831656431	5	2	0.99797142160596
chrX	154144167	154292147	1.5503334843778	5.85769665588504	6	2	0.999029780156976
