Chromosome	Start	End	Segment	CNF	CN	Call	ProbCall
chr1	35924945	36841972	0.587607419879462	3.00550499943827	3	1	0.947458053280584
chr1	51705107	63189673	0.614750811746702	3.06258696581694	3	1	0.954761968078499
chr1	65565509	68488915	-0.61920904568577	1.30205550880143	1	-1	0.874105236884534
chr1	68488920	72302730	-0.668828366541421	1.2580346278512	1	-1	0.907733503167196
chr1	72302731	72347730	8.51086562279859	729.551302552368	730	2	0.999999999257138
chr1	72347731	83584307	-0.723820121469599	1.21098406281176	1	-1	0.927014601139332
chr1	83584308	93385831	-0.627892023706145	1.2942425164508	1	-1	0.881623184405062
chr1	93385832	107980090	-0.711073394718155	1.22173094655627	1	-1	0.923627847714398
chr1	107980091	109294298	-0.663172219600885	1.26297648688416	1	-1	0.904887801202079
chr1	120191855	121614146	0.368624561858346	2.58224262611831	3	1	0.501197949161912
chr1	121614147	121974146	-1.52007535602623	0.697335408431068	1	-1	0.852258705372281
chr1	143189147	143274146	-1.35074608719023	0.784178456514788	1	-1	0.913717432418143
chr1	143274147	145298163	0.58115667533385	2.9920964379597	3	1	0.945103123613323
chr1	145298753	145310878	-1.3078439419129	0.807848158806856	1	-1	0.922578620842072
chr1	152580092	152614198	-6.03627966947224	0.030473950160695	0	2	0.51373901746687
chr1	155853984	156282737	0.594899990679386	3.02073576290416	3	1	0.94981222448624
chr2	86213441	92135093	-0.560466625102335	1.35616561846666	1	-1	0.796237286454859
chr2	95819274	95956895	-0.635693416217757	1.28726277146786	1	-1	0.887707161864627
chr3	5178161	5184814	8.30230914579808	631.355665269281	631	2	0.999999998480844
chr3	49001400	49504535	-0.774802224017946	1.16893748472111	1	-1	0.936535233400469
chr3	75371602	75594964	1.14929756109038	4.43611744539125	4	2	0.919367568893053
chr3	90549687	90604686	-4.92988729603006	0.0656124181971506	0	-2	0.601887485427599
chr3	90604687	90719686	0.591915261362929	3.0144927536232	3	1	0.948886568223166
chr3	98055234	107830766	0.664009696288903	3.1689605420705	3	1	0.959818203880635
chr3	107830767	122692626	0.98137696904368	3.94869782387175	4	1	0.552285015028813
chr3	122695436	124395241	0.636966763018104	3.11011249155917	3	1	0.958168565827292
chr3	130154462	139638074	0.63991041675459	3.11646479770313	3	1	0.958473144082913
chr3	141717642	184578636	0.649128918516091	3.13644207469513	3	1	0.959223604751588
chr3	184579439	186108621	1.47407877106907	5.55612389883492	6	2	0.972017988447572
chr3	186108822	195190907	0.57716063244435	2.98382025918259	3	1	0.943506589447605
chr3	195190908	196931967	-0.642761410915092	1.28097168751871	1	-1	0.892719824938611
chr4	4054390	4157180	1.36412186131267	5.14839184430206	5	2	0.96711383974694
chr4	9454721	9480154	-4.45158604471249	0.0914048137232505	0	-2	0.624957493299843
chr4	71270638	111965936	-0.667951865392185	1.25879917184265	1	-1	0.907305874606418
chr4	111965937	113841318	-0.515948771947131	1.39866574649184	1	-1	0.696573086459031
chr4	113841319	120676954	-0.685873773389444	1.24325844132608	1	-1	0.915169059158302
chr4	120676955	129152027	-0.558751328208507	1.35777899485076	1	-1	0.793106770732546
chr4	129152028	143815857	-0.615484445498049	1.30542136339238	1	-1	0.870620172681523
chr4	143815858	145280286	-0.444722986845336	1.46945075673545	1	-1	0.472368280569883
chr4	145280287	150526302	-0.683449046028959	1.24534973392105	1	-1	0.914206581460047
chr4	151103816	154712853	-0.666226565549273	1.26030545354922	1	-1	0.906450019211974
chr4	154712854	182214608	-0.685873773389444	1.24325844132608	1	-1	0.915169059158302
chr4	182214609	190081914	-0.644555222789744	1.27937994829256	1	-1	0.893921450716117
chr5	10202	21107312	0.662965012722432	3.16666666666667	3	1	0.959800396050261
chr5	46381303	46431302	-4.27105549865111	0.103589128041786	0	-2	0.629686780430327
chr5	50111303	69032831	-0.686567543559528	1.2426607209216	1	-1	0.915439092719867
chr5	69032832	70987850	-0.509235044837913	1.40518974710619	1	-1	0.67824817773602
chr5	71128578	80321501	-0.631350109222116	1.29114398104789	1	-1	0.884394667793819
chr5	80321702	80360170	0.667063975069423	3.17567654324637	3	1	0.959850004121918
chr5	80360371	112822009	-0.658045369310803	1.26747266242188	1	-1	0.902124221863453
chr5	112827041	112836688	5.29932796069077	78.7565473636352	79	2	0.999988135834704
chr5	112836944	115016572	-0.613390547016333	1.30731740123023	1	-1	0.868588595818111
chr6	31050130	31112479	1.52112195942912	5.74028337756171	6	2	0.973892037270112
chr6	31166958	31312275	0.695423145763017	3.23871865050115	3	1	0.958731027567805
chr6	31312276	31356634	-3.90908756851214	0.133130444444881	0	-2	0.632787338919851
chr6	31356689	31532826	0.448415294650875	2.72908115086231	3	1	0.785210061399143
chr6	32339520	32370597	-0.61317350711043	1.30751408963754	1	-1	0.868374972476731
chr6	32371626	32810175	1.66098274353665	6.32463728169178	6	2	0.978842302461983
chr6	33781007	39628094	-0.665505575560003	1.2609354513532	1	-1	0.906086735379646
chr6	39628095	41261805	-0.799733809533815	1.14891031993253	1	-1	0.939597296476571
chr6	41578295	44566984	-0.638395603890258	1.28485396714179	1	-1	0.889677267607731
chr6	44566985	49481142	-0.691233418686302	1.23864827632568	1	-1	0.917195463801528
chr6	49882632	56362879	-0.690140556551471	1.23958692559219	1	-1	0.916793220547306
chr6	56362880	58451655	-0.500949880341471	1.41328274089631	1	-1	0.654547282788563
chr6	60231656	86916183	-0.66432195632698	1.26197037543887	1	-1	0.905483036806213
chr6	86916184	89997095	-0.616653761345259	1.30436373762156	1	-1	0.871731819948674
chr6	89997096	103288809	-0.685873773389444	1.24325844132608	1	-1	0.915169059158302
chr6	103288810	103318809	8.08571208917751	543.340240697896	543	2	0.999999996846975
chr6	103318810	105853030	-0.67405898572211	1.25348176980437	1	-1	0.910188433736618
chr6	105853231	110887675	-0.64778030692939	1.276523142504	1	-1	0.896013531499994
chr6	110888893	110893664	0.957588602169188	3.88412223086255	4	1	0.645693277704986
chr6	110893865	112231745	-0.636296824255764	1.28672448564375	1	-1	0.888153011053346
chr6	112231746	128775630	-0.700144246347969	1.23102132481773	1	-1	0.920279125081199
chr6	129170936	137871462	-0.66818078331358	1.25859944922557	1	-1	0.90741802143384
chr6	137871517	137891596	0.970354315408939	3.91864346251241	4	1	0.597184048696008
chr6	137891597	165542664	-0.667951865392185	1.25879917184265	1	-1	0.907305874606418
chr6	165543375	165560467	0.726764641637986	3.30984725845371	3	1	0.954460020616001
chr6	165560468	170745612	-0.673031937779109	1.25437443539728	1	-1	0.909719212882737
chr7	28156965	29383266	0.521143074255227	2.87018369556983	3	1	0.906274489609935
chr7	50319018	50405974	7.12295894889906	278.775303413895	279	2	0.999999930830646
chr7	55764947	58115236	0.470672198251669	2.77150997150998	3	1	0.834650913371837
chr7	60880237	61070236	0.521143014456843	2.87018357660336	3	1	0.906274430853272
chr7	61070237	61605236	-1.30444466675342	0.809753853232117	1	-1	0.923199855496237
chr7	61605237	61730236	1.39927018342053	5.27536231884059	5	2	0.968783414466609
chr7	92800029	92839347	7.66558632783025	406.070476117785	406	2	0.999999987476441
chr7	115606137	132578876	0.657288963536016	3.15423240760573	3	1	0.959641197444376
chr7	156780023	157813229	0.756892796100411	3.3796943897154	3	1	0.946885172319
chr8	6420132	7252461	-0.461749574451327	1.4522103352574	1	-1	0.529856267203392
chr8	7254144	7403314	0.518092247614096	2.86412061178079	3	1	0.903210180596835
chr8	7403315	11306431	-0.661711013541834	1.26425631646163	1	-1	0.904118560128943
chr8	12358847	12393969	-3.17308642511613	0.221735792735308	0	-2	0.612818965055404
chr8	39284724	39557152	8.37160193256469	662.419775463102	662	2	0.999999998800623
chr8	53281266	60778394	0.636054321497917	3.1081461033152	3	1	0.958067578192901
chr8	60780950	60822774	7.72042632508654	421.803227824106	422	2	0.99999998951072
chr8	60823841	65388780	0.63057688173203	3.09636786544999	3	1	0.957394343948402
chr9	36840509	37034074	7.13160937680456	280.451866959774	280	2	0.999999932646486
chr9	42440237	42735776	-0.463706925695721	1.45024141025821	1	-1	0.536415185598406
chr9	60521462	60686461	-0.761721693251779	1.17958412098299	1	-1	0.934578472261834
chr9	60741462	61453052	0.456411919722536	2.74425000632353	3	1	0.804462589764522
chr9	61453253	61648252	-1.66911617900212	0.628891839754902	1	-1	0.737119184210565
chr9	74833942	78539190	-0.667951865392185	1.25879917184265	1	-1	0.907305874606418
chr9	78539191	83507987	-0.725667363248472	1.20943449843706	1	-1	0.927464279528699
chr9	83507988	100327992	-0.630175425381728	1.29219569576199	1	-1	0.883466843650471
chr9	130853994	134985386	-0.637074520252885	1.28603105370583	1	-1	0.88872259329636
chr9	134985587	138331075	-0.543440013228491	1.37226583467526	1	-1	0.762677042093082
chr10	23706101	30053055	-0.594999787101319	1.32408910579137	1	-1	0.848309466780288
chr10	38742723	38901402	1.46649523643626	5.52699472806916	6	2	0.971705169340596
chr10	47487294	48053737	0.80208602497746	3.48724088904609	3	1	0.926726762249451
chr10	76964166	87862518	-0.675041290178503	1.25262858766695	1	-1	0.910631517593714
chr10	87864277	87964934	6.62889366781901	197.936473170511	198	2	0.999999694633719
chr10	87965008	90614226	-0.667951865392185	1.25879917184265	1	-1	0.907305874606418
chr10	90614227	104554861	-0.662120709045462	1.26389734483173	1	-1	0.904335695394203
chr10	104554862	112276996	-0.717172534408848	1.21657685739181	1	-1	0.925312674051322
chr10	112276997	133659585	-0.659881117613209	1.2658609003973	1	-1	0.903134695181607
chr10	133664443	133783907	1.31163610967534	4.96445762524683	5	2	0.964218649154137
chr11	60202	4787448	-0.579992701588041	1.33793432320971	1	-1	0.828129503452468
chr11	4787649	10541592	-0.661852601484954	1.26413224681225	1	-1	0.904193729458991
chr11	10541793	20919434	-0.719953712054078	1.21423384168482	1	-1	0.926041076838166
chr11	54525524	54585523	-2.28552848971881	0.410220504427457	0	-2	0.527312491291026
chr11	55133057	55276120	-3.02787825241544	0.24521544360885	0	-2	0.604595612349348
chr11	55276121	55459178	0.482490658190951	2.79430724260806	3	1	0.855952684643221
chr11	55459179	55742406	0.871517950235483	3.65917382322583	4	1	0.859087734896163
chr11	102162881	102724893	0.616427965366072	3.06614933722042	3	1	0.955092209143785
chr11	107738362	124064291	-0.669454832205481	1.25748846640465	1	-1	0.908036226089827
chr11	124064292	124093942	1.27433263675153	4.83773799374824	5	2	0.961406873633305
chr11	124094143	135071987	-0.651263152479109	1.2734451734128	1	-1	0.898177676224251
chr12	33739792	33984791	-0.515948771947131	1.39866574649184	1	-1	0.696573086459031
chr12	37249925	37354924	-0.525921228930931	1.38903097470873	1	-1	0.722246514486811
chr12	40450989	40491243	-0.951001480681952	1.0345465197317	1	-1	0.94757734532316
chr12	61014927	64324247	0.66075287848808	3.16181482777291	3	1	0.95975094523872
chr12	64324248	64611410	1.82509977747676	7.08663025059732	7	2	0.983599747578843
chr12	64611611	74823564	0.679971438028121	3.2042160737813	3	1	0.959655566055812
chr12	74823565	92410763	-0.655108527780293	1.27005543810411	1	-1	0.900457359985997
chr12	92410764	111401550	-0.674353077660439	1.25322627484382	1	-1	0.910321669057451
chr12	111403225	111444211	6.24459883156325	151.649699771415	152	2	0.999999075070972
chr12	111446726	114076477	-0.615338892845221	1.3055530732287	1	-1	0.870480659596708
chr12	114076478	116949824	-0.693486957499323	1.23671497584541	1	-1	0.918007810139377
chr13	18171403	20034430	0.480481348774374	2.79041818800372	3	1	0.852553509084883
chr13	40976205	41017372	7.25518782788378	305.533725786113	306	2	0.999999954045805
chr13	48304140	48485369	7.0689795503913	268.537461424166	269	2	0.999999918378491
chr13	113444775	114351745	0.902161787084546	3.73772852136025	4	1	0.804548359295094
chr14	19484471	19951874	1.21340363810919	4.63768115942028	5	2	0.952077150658508
chr14	35429857	35761049	0.707913712847591	3.26688056746188	3	1	0.957425914459339
chr14	41137428	41202427	-6.94180536870298	0.0162681570224992	0	2	0.666184535426113
chr14	95543908	106880139	0.6335306288176	3.10271380568832	3	1	0.957771787468506
chr15	19780202	22573064	-1.54678826925937	0.684542362998796	1	-1	0.836986745901022
chr15	22573067	35322036	-0.653676931690359	1.27131634824477	1	-1	0.89962177365431
chr15	35322037	39708516	-0.747490371350323	1.19127759107101	1	-1	0.932109178346644
chr15	39708517	46076335	-0.665532231367942	1.26091215402302	1	-1	0.906100226088033
chr15	46076336	48012003	-0.837876866834497	1.11893259719347	1	-1	0.943010321697371
chr15	48012004	65119519	-0.666427023571366	1.26013035016254	1	-1	0.906550430181979
chr15	92832588	92915320	6.63639669007772	198.968562600848	199	2	0.99999970129172
chr16	11761	5366604	-0.585319436729412	1.33300349522049	1	-1	0.835697544732811
chr16	5366805	14644453	-0.644463512469816	1.27946127946128	1	-1	0.893860684455369
chr16	16760345	19382117	-0.546488352906513	1.36936936936938	1	-1	0.769096871476605
chr16	67538395	68678913	-0.6825703567131	1.24610845893405	1	-1	0.913850476999214
chr17	62040	3152900	-0.651708786347881	1.27305187985717	1	-1	0.898447665086704
chr17	3154020	3165105	3.645191332824	25.0231469750456	25	2	0.999432340799571
chr17	3165106	12024635	-0.626305733726203	1.29566636070425	1	-1	0.880310580788523
chr17	12024637	12141397	6.69879255034611	207.762655736977	208	2	0.99999975147636
chr17	12141598	21878114	-0.638372700512955	1.28487436488902	1	-1	0.889660853593746
chr17	21878115	22761913	-0.695237906906081	1.23521492782957	1	-1	0.918623455337606
chr17	26936914	30971458	-0.654981478350039	1.27016728913321	1	-1	0.900383823616118
chr17	30971460	31373680	5.64185402460106	99.861316739722	100	2	0.999995156742574
chr17	31373685	36254532	-0.638204521998131	1.28502415458938	1	-1	0.889540178808924
chr17	36255428	38252573	-0.919402714177186	1.05745574401235	1	-1	0.946946200326387
chr17	38256814	42712546	-0.651223205173596	1.27348043478562	1	-1	0.898153398500634
chr17	48470347	83245589	0.63924033826748	3.11501765116891	3	1	0.958406637558975
chr18	4820661	15410430	-0.627867277624471	1.29426471636471	1	-1	0.881602909834081
chr18	20915431	24732783	-0.615075950948424	1.30579104166742	1	-1	0.870227985429522
chr18	24732784	45528949	-0.697745763288731	1.23306960210985	1	-1	0.919482279779655
chr18	45528950	51047660	-0.701219828789998	1.23010389498106	1	-1	0.920628890780799
chr18	51047824	51078532	4.4029605871331	42.3109914582855	42	2	0.999893940548665
chr18	51078733	80262594	-0.667951865392185	1.25879917184265	1	-1	0.907305874606418
chr19	60571	1208030	-0.581363607122686	1.33666356928253	1	-1	0.830121415085502
chr19	1208034	1226795	4.10596104678869	34.4387541235393	34	2	0.999791372950441
chr19	1229154	4881806	-0.577535663846493	1.34021488559695	1	-1	0.824481340275792
chr19	4885131	4921971	4.98270591854408	63.2373899630561	63	2	0.99997361640483
chr19	4922172	5451380	-0.588709902463457	1.329874492846	1	-1	0.840278381437519
chr19	5455504	5811468	0.675309669225758	3.19387902633369	3	1	0.959786695961013
chr19	5811469	6545266	-0.593201676383157	1.3257404202134	1	-1	0.846074176169608
chr19	6545267	12406381	0.693691882585167	3.23483445375247	3	1	0.958872206074263
chr19	24308209	24448208	-0.506067144536416	1.40827868262374	1	-1	0.669323446810716
chr19	46396480	52135753	-0.629292700727365	1.29298657810139	1	-1	0.882760447936648
chr19	52135754	55214728	0.716070144639546	3.28540253723338	3	1	0.956294667916138
chr20	60202	1578722	-0.710105657314138	1.22255073960259	1	-1	0.923348964822201
chr20	1578923	1611704	3.61036454288871	24.4263186516558	24	2	0.999389200708508
chr20	1611905	6199805	-0.647390212218285	1.27686835215786	1	-1	0.895765058452172
chr20	6200249	6214618	1.89123076221538	7.4190309667509	7	2	0.985235026204251
chr20	6215029	17434723	-0.717582633116787	1.21623108390594	1	-1	0.925421603312235
chr20	17436489	18643422	-0.606039525406866	1.31399562721746	1	-1	0.861024314946026
chr20	18643423	25296495	-0.699782902723012	1.23132969034609	1	-1	0.920160578259537
chr20	25300815	26383584	0.418547067127996	2.67316162225667	3	1	0.697475973062682
chr20	55956611	61353435	-0.606495662270795	1.31358024691358	1	-1	0.861513873798298
chr21	14189020	30849957	-0.63142598936707	1.29107607368477	1	-1	0.884454126319429
chr21	30849958	46696337	-0.637049431294808	1.28605341841828	1	-1	0.888704306434959
chr22	10510202	10680201	-1.08912640415666	0.940091831170972	1	-1	0.945496018656441
chr22	11289687	12057641	-0.443101992710548	1.47110274115924	1	-1	0.466892968758909
chr22	12057642	12202641	0.744072480660473	3.34979423868314	3	1	0.950575972745184
chr22	15975286	16060285	-4.85511952762808	0.0691024404416803	0	-2	0.60652594695531
chr22	16060286	17530196	-0.453213611246425	1.46082806643673	1	-1	0.501086213741877
chr22	23786710	23831850	5.51019347169347	91.1514355034327	91	2	0.999993139228404
chr22	30061014	40280150	-0.649234871239751	1.27523676580219	1	-1	0.89692913574685
chr22	41162700	50804320	-0.607674756757222	1.3125071147308	1	-1	0.862766743352235
chrX	686569	2774830	-0.501302751322185	1.4129371061863	1	-1	0.65558005848867
chrX	3675045	3937002	1.75595044544586	6.75497507147209	7	2	0.981722714222288
chrX	3937003	11492860	0.384515554501949	2.61084272678476	3	1	0.568697320684346
chrX	11492861	11597860	-0.597590109048903	1.32171387073348	1	-1	0.851446528443611
chrX	21410224	25931499	0.438400604570435	2.71020241388743	3	1	0.758611039449976
chrX	27463518	27727865	0.84754779664407	3.59887949704837	4	1	0.889481307330941
chrX	29818799	31513639	0.474078771069071	2.77806194941746	3	1	0.841120481527099
chrX	31513640	31583639	-0.550785848068195	1.36529636580914	1	-1	0.777839978526292
chrX	31583640	34887330	0.484051228052869	2.79733149298368	3	1	0.858532358664157
chrX	34887331	34937330	-1.45674335056996	0.728629165509557	1	-1	0.881433263490863
chrX	34937331	35149958	0.706443649389312	3.26355340848095	3	1	0.957606006860866
chrX	35459959	36306909	0.647747522288133	3.13344033454816	3	1	0.959130328602018
chrX	37412774	37546163	1.27116535767285	4.82712891920056	5	2	0.961110793100336
chrX	42563233	43183250	1.08650572465412	4.24718138872061	4	2	0.817191962277243
chrX	44877054	45126738	7.22373545670883	298.944831247514	299	2	0.999999949329186
chrX	46959850	49975635	0.369622692186266	2.58402977198456	3	1	0.50551246546544
chrX	51894129	56085086	0.367903464702858	2.5809522754296	3	1	0.498076897402932
chrX	56205087	57241865	0.633315759818038	3.10225173480786	3	1	0.957745475354277
chrX	64131389	64208635	1.31119644275659	4.96294491801145	5	2	0.964190711970037
chrX	64760614	66317039	0.428909673860405	2.69243156199679	3	1	0.730782235519574
chrX	70083711	73313730	0.409806611901544	2.65701544092576	3	1	0.667076661734096
chrX	73313731	73403730	-0.565716608722591	1.35123948496023	1	-1	0.805480208561216
chrX	73403731	76243363	0.419039429836343	2.67407407407408	3	1	0.699126585196416
chrX	76776141	77548652	0.48405122805287	2.79733149298368	3	1	0.858532358664159
chrX	77548653	77851571	6.96582058995929	250.006291307759	250	2	0.999999888257778
chrX	82477514	83057946	0.817474961778059	3.52463768115943	4	1	0.916506184996652
chrX	83267947	86370796	0.484051228052865	2.79733149298367	3	1	0.858532358664151
chrX	86370797	86584698	0.381849065625709	2.60602164316797	3	1	0.557592631529326
chrX	86584699	87242444	0.530514716698784	2.8888888888889	3	1	0.914884922474382
chrX	87417445	89444517	0.554440555944261	2.93719806763285	3	1	0.932127936055964
chrX	89624518	89754517	1.01831279889181	4.05109747560293	4	2	0.576973525039808
chrX	89933072	90378101	0.810555547838267	3.50777338603426	4	1	0.921360119994905
chrX	90608102	93019179	0.466384379279075	2.76328502415461	3	1	0.826111038844442
chrX	93019180	93274276	-0.571090326139597	1.34621578099839	1	-1	0.814423277226291
chrX	93274277	95263375	0.403689443177672	2.64577328515948	3	1	0.644612105245508
chrX	95393376	95853375	0.554440555944264	2.93719806763286	3	1	0.932127936055966
chrX	95853376	95898375	-2.25291436611334	0.419599723947551	0	-2	0.519157893497911
chrX	95898376	96053375	0.899088727331709	3.72977532397823	4	1	0.810955855553826
chrX	96163376	99343939	0.403689443177671	2.64577328515948	3	1	0.644612105245504
chrX	105797890	105876503	-0.849236905084537	1.11015651975657	1	-1	0.943797308454561
chrX	109319737	110014416	1.05131106070842	4.14482462707809	4	2	0.708247041309424
chrX	110014417	114576395	0.394203216180611	2.62843346600491	3	1	0.608004968752253
chrX	114863460	116127256	0.391662467615251	2.6238085721098	3	1	0.597868038464618
chrX	116418630	116710534	0.93428339127741	3.8218824112896	4	1	0.722912590228187
chrX	117563889	117713888	0.93428339127741	3.8218824112896	4	1	0.722912590228187
chrX	120878703	121035391	1.31163610967534	4.96445762524683	5	2	0.964218649154137
chrX	121631349	121776348	0.899088727331715	3.72977532397825	4	1	0.810955855553813
chrX	121776349	121826348	-3.60283501718843	0.164614689084082	0	-2	0.62880062917681
chrX	127411800	128011799	0.751580025500288	3.36727144508634	3	1	0.948505054509871
chrX	128011800	128046799	-4.82151113498526	0.0707311174891273	0	-2	0.608484403495799
chrX	128051069	129202408	0.384515554501949	2.61084272678476	3	1	0.568697320684346
chrX	130744546	130833987	-0.670324529295471	1.25673064548026	1	-1	0.908452494146702
chrX	135160507	135274447	0.880399536452374	3.68177008177009	4	1	0.845299882151532
chrX	135672020	138017498	0.493040011280118	2.81481481481482	3	1	0.872404260378659
chrX	138477499	138553780	0.969478055223109	3.91626409017715	4	1	0.600641149301671
chrX	138553781	154142916	0.364330299655418	2.57456786485502	3	1	0.482570655125191
chrX	154144167	154541628	1.01768477277839	4.04933435779326	4	2	0.574325927726009
chrX	154542286	155635512	0.433444661978413	2.70090830565472	3	1	0.744399917294856
