Chromosome	Start	End	Segment	CNF	CN	Call	ProbCall
chr1	5947005	15835889	-0.722000507161139	1.21251239281831	1	-1	0.872388588903864
chr1	15848025	26697828	-0.736768874292416	1.20016363814731	1	-1	0.878887855682467
chr1	26698029	28768973	-0.714464080322037	1.21886295208988	1	-1	0.868811471098134
chr1	28769174	33699146	-0.710011377998799	1.2226306352213	1	-1	0.866610513241554
chr1	65190791	65228136	1.05047742018056	4.14243029176223	4	2	0.789702853043104
chr1	103527666	103818806	-0.946490667479235	1.03778625444966	1	-1	0.92232714624986
chr1	120497209	120836901	0.423955196135784	2.68320111985628	3	1	0.771332172599435
chr1	121659147	121959146	-1.71228552417719	0.610352449357315	1	2	0.516459072535785
chr1	145305842	145352118	-0.520826202158165	1.39394515363869	1	-1	0.656883982568556
chr1	145352708	145358033	0.40531978881613	2.64876488284527	3	1	0.70221932229304
chr1	145358178	145360674	1.5280460439154	5.76789956663014	6	2	0.981351573983731
chr1	146067370	146091041	-0.469246432213108	1.44468360495902	1	-1	0.495004528834045
chr1	146091304	146108429	-0.609304071872823	1.31102566472288	1	-1	0.793796071436061
chr1	149536490	149548372	-0.75535486479332	1.18480130533607	1	-1	0.886183998000362
chr1	182858118	182883568	0.563117164012916	2.95491609178656	3	1	0.925092038814081
chr2	11453455	11458478	-0.852352160968819	1.10776191086096	1	-1	0.911747230878667
chr2	55222189	55303226	0.371636988760539	2.58764012447354	3	1	0.534011379091888
chr2	55640544	55679898	-0.657517632561002	1.26793638776879	1	-1	0.834983127008559
chr2	86865614	86878974	-2.01490007055531	0.494862604081033	0	2	0.607091332651214
chr2	86879429	86930292	0.632467813456923	3.10042891703023	3	1	0.924955244792027
chr2	88782870	88804828	-0.856696524645801	1.10443114322954	1	-1	0.912497150798383
chr2	95875869	95978191	-0.914135458903579	1.06132355346452	1	-1	0.919941566973691
chr2	97144535	97191307	-0.626895330480387	1.29513695942272	1	-1	0.810512093224632
chr2	97192825	97509776	-0.468386539827002	1.44554493925881	1	-1	0.49158552167798
chr2	97511107	97576429	-1.78762008943671	0.579298932081206	1	2	0.576740549175917
chr2	106452661	106475859	-1.05083477383249	0.965377579423967	1	-1	0.922241414781313
chr2	108729002	108735796	-0.560266694588985	1.35635357064565	1	-1	0.732356936313222
chr2	111825048	111865024	0.927466804886781	3.80386700211068	4	1	0.586313527441604
chr2	171517245	171747887	0.489765627565028	2.80843347149943	3	1	0.893795682415327
chr2	174380083	174387854	-1.72873302599992	0.603433616292695	1	2	0.532713133284367
chr3	5178161	5184814	8.26441964329469	614.990213870294	615	2	0.999999994359181
chr3	93734064	93906186	0.743631971510004	3.34877157643297	3	1	0.88874553571833
chr3	93910616	94036756	-0.632696499315963	1.28993958753525	1	-1	0.815565472999678
chr3	98149921	98391234	0.916858476403095	3.77599924543438	4	1	0.61833793577819
chr3	155922139	156067434	1.20854954831484	4.62210344470298	5	2	0.962642495148223
chr4	9160776	9175774	3.71044203791265	26.1808863988169	26	2	0.999516748809811
chr4	9267586	9368920	0.754904413566129	3.37503956228925	3	1	0.881628550220208
chr4	9368984	9469954	-0.76804025355696	1.17442920225627	1	-1	0.890648836739862
chr4	68474618	68669987	0.858931946534869	3.62739020382875	4	1	0.757587184256349
chr4	190065242	190081914	-1.49617003003251	0.708986454723125	1	-1	0.652820695621965
chr4	190082202	190196187	0.486501850046794	2.80208719495169	3	1	0.89079629235539
chr5	741497	843753	-1.28088341588739	0.823086856198134	1	-1	0.869120495557448
chr5	17491204	17685659	2.32666324398897	10.0328754741855	10	2	0.994366933745088
chr5	34179498	34223813	1.73091282009112	6.63875550250829	7	2	0.98602032894408
chr5	69373725	69400100	-0.467704039528634	1.4462289495483	1	-1	0.488856593641063
chr5	70384338	70478602	0.730778222971791	3.31906808231509	3	1	0.89586525280061
chr5	72855651	72905528	0.611513395434105	3.05572220748274	3	1	0.926750234424707
chr5	80331635	80360170	3.01664283415219	16.1856436648494	16	2	0.998243843573378
chr5	103005017	103011255	0.726062071732327	3.30823580704808	3	1	0.898234037904635
chr5	112821838	112836688	5.80717758055299	111.98623338458	112	2	0.999995182286658
chr5	171391180	171410525	1.13070579229481	4.37931672136986	4	2	0.923080973985189
chr5	178767282	178812648	0.732703124439277	3.32349947140732	3	1	0.894862103740765
chr5	180948273	181002863	-5.72873260501326	0.0377146120236312	0	2	0.503164925069647
chr6	29736264	29797299	-4.02845278150235	0.122558905057844	0	-2	0.549972762497942
chr6	29826895	29942739	0.609440645772904	3.05133514073846	3	1	0.926852021291529
chr6	31111747	31129770	-1.50510090356615	0.704611094627238	1	-1	0.637403975858864
chr6	31137781	31162682	0.486653907440068	2.80238254533221	3	1	0.890940776507148
chr6	31164505	31166373	-1.51756477490002	0.698549969547796	1	-1	0.61494061978042
chr6	31166958	31355306	1.640767829835	6.23663501033536	6	2	0.984089121528761
chr6	31355344	31356454	-5.04821612846848	0.0604457146202512	0	-2	0.539003575768039
chr6	31356512	31387419	6.37349501991382	165.822391346926	166	2	0.999998843130626
chr6	31869475	31880461	0.809436099642017	3.50505261178971	4	1	0.83238321410775
chr6	31980662	32045432	-0.940677057992338	1.04197664556557	1	-1	0.921986745991341
chr6	32222381	32394180	-1.00639846783534	0.995574740503553	1	-1	0.923698604424873
chr6	32530093	32763575	3.9829854119949	31.6248210677716	32	2	0.999718084757069
chr6	33092941	33129196	2.95104902458021	15.466223105697	15	2	0.99802805465211
chr6	33286789	33318854	-0.468945221308765	1.44498526253218	1	-1	0.493809342808567
chr6	110888893	110893664	0.9706829995432	3.91953633496873	4	2	0.537786115974873
chr6	123254918	123278415	-0.816272820994999	1.13581445616635	1	-1	0.904348066410275
chr6	137871517	137881396	1.56686044561926	5.92518601089232	6	2	0.9823370762668
chr7	35119633	35162006	-1.34211975497836	0.78888135480865	1	-1	0.832719031085348
chr7	50319018	50400774	7.10106196005663	274.576045990037	275	2	0.999999834790584
chr7	74809035	74913281	-0.491602848169866	1.42246894058846	1	-1	0.575684569917789
chr7	92813890	92834147	7.5999525575307	388.010681235447	388	2	0.999999959596659
chr7	100733980	100738579	-6.67568946168294	0.0195635302388963	0	2	0.60673089774977
chr7	100981375	101049455	-0.471829623961674	1.44209916707265	1	-1	0.505143779240462
chr7	103184008	103254793	-1.11803330619845	0.921442913432165	1	-1	0.915745110597739
chr7	144184670	144377327	-0.750095395880294	1.18912848320199	1	-1	0.884213589284252
chr8	39375698	39668206	4.64042519106154	49.881231928097	50	2	0.999928649677069
chr8	60780950	60816090	7.27691985962929	310.17097088199	310	2	0.999999898745377
chr8	73013647	73026933	0.908660603115453	3.75460360737334	4	1	0.641760227005816
chr8	86461106	86466884	0.569761770239284	2.96855690806654	3	1	0.925881441687643
chr8	93707950	93728293	0.66804651311755	3.17784005368263	3	1	0.918702096249152
chr8	94739729	94761889	1.37879127141983	5.20100805185287	5	2	0.977014759735623
chr9	21968453	21974385	1.80599331523417	6.99339655911902	7	2	0.98746943727476
chr9	21974406	22239853	-1.07138918289081	0.95172113659768	1	-1	0.920830813941805
chr9	34838268	34895641	0.969278159877938	3.91572150237566	4	2	0.532958995826614
chr9	36840509	37034074	6.94360741545127	246.186427305299	246	2	0.999999745518172
chr9	42860442	42913869	-0.528555752513825	1.38649676233571	1	-1	0.674304587471703
chr9	105521091	105526500	1.41191223843738	5.32179242090398	5	2	0.978082606155524
chr10	37149615	37189589	-0.979310260449728	1.01444436061597	1	-1	0.923553889911499
chr10	47483864	47997833	0.847139552898249	3.59786125538966	4	1	0.778690519761682
chr10	49842044	50199116	-0.474607756379625	1.43932485414348	1	-1	0.515820994828114
chr10	87864277	87964934	7.36871815684614	330.548499815166	331	2	0.999999921811949
chr10	94694802	95065033	0.557284580572416	2.94299395832713	3	1	0.924217891250052
chr10	133389782	133778707	0.4494309281276	2.73100305532561	3	1	0.837533546491506
chr11	32635622	32699330	-0.687031612049755	1.24226106130637	1	-1	0.854135827016869
chr11	55467143	55856213	0.42794816242628	2.69063773781906	3	1	0.783751113691537
chr12	4548011	4553226	-1.08525510820881	0.942617840390695	1	-1	0.919601588674039
chr12	9507417	9565341	1.27345462102415	4.83479467055795	5	2	0.971856542194958
chr12	11022417	11164481	-0.921798464330341	1.05570118233332	1	-1	0.920616457371846
chr12	31114708	31616410	0.385223619452284	2.61212442520266	3	1	0.607477409536469
chr12	40474685	40527250	-0.443905687980885	1.47028344877903	1	-1	0.38696560752028
chr12	43796896	43804659	1.22724373033269	4.68238554594537	5	2	0.966398116014682
chr12	64566693	64622708	6.6127462783688	195.733417603863	196	2	0.999999381341593
chr12	111403225	111439011	6.89704634401877	238.367930900457	238	2	0.999999711170601
chr13	18171403	18219053	-0.886505769101038	1.08184531290166	1	-1	0.916908198802403
chr13	27075271	27116660	1.73065930891768	6.63758903919494	7	2	0.986015198049088
chr13	40976205	41017372	7.17502992385292	289.020882333641	289	2	0.999999865414328
chr13	48304140	48479697	6.93627846743889	244.938961762954	245	2	0.999999740386851
chr13	52473826	52577286	0.843086069181854	3.58776667343887	4	1	0.785433542674878
chr13	57141246	57173577	2.35262657244032	10.2150656610847	10	2	0.994596973559752
chr13	75302095	75310247	1.46511989222355	5.52172826646541	6	2	0.979648659806948
chr14	18248380	19649708	-1.12155816521421	0.919194349653898	1	-1	0.915246071936814
chr14	19678646	35605799	-0.644922329294893	1.27905444017223	1	-1	0.825552430682318
chr14	35625252	35761049	0.528255631002841	2.884368778685	3	1	0.916712029244552
chr14	35762618	39318114	-0.755403020788477	1.18476175828552	1	-1	0.886201708137241
chr14	39319078	100829278	-0.691270585163714	1.23861636687919	1	-1	0.856584998982053
chr14	100834697	104719605	-0.632834700694843	1.28981602511476	1	-1	0.815683296727846
chr14	104724318	105919552	-0.615750034321283	1.30518106769371	1	-1	0.800178980679492
chr14	105921135	106874939	-1.18575605652278	0.879188209164813	1	-1	0.902852871079765
chr15	19780202	22564583	-0.708450102025291	1.22395447500334	1	-1	0.865822934382862
chr15	82812954	82819574	-2.60658988082679	0.328373615825191	0	2	0.538984603494279
chr15	92832588	92915320	6.46059817292168	176.14237006314	176	2	0.999999077401088
chr16	18339805	18411910	0.820334687299977	3.53163118463241	4	1	0.818825976226028
chr16	30294529	30335091	-0.751505766807241	1.18796656561531	1	-1	0.884749056732232
chr16	31874990	31885301	1.23989671951931	4.7236324755007	5	2	0.968324112361085
chr16	81012027	81017877	-0.899580972106866	1.07208480220964	1	-1	0.918463601988141
chr17	62040	3154905	-0.742648257512101	1.19528259036221	1	-1	0.881297856598732
chr17	3155106	6896445	-0.732762088263653	1.20350147647611	1	-1	0.877188845444748
chr17	6896646	7669912	-0.730214845720329	1.20562827251439	1	-1	0.876084259859375
chr17	7670087	7672818	3.15352943869305	17.7965962980532	18	2	0.998625812249574
chr17	7673076	10306688	-0.710761762818294	1.2219948772196	1	-1	0.866986090984099
chr17	10681064	12024635	-0.835253957899198	1.12096873630709	1	-1	0.90851037410928
chr17	12024637	12141397	6.47910539425126	178.416520067864	178	2	0.999999120915904
chr17	12141598	18911338	-0.744869836884982	1.1934434132603	1	-1	0.882183410137303
chr17	18923875	19252559	0.667917622023573	3.17755615655037	3	1	0.918732400681308
chr17	31095295	31373680	6.43182717852327	172.664439559162	173	2	0.999999005600797
chr18	13030455	13042375	-0.922560425518603	1.05514375964965	1	-1	0.920679758483859
chr18	14796067	14822651	-1.64816351310389	0.638092059825281	1	2	0.438964666317368
chr18	51047024	51078532	5.16947487690637	71.9775393202617	72	2	0.999978107645676
chr19	1208034	1226795	4.95569489457725	62.0644353031467	62	2	0.999964423765227
chr19	4885131	4921971	5.884312094003	118.136592439519	118	2	0.999996014979338
chr19	54635951	54739706	0.754904413566129	3.37503956228925	3	1	0.881628550220208
chr19	54786508	54909550	0.441616784006168	2.71625096886826	3	1	0.820357514832636
chr20	87618	6179805	-0.746647621126952	1.19197367909594	1	-1	0.882882346114294
chr20	6200249	6214618	2.50142125988376	11.3248596033955	11	2	0.99575934910121
chr20	6215029	26083000	-0.79236222323449	1.15479580893366	1	-1	0.898161076640562
chr20	26091393	26358584	-0.74332677220117	1.19472056853002	1	-1	0.881569762457706
chr21	5011785	10808737	-0.460113758023748	1.45385787457558	1	-1	0.457652207970556
chr21	12968738	31995988	-0.757546008519153	1.18300321257597	1	-1	0.886983833994839
chr21	31998482	45768191	-0.720473768097807	1.21379621915961	1	-1	0.871678639602474
chr21	45768392	46691137	-0.695960425595152	1.23459647250556	1	-1	0.859214174896356
chr22	15176952	15975285	-0.815565086027206	1.13637178310554	1	-1	0.904180565736689
chr22	18202302	18517837	0.767891987355827	3.40555985174904	3	1	0.872293936321763
chr22	18751042	18887005	0.999266011082414	3.99796546819533	4	2	0.63583261439893
chr22	21034129	21488023	0.445679198279979	2.7239103055902	3	1	0.829603079826577
chr22	23786710	23831850	5.63207122978331	99.1864561473559	99	2	0.999992627552607
chr22	23941098	23983664	0.388123320206201	2.6173798645009	3	1	0.622310805769674
chr22	41160639	41173780	0.882534288098703	3.6872220188401	4	1	0.708223481453605
chrX	2789563	13040858	0.984056205148632	3.95603778358345	4	2	0.583900857755288
chrX	13042830	33020242	0.986891893625797	3.96382121842097	4	2	0.593663211504899
chrX	33020443	58540623	1.02874020837277	4.08048378247271	4	2	0.729884281818219
chrX	62470624	124364504	0.99868445625055	3.99635420072847	4	2	0.633873242567786
chrX	124365706	155695512	0.986592316058999	3.96299821106277	4	2	0.59263294550216
chrX	155695513	156027976	0.390948122950098	2.62250972540113	3	1	0.63641464471132
