Chromosome	Start	End	Segment	CNF	CN	Call	ProbCall
chr1	12791396	13392629	-0.661139551006807	1.26475719724857	1	-1	0.799481457845718
chr1	149813270	150486766	0.59571151864062	3.0224354298917	3	1	0.943814491675326
chr1	151036320	153161069	0.387132376334746	2.6155826822086	3	1	0.501832595459222
chr2	73620994	83533702	0.523235965927794	2.87435044086517	3	1	0.905092812341255
chr2	88862124	90285570	1.59602909644555	6.04620165255088	6	2	0.950070475340728
chr2	95450309	95591206	0.582420350084353	2.99471840103917	3	1	0.940496120594447
chr2	155311022	155330527	-6.20918728991659	0.027032012071298	0	-2	0.904254640902451
chr3	90184633	90721908	-0.784831750180341	1.16083928575925	1	-1	0.853692768186367
chr3	154657764	198228376	0.412274369332339	2.66156420586654	3	1	0.619487278130405
chr4	9224895	9480183	-0.885713355799486	1.08243968944434	1	-1	0.872523728982201
chr4	9483717	9722433	0.426864905750431	2.68861821377491	3	1	0.680832297245561
chr4	13526318	13627957	2.27896864907955	9.70661754711251	10	2	0.975331194638766
chr4	68265921	69889406	-0.692570222054811	1.2375010745739	1	-1	0.81907557382665
chr5	17491324	17625959	2.7614605436373	13.5616474786736	14	2	0.985525429708452
chr5	33922393	35847218	0.841573390000947	3.58400683813765	4	1	0.858776891170518
chr5	99594328	100078154	-0.637429920615293	1.28571428571428	1	-1	0.77966056563248
chr6	26017084	26432383	2.23236885200182	9.39809826237618	9	2	0.974065888046968
chr6	27122656	27922596	0.771075428375692	3.41308283387708	3	1	0.916215349252556
chr6	28633380	28964737	0.517519253097733	2.86298329620204	3	1	0.899027060225925
chr6	32459820	32749979	-2.69769115023416	0.308279070175271	0	-2	0.652607047446187
chr7	38291615	38335514	3.59084928750208	24.0981299007785	24	2	0.994552435223722
chr7	63393748	63958709	0.529489654708255	2.88683700797584	3	1	0.911046347629107
chr7	99804466	99952158	-1.94107972489155	0.520842931363948	1	-2	0.47589516068653
chr7	142300923	142544685	3.41905234298988	21.3927840724697	21	2	0.993289951457342
chr7	142554835	142616415	-2.94749385991259	0.259266217558175	0	-2	0.686621935282691
chr7	142618848	142657213	3.9322018066546	30.5309760440862	31	2	0.996432001590275
chr7	142666271	142789040	-7.0389341861917	0.0152089652679469	0	-2	0.920913827570666
chr7	150512558	150693641	-0.627135972392337	1.29492094825339	1	-1	0.769177776511241
chr9	33512958	33672863	1.34874457245007	5.09380796843858	5	2	0.936212231976193
chr9	67379605	67797500	0.616225810432373	3.06571972890149	3	1	0.946873422944525
chr9	113060085	113130128	7.49064262028449	359.698072981015	360	2	0.999978043983446
chr9	134849486	134868475	5.81750477569909	112.790736642689	113	2	0.999719990482546
chr10	41703309	42133308	-0.516478874251119	1.39815191667044	1	-1	0.521630829274082
chr10	133667150	133778699	-3.33920037924166	0.197619829370857	0	-2	0.733718118072376
chr11	3243039	3408978	-1.45291930101458	0.730563053105214	1	-1	0.737678812967676
chr11	114560096	118836111	-0.548211904404372	1.3677343950338	1	-1	0.623959057584232
chr11	118836312	119556864	0.858369305733817	3.62597582327554	4	1	0.837182428216874
chr11	130717553	135075899	-0.651943233469909	1.27284501763669	1	-1	0.792421038908839
chr12	55248503	55731531	-0.692756713819183	1.23734111780089	1	-1	0.819174856028509
chr14	21965450	22330891	2.43394591891506	10.8073875413245	11	2	0.979151386346772
chr14	22332921	22537680	-1.2236439282134	0.856399626589248	1	-1	0.852674902674352
chr14	104117404	106473000	0.88070152565676	3.68254084146822	4	1	0.801859179342353
chr14	106586375	106687200	1.77300094591708	6.835282408736	7	2	0.95815961907754
chr14	106692656	106879812	1.66428212094048	6.33911798918484	6	2	0.953336585121729
chr15	28392219	28490845	-0.913786755753803	1.06158010913611	1	-1	0.87547762958002
chr16	28749958	31659422	0.473269187728494	2.7765034483605	3	1	0.825852743371366
chr16	33345181	34431859	0.409380673572984	2.65623110491836	3	1	0.606584132451447
chr17	64098	2558094	0.487047177673316	2.80314656255817	3	1	0.854397585548152
chr17	40993429	41397592	2.80589900696858	13.9858788383312	14	2	0.986237671283245
chr19	15707375	21349625	0.502723575991828	2.83377178317691	3	1	0.880183557101444
chr19	27243626	35547526	0.3928553438571	2.62597893599784	3	1	0.52945753523293
chr19	35550042	39550533	0.741133071893211	3.3429761722657	3	1	0.929677154466713
chr19	39553033	39738028	-0.83042799964559	1.12472476675123	1	-1	0.863964555250918
chr19	53632055	53761222	-4.5089736676565	0.0878402720255927	0	-2	0.833511438774112
chr19	53761960	56171093	0.410212427754865	2.65776293823039	3	1	0.61031509619332
chr20	7867815	13841782	0.793734780139284	3.46711281393465	3	1	0.902414500868752
chr21	30165563	30911755	0.762259614330117	3.39229024943311	3	1	0.920685732398801
chr22	15156843	17070675	-0.552300784954961	1.36386345573929	1	-1	0.635201980886112
chr22	22425820	22923034	1.77917486831682	6.86459624715197	7	2	0.958420063696632
chrX	48156366	48448879	-0.939833445868047	1.04258611683991	1	-1	0.877453372924079
chrX	48458536	49329384	0.440124181622291	2.71344220747859	3	1	0.730354517675528
chrX	62466334	70060138	-0.530672870990658	1.38446360557893	1	-1	0.570537913221694
chrX	134522701	139352977	-0.499332817329766	1.41486772486773	1	-1	0.457451747191931
