Chromosome	Start	End	Segment	CNF	CN	Call	ProbCall
chr1	227509027	229251810	2.25915551803978	9.57422372176969	10	2	0.999999999999524
chr2	83594955	92135200	-1.15983883343979	0.895125061685082	1	-1	0.986764860689992
chr3	93713976	198228376	0.488981558308375	2.80690757169232	3	1	0.797102325382648
chr6	95123	28169594	0.427721230649809	2.69021454153379	3	1	0.574693596738873
chr6	28170844	34715940	-1.33592429967082	0.792276381740508	1	-1	0.986612431036874
chr7	138187997	145010993	-1.55620142175747	0.680090468795762	1	-1	0.982903889624691
chr19	27263626	40444705	0.541505726787259	2.91098161294813	3	1	0.897968840316318
chr22	15176843	24703503	-0.67094625629215	1.25618917620742	1	-1	0.945016815676092
chrX	253742	58536333	-0.536296495493568	1.37907747157359	1	-1	0.691845897340364
chrX	62486334	156027877	-0.519012648708902	1.39569852739765	1	-1	0.627008426413695
