Chromosome	Start	End	Segment	CNF	CN	Call	ProbCall
chr1	12793920	16871224	-0.6158058900103	1.3051305370032	1	-1	0.642053570224298
chr1	26762854	28768973	-1.23440286887767	0.850036756341747	1	-1	0.91331989391161
chr1	28812378	30981460	-0.850635853621695	1.10908054800984	1	-1	0.914481143642833
chr1	34519044	36805386	0.822209357300025	3.53622324755244	4	1	0.898014107829893
chr1	39741297	42558249	0.879298921336394	3.67896237370197	4	1	0.848835073638729
chr1	59199626	66093429	0.723437483576192	3.30222284997085	3	1	0.923125069308157
chr1	88983112	103527873	0.430539382635262	2.69547472669001	3	1	0.618562242355569
chr1	103533740	103758606	-0.607738009346579	1.31244957127823	1	-1	0.620990853859194
chr1	146067370	146098060	0.902896269340605	3.73963189950913	4	1	0.815765849219547
chr1	146098869	146108429	0.681796091043505	3.208271179785	3	1	0.919418976922911
chr1	149548834	150625883	0.427331482268695	2.68948787018826	3	1	0.609582364194615
chr1	150626396	152218799	0.896089405433127	3.72202928200292	4	1	0.826261367149557
chr1	152600663	152614198	-6.72693684843155	0.018880792760082	0	2	0.510158158967686
chr1	158724131	159016830	0.461969877768577	2.75484257342263	3	1	0.698628333840279
chr1	162566067	182856599	-0.899081283371837	1.0724561914968	1	-1	0.924656760398729
chr1	182883598	233362341	-0.887505399332793	1.0810959717901	1	-1	0.922738307556172
chr2	64104679	86930292	0.749254637978863	3.36184832816986	3	1	0.921588594680215
chr2	87985706	88750265	0.571870004797339	2.97289808140875	3	1	0.866124768369418
chr2	94197668	95797886	0.628398272324806	3.09169557841521	3	1	0.902805930080719
chr2	95980614	97144655	0.519104986640068	2.86613186499409	3	1	0.805520321333898
chr2	97513141	97576429	-0.81535272755972	1.13653906442618	1	-1	0.90247845997428
chr2	97578868	100726662	0.530857421439112	2.88957521100598	3	1	0.821788220646219
chr2	109871315	127322292	0.607953031939865	3.04819042285206	3	1	0.892206091359733
chr2	174350539	174387854	-0.710025252754498	1.22261887693607	1	-1	0.821413018745848
chr2	232210261	242175633	-0.939164509096049	1.04306964654276	1	-1	0.929426804123052
chr3	10202	5174541	-0.779748744182856	1.16493645094461	1	-1	0.884448706227299
chr3	5178161	5184814	7.77804234489085	438.989415452042	439	2	0.999994042608252
chr3	5184989	37653914	-0.752982811107686	1.18675093703593	1	-1	0.865451979857558
chr3	83607767	90704686	0.51314882213646	2.85432343582277	3	1	0.796589170746559
chr3	98149921	98391234	1.10229060408525	4.2939059859722	4	2	0.768684323674131
chr3	101593407	124702159	-1.15161639960213	0.900241264504575	1	-1	0.925768828605254
chr3	138734593	146458514	0.486588256956805	2.80225502456224	3	1	0.750686016134396
chr3	146459809	160536920	0.8094938165451	3.50519283881127	4	1	0.904620399913533
chr3	160565131	198228341	1.15792042999608	4.46271114737374	4	2	0.879895671539748
chr4	53344	2274236	0.471574143130804	2.77324320737451	3	1	0.72006211061469
chr4	9160776	9368010	1.19323648254606	4.57330292327571	5	2	0.915289687574797
chr4	36107525	43380775	-0.845027804266732	1.11340016007401	1	-1	0.912881551882499
chr4	48228381	49654578	0.717585782161859	3.28885586295846	3	1	0.923060309667843
chr4	51843059	55580988	0.421775282523164	2.67914986184772	3	1	0.593707992223187
chr4	55582127	57510576	0.864998408738952	3.64267531657457	4	1	0.864747974799843
chr4	57510577	67495287	0.498908942506436	2.82628889739355	3	1	0.773252174354935
chr4	88747573	91086128	0.947294992862402	3.85650770386453	4	1	0.724571375004277
chr4	91086329	190196187	-1.43725298486466	0.738539513288651	1	-1	0.835978648411153
chr5	10202	2752784	0.727975328488771	3.31262599567492	3	1	0.923071996110046
chr5	17491204	17705659	4.77814442796835	54.8775598532899	55	2	0.999174855267341
chr5	34178929	34193613	1.83637188990254	7.1422166153824	7	2	0.970820658802487
chr5	55467842	56860072	-1.03611585477864	0.975277139324524	1	-1	0.932670386444275
chr5	62536629	69400100	-1.05375981225608	0.963422276467571	1	-1	0.932321212327802
chr5	69400132	112827226	-1.01438324967103	0.990079823845701	1	-1	0.932740747616728
chr5	112827227	112836688	5.2376625276294	75.4611681128305	75	2	0.999578651994237
chr5	112836944	118393579	-1.06163721380014	0.95817613495595	1	-1	0.932083252964685
chr5	156017875	158209239	-1.02278133559809	0.984333202778375	1	-1	0.932761831430056
chr5	168149273	171390229	-0.601684366366669	1.31796826603351	1	-1	0.604697500723416
chr5	171420163	178782448	-0.586371133011196	1.33203211601712	1	-1	0.561868927849439
chr5	178782649	181472427	-0.55672829615744	1.35968428816033	1	-1	0.474677088049225
chr6	105929	5085806	1.14471322920397	4.42204353700247	4	2	0.860510236839452
chr6	5085809	29728139	0.452256281169826	2.73635665258937	3	1	0.675482384586741
chr6	29736264	29942597	1.24571577944585	4.74272355739921	5	2	0.939745984074569
chr6	29942602	29975406	-2.67378772367907	0.313429369317893	0	2	0.594245299188615
chr6	31166958	31529986	1.73954810197804	6.6786110741253	7	2	0.967931166364537
chr6	31880651	32442692	-0.55757461790736	1.35888689654563	1	-1	0.477204019467318
chr6	32442878	32763575	7.38543588176079	334.401122916465	334	2	0.999987783573998
chr6	33092941	33177829	0.847421625192233	3.59856476941491	4	1	0.880742920821268
chr6	43010430	45813909	0.450231812671933	2.73251954029577	3	1	0.6704741843158
chr6	45813910	58411655	0.798088738186886	3.47759213568908	3	1	0.909523884426269
chr6	60281411	62536168	0.721149854406292	3.29699078428229	3	1	0.92311755227586
chr6	107720656	110887675	-0.9410997136882	1.04167143008479	1	-1	0.929594440137401
chr6	110888893	110893664	0.569118222226357	2.9672330088243	3	1	0.863687124062383
chr6	110893865	133382600	-0.939401119328513	1.04289859118645	1	-1	0.92944757615542
chr6	137871517	137881396	1.6556939994352	6.30149437807558	6	2	0.96524285655652
chr6	164541874	165543712	-0.959661922024226	1.02835478081518	1	-1	0.930954297450479
chr6	165545055	169718036	-0.974490120663255	1.01783935477757	1	-1	0.931743852919647
chr7	13744	17897496	-0.833347574730327	1.12245096810996	1	-1	0.90919986194072
chr7	19772399	35143720	0.727554512994918	3.3116598864016	3	1	0.923080735709741
chr7	35144997	35183589	-0.699045051492203	1.23195960205476	1	-1	0.806842298126985
chr7	35185778	36134993	0.961662688594611	3.89510626673368	4	1	0.685562182110033
chr7	50319018	50400774	7.2010968504917	294.290436634954	294	2	0.999983013588624
chr7	63124579	63456022	-0.774444663920581	1.16922723216456	1	-1	0.881106162741487
chr7	92813890	92834147	7.68361954191552	411.178078851545	411	2	0.999992905287223
chr7	97281436	100990739	0.726645483086405	3.30957389484806	3	1	0.923096944969885
chr7	101133906	103210462	0.913514969612269	3.7672583400598	4	1	0.797687020833899
chr7	103279764	120140234	0.882429225931587	3.68695351203871	4	1	0.844962881039344
chr7	129770371	139778044	0.735735480773014	3.33049237924048	3	1	0.922769611112151
chr7	139778236	159294947	0.843263547826953	3.58820806341937	4	1	0.884018006668714
chr8	64084	1697380	-1.76575997321723	0.588143468721386	1	2	0.423909897694504
chr8	7254144	7362983	0.565474559625007	2.95974843705348	3	1	0.860350557965309
chr8	7372994	7611078	-1.3296759873626	0.795715172122525	1	-1	0.887837537743266
chr8	7743249	8184876	-1.0270735179736	0.981409051175075	1	-1	0.932748925133725
chr8	39375698	39648558	2.92494918072714	15.1889388918323	15	2	0.990910082769828
chr8	39663772	43957107	0.505899859625459	2.84001757889297	3	1	0.785066724338145
chr8	60780950	60816090	7.57587133254567	381.587825408302	382	2	0.999991353314907
chr8	72050762	108985462	0.402899699673002	2.64432536275609	3	1	0.537079057052192
chr8	108985463	145054157	1.24931657911519	4.75457563044764	5	2	0.94070108680979
chr9	12193	328218	0.721922237889324	3.2987563847403	3	1	0.923122650418345
chr9	1457508	7778232	0.624747756671901	3.08388241227359	3	1	0.901107057851221
chr9	14398381	21968643	-1.15175293052932	0.900156073278887	1	-1	0.925753994623999
chr9	21968684	21973953	1.06796570488071	4.19295022789311	4	2	0.660162999941108
chr9	21974125	25446262	-1.94899018080427	0.517994907317929	1	2	0.597072674618857
chr9	36840509	37034074	6.4446122404968	174.201379746811	174	2	0.999937537881944
chr9	39607423	42569325	0.565382481752766	2.95955954152526	3	1	0.860264607097395
chr9	68251192	74938269	1.44911866856656	5.46082403195972	5	2	0.957800024663471
chr9	77019668	78317717	-0.95961884872845	1.02838548397117	1	-1	0.930951636403373
chr9	87315785	91361917	-1.40626608286625	0.754573801916978	1	-1	0.854226971356105
chr9	105521091	105526500	0.907125644637365	3.75061101316652	4	1	0.808821660529124
chr9	129873360	138320875	0.435319563412579	2.70442064099955	3	1	0.631680804595476
chr10	24255428	28832621	0.864826184363176	3.64224049145887	4	1	0.864922843600096
chr10	60181323	70161846	-0.934104998686442	1.04673409837249	1	-1	0.928963895051524
chr10	87864277	87964934	7.23519091322321	301.327997113627	301	2	0.999984012434967
chr10	88948698	94658309	-0.944946769049138	1.03889743466813	1	-1	0.92991264311215
chr10	94683738	95065033	0.400121247694961	2.63923762034759	3	1	0.52844272658102
chr11	86608	551726	-1.60100185815491	0.659295958089032	1	-1	0.67266351413301
chr11	34482378	38271649	-0.961713971822115	1.0268931169837	1	-1	0.931078535178849
chr11	55467143	55542341	3.29439010673847	19.6218628224711	20	2	0.994132797050937
chr11	55554263	55683748	-0.630546962224705	1.29186295981903	1	-1	0.678409824730848
chr11	61204068	61248444	-1.65998091749624	0.632886668111407	1	-1	0.579978312460759
chr11	62692261	62839805	0.673666527339668	3.19024346315604	3	1	0.917799203149211
chr11	66976484	71389453	0.828524362606804	3.5517360301282	4	1	0.894241648237304
chr11	71407608	89402555	0.537196936479786	2.90230056997112	3	1	0.829852549292326
chr11	105001956	113760600	0.436528531413072	2.70668787574969	3	1	0.634947607367698
chr11	113760752	132111906	0.60305234392834	3.0378535971746	3	1	0.889251488795358
chr11	132146174	135036987	-0.565678282676713	1.35127538191206	1	-1	0.501348517996428
chr12	11022417	11133533	-1.03549834835062	0.975694669564921	1	-1	0.932677941771594
chr12	19519042	27766862	0.589837063320884	3.01015351159612	3	1	0.880406132324529
chr12	27771005	34679924	0.931183876859829	3.81368021793559	4	1	0.762574669516956
chr12	37279925	40473302	0.519131074813646	2.86618369356459	3	1	0.80555840097264
chr12	40524986	47865426	0.628507171467386	3.09192895809374	3	1	0.902855377520344
chr12	64566693	64622708	6.81235808198074	224.778163995362	225	2	0.999966494236829
chr12	73013407	105495951	-0.639672129182544	1.28371760558554	1	-1	0.699427032554856
chr12	111403225	111439011	6.74252642976874	214.157208655245	214	2	0.999962231745326
chr12	129134974	133234602	0.75266648841775	3.36980822059169	3	1	0.92115504311547
chr13	18171403	19131386	-0.616613244941235	1.30440036966699	1	-1	0.644117864717754
chr13	27089774	27116660	1.73128164044344	6.64045289598182	7	2	0.967673956177594
chr13	40976205	41017372	6.82949659064584	227.464341855596	227	2	0.999967468092959
chr13	48304140	48479697	6.94205849805954	245.922256567807	246	2	0.999973225236825
chr13	49497125	92540479	0.53497816638607	2.89784045312727	3	1	0.827084880818112
chr13	92540480	114346545	1.025560650821	4.07150070129434	4	2	0.500873625948569
chr14	19499286	19976593	0.711152409129714	3.27422260338189	3	1	0.922817176862516
chr14	33106232	34875585	0.825029131899792	3.54314162126238	4	1	0.896372001498238
chr14	35775647	38099445	0.654524028166737	3.14819308767445	3	1	0.91275123153423
chr14	40382428	47035329	0.943325177146398	3.84591046725286	4	1	0.734490291146238
chr14	47059200	60125264	0.429670789100539	2.69385236908919	3	1	0.616144533044189
chr14	60125581	62178632	1.10410129536253	4.29929854573222	4	2	0.773593344620576
chr14	71587763	72824124	-1.84035582435992	0.558505802929298	1	2	0.511172001000487
chr14	104724318	106874939	-0.585306853271666	1.33301512197863	1	-1	0.558818386918903
chr15	19810202	21872559	-0.909125048394502	1.06501588707227	1	-1	0.926106855997236
chr15	65752325	70015814	0.582650068979915	2.99519528503564	3	1	0.875021934954172
chr15	82812954	82819574	-8.05750069446243	0.00750724512425335	0	2	0.60769225865426
chr15	92796359	92915320	7.13252118174978	280.629172778112	281	2	0.99998082116919
chr15	92924286	99276693	0.491108196181638	2.81104820953771	3	1	0.759227987590287
chr16	11761	1950975	-0.867012523138809	1.09656206997292	1	-1	0.918596937683249
chr16	12078650	18892345	0.431626799577732	2.69750717965184	3	1	0.621574465412014
chr16	18896079	36248209	0.728447090345848	3.31370940283192	3	1	0.923061267300724
chr16	46398210	47547578	0.720150985229724	3.29470885873844	3	1	0.923107095157015
chr16	59739780	79057244	0.544460887226227	2.91695046561957	3	1	0.838513238629892
chr17	7670087	7674149	2.26957777739587	9.6436398776259	10	2	0.981234591775364
chr17	12024637	12141397	7.14638756288831	283.339427940923	283	2	0.999981285201016
chr17	31095295	31373680	6.00354054800964	128.314513240328	128	2	0.99987146283125
chr17	36261255	36457734	-1.51774816724375	0.698461176996087	1	-1	0.77171226086721
chr17	37927397	38202355	-1.02620715324624	0.981998582233159	1	-1	0.932752805388792
chr17	46337327	46704895	1.24325200600417	4.73463104711973	5	2	0.939054547742115
chr17	51287973	59608138	-0.92609831309907	1.05255942513247	1	-1	0.928155491433469
chr18	47395	14156334	1.08761184869841	4.25043898006262	4	2	0.725698085987183
chr18	14156503	15380430	0.484240509143586	2.79769852598548	3	1	0.746126756892857
chr18	20951246	38807573	0.667621881379385	3.17690485037277	3	1	0.916396038174871
chr18	42033827	47896842	-0.963386692111747	1.02570318460086	1	-1	0.931176161847635
chr18	51047024	51078532	4.71341364337007	52.4697366314873	52	2	0.999095120708148
chr19	1208034	1226795	4.82497427731777	56.6881104869414	57	2	0.999228412573529
chr19	4885131	4921971	5.57697701333961	95.470096557832	95	2	0.999748413559733
chr19	27278209	34172805	0.440480504386033	2.71411246738019	3	1	0.645479225174593
chr19	34194502	41026193	0.662139624816169	3.16485548636776	3	1	0.914972885409702
chr19	43835425	44236684	0.754209522926874	3.37341432715166	3	1	0.920940531999855
chr19	54747401	54786503	-0.762827902920415	1.17868000251967	1	-1	0.873079970793825
chr19	54786508	54818525	0.546393722816957	2.92086103848479	3	1	0.840717098594148
chr19	54819797	54852193	-2.05482953103219	0.481354095031222	0	2	0.631227355730651
chr19	55817876	58599432	0.408062719746181	2.65380565027379	3	1	0.55294197808218
chr20	87618	6169805	-0.847576301724217	1.11143509283864	1	-1	0.913621317658611
chr20	6200249	6214618	2.79150512262002	13.8470343842218	14	2	0.989407093141891
chr20	6215029	7329309	-0.82888887590832	1.12592530758868	1	-1	0.90765980610327
chr20	13079646	20246273	0.452390771143373	2.73661175132973	3	1	0.675812855776875
chr20	30130650	38139759	0.495778822279344	2.82016353218223	3	1	0.767732865406549
chr20	46608752	62700500	0.87891062422717	3.67797232508529	4	1	0.849305218544568
chr21	44102772	44230164	-0.567373921113979	1.34968812442452	1	-1	0.506381576454398
chr22	18386353	18734086	0.94331640857217	3.84588709221657	4	1	0.734511793038656
chr22	23786710	23983664	0.848773446092888	3.60193824387782	4	1	0.879638518819384
chr22	46350242	50799120	-1.09852863535364	0.933985051406196	1	-1	0.930303704604155
chrX	284105	3843428	-1.14028650864819	0.907338946567224	1	-1	0.926941109703349
chrX	3854827	3920281	2.29270372021412	9.79946997554299	10	2	0.98168736252551
chrX	3931682	15564203	-0.66169268893132	1.26427237470753	1	-1	0.745184181123999
chrX	15566250	25013397	0.467829219309117	2.76605380382882	3	1	0.711876706658435
chrX	25013400	58510623	1.10538300292118	4.30311979123715	4	2	0.777014571911027
chrX	62510624	67466221	0.85472761069188	3.61683456613798	4	1	0.874533378001064
chrX	77523223	77717095	7.23361616169392	300.999266627055	301	2	0.999983967562609
chrX	89204518	97848739	-0.723464025841218	1.21128300288019	1	-1	0.837280441729105
chrX	97848940	102514356	-0.724648523095298	1.21028891021362	1	-1	0.838581083075218
chrX	102514940	102566676	2.630289699057	12.383006256936	12	2	0.987302837181147
chrX	102602034	103084921	-0.665352132282806	1.26106957003534	1	-1	0.752099647806618
chrX	103087294	103215860	1.50459207985061	5.67488863054435	6	2	0.959932228647416
chrX	103216139	103910906	-0.600157744039807	1.31936364388095	1	-1	0.60052693798203
chrX	103928218	109783573	-0.703996836942953	1.22773837568439	1	-1	0.813599596001737
chrX	135160357	135193143	2.86921021001516	14.6133010977308	15	2	0.990306903913606
chrX	154182561	154349156	0.904471446146202	3.74371716922178	4	1	0.813218328451301
