Chromosome	Start	End	Segment	CNF	CN	Call	ProbCall
chr1	16734779	16953540	0.869235298834385	3.6533888072042	4	1	0.807083190575484
chr1	25246375	25390915	-0.679526049646113	1.24874071451693	1	-1	0.785091069530351
chr1	72235521	72342730	1.83707986221841	7.14572236842157	7	2	0.999874342812437
chr1	77259608	77936055	0.383298204160186	2.60864061917437	3	1	0.494211112773932
chr1	103546863	103572258	-0.781557248920967	1.16347704816902	1	-1	0.84227492091387
chr1	109681709	109700399	-3.30358593964112	0.202558995464215	0	-2	0.596369193412529
chr1	121649147	121969146	-0.998320084923608	1.00116510660875	1	-1	0.877993075711437
chr1	143189147	143289146	-2.76846161669012	0.29352156017973	0	-2	0.556128082237227
chr1	143289147	144325335	0.452044678038462	2.73595533480652	3	1	0.783001472959755
chr1	146088484	146098060	0.761556961598865	3.39063846469774	3	1	0.914205923193142
chr1	146109791	146124906	1.74382987503066	6.69846195985399	7	2	0.999826123157795
chr1	148551343	148560894	-1.36169009611686	0.778252334209163	1	-1	0.744089426330681
chr1	149536490	149539720	-0.668728433225662	1.25812177303604	1	-1	0.775929977272665
chr1	182858118	182883568	0.723756584499986	3.30295332930026	3	1	0.930131966777851
chr1	234609721	235480078	0.534939586022948	2.89776296049097	3	1	0.919596144413353
chr2	11451527	11465834	-0.603370481346756	1.31642882222781	1	-1	0.693968301839065
chr2	69557251	69895314	0.546705121280007	2.92149155968332	3	1	0.927004895186378
chr2	86879429	86930292	0.728320944933066	3.31341967357221	3	1	0.92857018562853
chr2	95838741	95982361	-0.812368651173529	1.1388923194273	1	-1	0.8527747314168
chr2	97144535	97191307	-0.976677235129077	1.01629748725376	1	-1	0.877832478636601
chr2	97504815	97576429	-1.0811615802718	0.94529623867354	1	-1	0.872320206319568
chr2	169563092	169631058	0.515246050554184	2.85847574880136	3	1	0.902509794235453
chr2	171517245	171747887	0.532853463626867	2.893575852629	3	1	0.918084737648222
chr3	5178161	5184814	8.23373194925112	602.046850282203	602	2	1
chr3	93714064	93906186	0.646483758485257	3.1306967231337	3	1	0.944952246033423
chr3	155922139	156057434	1.04522076096417	4.12736423750143	4	2	0.734168642795432
chr3	168672209	169143880	0.641489373217496	3.1198774773333	3	1	0.945217047992617
chr3	186669893	186725297	0.47372719747384	2.77738503974283	3	1	0.838217505577925
chr4	9229823	9359889	0.761556961598865	3.39063846469774	3	1	0.914205923193142
chr4	9459599	9483824	-3.53742398896739	0.172250014684391	0	-2	0.599472109975065
chr4	49502116	49644578	-0.674907528481197	1.2527447324439	1	-1	0.781278210731484
chr4	54723519	54727332	2.69330793956979	12.9358947399072	13	2	0.999995127638912
chr4	54727335	55580988	0.446525858449609	2.72550932904598	3	1	0.766056023439609
chr4	68517034	68669987	0.437251926644233	2.70804540178184	3	1	0.734810436397579
chr4	190066847	190196187	1.30235891029604	4.93263627893665	5	2	0.997974627408478
chr5	17491204	17675659	1.05404129264328	4.15267593786061	4	2	0.762844947796547
chr5	34178929	34213813	1.89395670913539	7.43306234719941	7	2	0.999897214850037
chr5	72891729	72905396	1.03575131977057	4.10036210301971	4	2	0.701677001021314
chr5	80331635	80360170	2.65751051950633	12.6188673723996	13	2	0.999994364307586
chr5	103005017	103011255	0.710327169812399	3.27235024331745	3	1	0.934229766954718
chr5	112827041	112836688	6.04943236788553	132.461782564766	132	2	0.999999999999863
chr5	171391180	171410525	1.08098720138108	4.23096632002308	4	2	0.839050609742518
chr5	178767282	178802648	0.810195654457493	3.50689844923987	4	1	0.88055192806185
chr5	180948273	181002863	-4.90778149477412	0.0666255110922703	0	2	0.560757772810632
chr6	29153074	29262987	1.29568986366273	4.90988714313739	5	2	0.997711745996143
chr6	29826895	29995606	2.10082487984928	8.57909150656274	9	2	0.99995138628808
chr6	31166186	31529986	1.20986164314598	4.62630904361398	5	2	0.98629405832191
chr6	31869475	31880461	0.70673741851924	3.26421801800387	3	1	0.935205878246173
chr6	31980662	32045432	-1.00969129008847	0.993305021501796	1	-1	0.877809338755803
chr6	32442878	32805175	6.02927802871749	130.624167171412	131	2	0.999999999999845
chr6	33092941	33176577	0.423899584581016	2.68309769251654	3	1	0.68377966871388
chr6	110888893	110893664	1.18574556145148	4.5496184547212	5	2	0.977099815943709
chr6	118469099	118482011	-0.788611820108349	1.15780169992122	1	-1	0.844887826865429
chr6	137871517	137881396	2.05533446655745	8.31279979721441	8	2	0.999942546792384
chr6	159710946	159712598	-1.86744361276165	0.548117228396387	1	2	0.590791780634842
chr7	6796504	6822434	0.986122105502909	3.96170678085662	4	2	0.516669866431864
chr7	35117809	35162006	-1.60405044771432	0.657904256719555	1	2	0.429274337599972
chr7	50319018	50400774	6.96662831990489	250.146302954625	250	2	1
chr7	56976176	57038104	1.30414152563411	4.93873488429183	5	2	0.998038121503224
chr7	74529693	74711184	0.476089612661686	2.78193673739671	3	1	0.843211493300039
chr7	92813890	92834147	7.59154058655321	385.754877065159	386	2	1
chr7	97734098	97780191	-0.657313991281686	1.26811537390573	1	-1	0.765227556471462
chr7	103184008	103254793	-1.10251329110331	0.931408987807177	1	-1	0.869145960407026
chr7	142065627	142094610	-4.05425182289917	0.120386721376199	0	-2	0.575461779067762
chr7	151470440	151491066	1.34619273510056	5.08480601036387	5	2	0.998965581935962
chr8	7254144	7295155	1.91103832817974	7.52159344411608	8	2	0.999903273833935
chr8	7731996	7985588	-0.536335974935018	1.37903973354732	1	-1	0.521083222936032
chr8	7990519	8033427	0.708927786149188	3.26917767173455	3	1	0.934616062885686
chr8	39345132	39552152	9.89152649314405	1899.66128976249	1900	2	1
chr8	41896346	43977107	0.402519336513013	2.64362828447881	3	1	0.588842898894982
chr8	60780950	60816090	7.43835407694603	346.894721271868	347	2	1
chr8	86461106	86466884	1.08408332032003	4.24005600351085	4	2	0.846614320026769
chr8	94739418	94765180	1.4934248999986	5.63113172808411	6	2	0.999591733861512
chr9	21968066	21974385	1.98877699223327	7.93800786757837	8	2	0.999926817991764
chr9	34837642	34895641	0.768932804895492	3.40801764444165	3	1	0.910197914686427
chr9	36840509	37034074	6.85914249394952	232.186856002831	232	2	0.999999999999999
chr9	42860442	42913869	-0.954895096463503	1.0317581994171	1	-1	0.876992286992264
chr9	83799172	84123079	0.399269838693123	2.63768052915482	3	1	0.573278221072526
chr9	105521091	105526500	1.27369527037137	4.83560120776232	5	2	0.9964832140938
chr10	37149806	37199805	-1.65230909134691	0.63626113676085	1	2	0.48152763030372
chr10	47483864	48053737	0.443650862871261	2.72008335568875	3	1	0.756742404611864
chr10	87864277	87964934	7.27046838857649	308.787039102654	309	2	1
chr10	94608310	95067776	0.392760211936353	2.62580578354588	3	1	0.541466774360524
chr11	100859420	100933191	0.87281232539828	3.66245827969128	4	1	0.801021393987612
chr11	105001956	105180051	0.403859693689633	2.64608552774906	3	1	0.595191427114795
chr11	123940549	123995018	0.424782130685126	2.68473953765809	3	1	0.687365870702085
chr11	123995219	124093942	-0.699582162690048	1.23150103241966	1	-1	0.800041173191688
chr12	9480523	9593660	-2.18759085500033	0.439035390579422	0	2	0.541292012700539
chr12	21376220	21452357	-0.602813570102138	1.31693709009732	1	-1	0.69299084014915
chr12	21455006	21471614	0.730714534704299	3.31892156415008	3	1	0.927715026497998
chr12	43796896	43804501	1.21339552066242	4.63765506518486	5	2	0.987298435892181
chr12	56107061	56112840	0.597886591962435	3.02699562911723	3	1	0.943407530537775
chr12	63595950	63644414	-1.00440566009089	0.996950887145049	1	-1	0.877917745296103
chr12	64566693	64622708	6.66289376914479	202.656658770687	203	2	0.999999999999997
chr12	111403225	111439011	7.0548965272368	265.928856849548	266	2	1
chr12	112379648	112504889	0.752245518751214	3.36882507442753	3	1	0.918807888460784
chr13	18171403	18219551	-0.757187341722384	1.18329735424003	1	-1	0.832182453947251
chr13	18219563	18409024	0.770145636673669	3.41088387040348	3	1	0.909506316845902
chr13	27089774	27116660	1.53809371891773	5.8082104145383	6	2	0.99965030509764
chr13	27423514	27436005	-0.606232249443303	1.31382010736043	1	-1	0.698894327001149
chr13	40958871	41017372	7.02350148190695	260.204388134091	260	2	1
chr13	48304140	48479697	6.73234750921455	212.651542445812	213	2	0.999999999999998
chr13	48555971	48888086	0.782495386953964	3.44020702695314	3	1	0.901902406910161
chr13	52229215	52279999	4.01985623336972	32.4434701538482	32	2	0.999999987774995
chr13	75302095	75310247	1.64857047811924	6.27045650257457	6	2	0.999759128230377
chr14	18601061	19474470	-0.810160446160512	1.1406368553915	1	-1	0.852097913977034
chr14	35654227	35761049	0.816857144921343	3.52312862046629	4	1	0.874378999853426
chr14	35762618	35775846	-1.9229172642635	0.527441405398849	1	2	0.589661593446575
chr14	104944067	104952904	-0.529707749644944	1.38539008163332	1	-1	0.497398595359876
chr15	19790202	22573064	-0.876820043318425	1.08913286144809	1	-1	0.86809810458524
chr15	30720060	30795542	-1.13105949343687	0.913160592585644	1	-1	0.863684842815182
chr15	34381719	34697022	-0.614061055263444	1.30670995238708	1	-1	0.71158085092004
chr15	65752325	65791467	0.771592558918786	3.41430646444275	3	1	0.908668799332219
chr15	92832588	92915320	6.5416633075052	186.323173569666	186	2	0.999999999999994
chr16	14688070	15029002	0.385527518612307	2.61267471893083	3	1	0.50541431706283
chr16	18332449	18391232	0.678380858743508	3.20068535446394	3	1	0.941300776346436
chr16	20488316	20535464	2.32880989317895	10.047814941169	10	2	0.999979383402485
chr16	21457801	21479609	-0.824897527848094	1.12904459605747	1	-1	0.856409609033664
chr16	21890042	21910041	-0.630184666468576	1.29218741871517	1	-1	0.73447398619623
chr16	35090462	35508209	0.460609135794081	2.75224544615126	3	1	0.806916311298856
chr16	74360587	74441481	0.625734573855627	3.08599253888153	3	1	0.945466531005634
chr16	81014076	81026631	-0.949704495927036	1.03547699661215	1	-1	0.876690496681517
chr17	7670087	7674149	2.05832099264234	8.33002596563824	8	2	0.999943171127773
chr17	12024637	12141397	7.15069099309873	284.185865897159	284	2	1
chr17	18890186	19242559	0.490300898044744	2.80947565324695	3	1	0.869504578897456
chr17	31094279	31373680	6.48154267593614	178.718190780694	179	2	0.999999999999992
chr17	37925964	38195978	-0.925057676020214	1.05331892555985	1	-1	0.874712423228868
chr17	39501238	39873154	0.47752642230628	2.78470870547471	3	1	0.846157856329747
chr17	42217125	42569509	0.54685058899517	2.92178615009664	3	1	0.927085515856736
chr17	46334772	46517378	1.04765846617989	4.13434409260755	4	2	0.742257423371798
chr17	46550353	47708995	0.582808397703384	2.9955240111042	3	1	0.940629652832929
chr17	67719737	67724269	-1.47796387531245	0.717990233364863	1	-1	0.600323060586645
chr17	82559192	82631118	1.05430651497057	4.15343942812691	4	2	0.763681080509303
chr18	13024285	13037370	-0.808764415138704	1.14174113250332	1	-1	0.851664286166561
chr18	51047824	51078532	4.54449427386071	46.6722875205655	47	2	0.99999999916818
chr19	1208034	1226795	4.70277166947824	52.0841200125855	52	2	0.999999999643179
chr19	4885131	4921971	5.81127805036471	112.304976670815	112	2	0.999999999999401
chr19	21371846	21407672	-0.505990924381306	1.40835308646662	1	-1	0.405579313710264
chr19	24126194	24448208	0.402360932718604	2.64333803757917	3	1	0.588089757173036
chr19	54747401	54805005	-1.73814358646891	0.599510286732043	1	2	0.551859942871926
chr19	54805932	54817564	0.392875462713516	2.62601555639234	3	1	0.542036160235819
chr19	54818359	54855942	-2.49952042046407	0.353670938066094	0	-2	0.517854940701825
chr20	6200249	6214618	2.98085213449643	15.7890463915051	16	2	0.999998531964978
chr22	10510202	11125433	-0.516161944397991	1.39845909507215	1	-1	0.446029644712013
chr22	11125634	11319686	0.579001908435529	2.98763086633997	3	1	0.939701449285858
chr22	11319687	11972641	-0.863518212957219	1.09922124048709	1	-1	0.865586593852199
chr22	15623925	15877491	-0.854033359381258	1.10647176789286	1	-1	0.863600135160711
chr22	23786710	23831850	5.4327853841778	86.3895787477741	86	2	0.999999999994186
chr22	41160639	41173780	0.857911845426882	3.62482625457867	4	1	0.824891933942618
chrX	2789563	9030403	0.976462616940937	3.93526998388755	4	1	0.518105235338859
chrX	9032104	58550623	0.975308035687864	3.93212186789616	4	1	0.522320939662742
chrX	62470624	83870008	1.07291574337849	4.20736139031189	4	2	0.818151031897631
chrX	83871393	115130262	0.9544396520235	3.87565365745635	4	1	0.595355521847915
chrX	115149797	124364504	0.936165665384896	3.8268720487474	4	1	0.653137323840703
chrX	124365706	136737569	0.973364646343681	3.92682865001205	4	1	0.529381650482954
chrX	136743556	155685512	0.991035328804344	3.97522171757073	4	2	0.535137219867938
