Chromosome	Start	End	Segment	CNF	CN	Call	ProbCall
chr1	44467942	44937015	0.416868116885912	2.67005251416344	3	1	0.521930738806104
chr1	65218842	65228136	1.21952391212869	4.65739715600792	5	2	0.972338605309657
chr1	72297731	72347730	9.08573872308104	1086.70054302313	1087	2	0.999999999998651
chr1	79284267	79654266	-0.634596003348609	1.28824232439497	1	-1	0.742099935159213
chr1	109675069	109700399	-2.70881388414036	0.305911472056018	0	-2	0.604298515662569
chr1	121548060	121974146	-1.11885518318904	0.920918133742361	1	-1	0.878496469814326
chr1	143189147	143274146	-3.03518261055555	0.24397705660164	0	-2	0.645268438888482
chr1	146071097	146087661	-0.750111966337778	1.18911482522906	1	-1	0.844467221850297
chr1	146138269	146142827	-3.02790589415392	0.245210745376696	0	-2	0.64445513363144
chr1	158808424	158834277	1.02543190030333	4.0711373643327	4	2	0.651146546063796
chr1	198909352	199024351	-0.601450623509722	1.31818181818182	1	-1	0.678025056369946
chr1	207526810	207609774	0.709713887024243	3.27095947844484	3	1	0.915762974217065
chr2	4148723	4183722	-2.1539916465385	0.449380165289257	0	-2	0.5108235447608
chr2	41540583	41630582	-0.605560876912211	1.31443164893787	1	-1	0.687267844916717
chr2	94145094	95819273	0.518216819690669	2.86436793006103	3	1	0.824223709060262
chr2	96285054	96929354	0.818932040020073	3.52819925657269	4	1	0.852826353928441
chr2	97152442	97191307	-1.2311618453562	0.851948515869637	1	-1	0.85253946794049
chr2	97511107	97560805	-1.77227084157286	0.585495163485212	1	2	0.441405571833959
chr2	111278766	122235580	0.820013144928555	3.53084415584416	4	1	0.851719803134302
chr2	146614141	146674140	-0.877721135024114	1.08845281324993	1	-1	0.878923127155675
chr2	174380083	174387854	-2.71288796604888	0.305048815524397	0	-2	0.604867539124236
chr2	183998236	184644354	0.583348049629618	2.99664472104957	3	1	0.898131690631656
chr2	184644355	184669354	-1.44944753006467	0.732323232323235	1	-1	0.714867848458747
chr2	184669355	185479256	0.405452276252794	2.64900813881666	3	1	0.475732734328646
chr2	195214748	195279747	-1.21812198395822	0.859683794466403	1	-1	0.856659685132542
chr3	585970	640969	-0.679924681532809	1.24839572192513	1	-1	0.798298672618991
chr3	5178161	5184814	8.51844395593059	733.393645654781	733	2	0.999999999986684
chr3	75376602	75594964	0.637657943078589	3.1116028708134	3	1	0.918899956914119
chr3	90419687	90479686	-0.626902076272989	1.29513090360035	1	-1	0.729253600118137
chr3	90479687	90534686	1.44982988143397	5.46351674641149	5	2	0.990033437502324
chr3	90569687	90719686	0.566453218437061	2.96175687714993	3	1	0.885450463624129
chr3	94827117	94852116	-2.05122318088567	0.482558856156786	0	2	0.498359845266071
chr3	98149921	98334159	1.03786810250391	4.1063827422319	4	2	0.692496859390868
chr3	103032831	103082830	-0.545907138086729	1.36992115480625	1	-1	0.515400724211232
chr3	118212600	118297599	-0.569029145817347	1.34814049586777	1	-1	0.591238775073262
chr3	155998016	156047434	1.88168450199558	7.37010157124138	7	2	0.995595585791977
chr3	159353012	159548011	-0.694560027901206	1.23579545454546	1	-1	0.810985538226455
chr3	162804160	162909159	-1.01648812278856	0.98863636363637	1	-1	0.886933414038572
chr3	174043086	174068085	-1.50191494995881	0.706168831168832	1	-1	0.654644761775925
chr4	4054390	4157180	1.31944376255319	4.99139736926004	5	2	0.986267843540761
chr4	9160776	9176074	2.50203843430463	11.3297053321824	11	2	0.998764670952106
chr4	9176275	9208469	-1.23493598760956	0.849722700505219	1	-1	0.851284167227807
chr4	9210624	9364635	0.528182114438951	2.88422180134543	3	1	0.840514464540995
chr4	9367841	9483824	-0.617762216745257	1.30336195020417	1	-1	0.712464835112663
chr4	12960369	12990368	-1.74715369856495	0.595777812283572	1	2	0.423818859934464
chr4	34623187	34753186	0.449954779282167	2.73199487884432	3	1	0.646867485975295
chr4	51795751	51820750	-3.2362187444015	0.212241878619995	0	-2	0.66599793737516
chr4	54714762	54727332	1.95090044677558	7.73231518941553	8	2	0.996155311632391
chr4	68560451	68720839	0.47536497354111	2.78053977272728	3	1	0.7269621508075
chr4	69402317	69478399	-0.561070546726584	1.3555980374321	1	-1	0.566288715242587
chr4	69480558	69785417	0.452588652831426	2.73698713384465	3	1	0.655910551656268
chr4	77310497	77550496	-0.612779670050864	1.30787107277203	1	-1	0.702572134714428
chr4	80673670	80880374	-0.578300090160433	1.33950494751287	1	-1	0.618558774161039
chr4	91819313	92194312	0.436684505377054	2.70698051948053	3	1	0.599016871938457
chr4	135146516	135226515	-0.613055643090169	1.30762091412788	1	-1	0.703134185379614
chr4	160553433	160653432	-0.570056028766149	1.34718125647423	1	-1	0.59435966000471
chr4	180295820	180480819	0.457443065543848	2.74621212121213	3	1	0.672148288257812
chr4	186955088	187000087	-2.52618229590274	0.347194910352807	0	-2	0.577265839080232
chr4	190066847	190201387	0.514494723085468	2.85698749788384	3	1	0.817574110408641
chr5	17491204	17675659	0.620682207814412	3.07520419191989	3	1	0.915089156479717
chr5	22638878	22898877	-0.579253563830494	1.33861996440025	1	-1	0.621257210521686
chr5	26868750	26900777	0.462405781731994	2.75567506275396	3	1	0.688151422240998
chr5	29638586	29748585	0.515467759121531	2.85891506358639	3	1	0.819343081110434
chr5	29748586	29808585	-0.656359691119074	1.26895447226327	1	-1	0.772796951386655
chr5	34068314	34139737	-0.842951867793876	1.115003417635	1	-1	0.872948457445073
chr5	34139738	34198813	1.66519503587645	6.34313055365688	6	2	0.993327996608472
chr5	42166577	42331576	-0.875132273543026	1.0904077540107	1	-1	0.878542536926359
chr5	69396265	69410633	2.3319947655489	10.0700208514696	10	2	0.99822887055646
chr5	70487640	70520200	-1.33873923872496	0.790732025293722	1	-1	0.803608548642295
chr5	80326702	80360170	2.11377034959964	8.6564191045125	9	2	0.997224146833078
chr5	91563292	91648291	-1.0627817750625	0.957416267942586	1	-1	0.884666924612657
chr5	92628292	92853291	-0.654685230362049	1.27042813645685	1	-1	0.770703175466565
chr5	105779044	105834043	-1.1539916465385	0.898760330578515	1	-1	0.872515862482628
chr5	112821838	112854346	4.63122155204611	49.5640286556784	50	2	0.99999352214512
chr5	118158580	118534228	-0.628735532277799	1.29348602561861	1	-1	0.732418254298744
chr5	171391180	171415725	1.03499721759142	4.09821938822119	4	2	0.68311800241445
chr6	29707774	29960784	0.999430215695264	3.99842053438365	4	2	0.560909209435446
chr6	31040130	31111745	0.840261431244383	3.58074909364933	4	1	0.828545359406378
chr6	31269363	31312275	1.50707383326845	5.68465909090911	6	2	0.991043969448223
chr6	31312276	31356634	-1.34041164136119	0.789815923073705	1	-1	0.802598393470379
chr6	31356689	31372419	1.46051344640988	5.50412580899564	6	2	0.99023291122737
chr6	31498068	31529986	0.871027917994105	3.65793114296046	4	1	0.783087515708278
chr6	31869475	31871551	1.96595647887633	7.81343252388527	8	2	0.996268058124416
chr6	32339520	32485364	-0.851229402767605	1.10862434736083	1	-1	0.874547481341692
chr6	32485365	32686911	7.22569142639963	299.350408012429	299	2	0.999999998285701
chr6	32686912	32711911	-6.35955926298529	0.0243563327308946	0	-2	0.636473581697735
chr6	33092941	33129196	2.79992937197746	13.9281271360218	14	2	0.99935665022141
chr6	37890227	37980222	-0.869371991217804	1.09477015375592	1	-1	0.877660292078272
chr6	74333373	74408372	-1.0281436258895	0.980681368493003	1	-1	0.886593084955394
chr6	88210493	88260492	-1.14017702809898	0.907407803624731	1	-1	0.875075933913202
chr6	95089407	95259406	-0.849487659194601	1.10996358076986	1	-1	0.87422069180411
chr6	103288810	103323809	2.89040247281995	14.8295454545455	15	2	0.999475095764797
chr6	110888893	110893664	1.10796102595726	4.31081612299111	4	2	0.872719943371649
chr6	123184127	123278415	-1.02967625244366	0.97964010877316	1	-1	0.886536919138686
chr6	137871517	137891596	1.52218072565866	5.74449760765553	6	2	0.99129071234812
chr6	141289160	141329159	-2.13133934986927	0.456491736661845	0	-2	0.505794531718135
chr7	34238593	34273592	-0.694560027901206	1.23579545454546	1	-1	0.810985538226455
chr7	50319018	50405974	7.04119963672394	263.416085593121	263	2	0.999999996708283
chr7	89972255	90077254	-0.7649493557926	1.17694805194806	1	-1	0.850709409114331
chr7	92805029	92854347	7.16707892293858	287.432407671658	287	2	0.999999997888544
chr7	100728358	100738579	-5.19732925489404	0.0545102272523567	0	-2	0.721160639090441
chr7	103184008	103277703	-0.829971488146559	1.12508071933903	1	-1	0.870196269141363
chr7	119030235	119085234	-1.42791436851503	0.743335611756666	1	-1	0.735959839770583
chr8	39355132	39537152	8.20297134989955	589.346115774471	589	2	0.999999999954366
chr8	43912108	43982107	0.493460045781367	2.81563445544132	3	1	0.773745124943576
chr8	45932108	45982107	-1.46468460102401	0.724629476944775	1	-1	0.698693143025033
chr8	60780950	60816090	7.3435770775919	324.838107391262	325	2	0.999999998876118
chr8	77465202	77625201	-0.557547433025319	1.35891250246164	1	-1	0.554833047084358
chr8	91580414	91680413	-1.01568617993727	0.98918606418684	1	-1	0.886951203884385
chr8	115497532	115520530	-2.50191494995881	0.353084415584416	0	-2	0.573446971413234
chr8	118977168	119032167	-1.01648812278857	0.988636363636363	1	-1	0.886933414038572
chr8	121042283	121117282	-1.05211203251929	0.964523281596453	1	-1	0.885407980530937
chr9	18261024	18361023	-0.719792737502915	1.2143693323098	1	-1	0.828579850676348
chr9	21968066	21974385	2.03171928249348	8.17783685843642	8	2	0.996725739134431
chr9	36840509	37034074	6.85949817105677	232.24410561395	232	2	0.999999993803586
chr9	60521462	60686461	-1.81980502156996	0.566518501741175	1	2	0.468474459798881
chr9	61523253	61692451	-1.78097736215537	0.581972399066787	1	2	0.4469920431982
chr9	71336535	71366534	-1.6328185011837	0.644915254041474	1	-1	0.452381865518179
chr9	105521091	105526500	1.29228944932168	4.89832822742041	5	2	0.984496337062535
chr10	37039474	37225124	-0.818686780630591	1.13391556720281	1	-1	0.867541678704815
chr10	38827723	38901402	1.62736806698616	6.17897727272729	6	2	0.992836798376052
chr10	39536403	39636402	-1.18244628304386	0.881207523152385	1	-1	0.866328743603071
chr10	47489943	48053737	0.611310198110756	3.05529185260429	3	1	0.912041954509902
chr10	53096966	53231965	-0.916952449237654	1.05925324675325	1	-1	0.883559864588829
chr10	53231966	53361965	0.467096180977747	2.7646487193353	3	1	0.70270305409854
chr10	53361966	53496965	-0.53106129561832	1.38409090909092	1	-1	0.462377381787548
chr10	56014490	56279489	-0.694560027901205	1.23579545454546	1	-1	0.810985538226454
chr10	59372704	59437703	-1.33841621767593	0.790909090909092	1	-1	0.803802643035317
chr10	87864277	87970737	7.26380549784511	307.364236220503	307	2	0.999999998503765
chr10	98854265	99109907	-0.585239884663535	1.33307700077959	1	-1	0.637713274904659
chr10	110603120	110614426	0.627368066986159	3.08948863636364	3	1	0.916839428794934
chr10	111719572	111899571	-0.649456741652833	1.27504066368442	1	-1	0.763893804540358
chr11	11095141	11195140	-0.668045582364842	1.25871740333813	1	-1	0.786317886678889
chr11	39796650	39906649	-0.987111718916149	1.00897349828102	1	-1	0.887114289959936
chr11	41171550	41201549	-4.1496900422282	0.112680514223762	0	-2	0.722073977143021
chr11	50780524	50820523	1.26261192982644	4.79859458313373	5	2	0.981353252139045
chr11	54591515	54675762	0.608542782279482	3.04943672838833	3	1	0.911000925326876
chr11	55083057	55188056	0.690837980937764	3.22844171378861	3	1	0.919269417123692
chr11	55188057	55223056	2.30543997209879	9.88636363636361	10	2	0.998127863536763
chr11	55598301	55727206	1.18906636967033	4.56010286869225	5	2	0.959974548341997
chr11	55727407	55772406	-0.979013417369905	1.01465311004785	1	-1	0.88699383127758
chr11	57917347	57938388	3.43893337947949	21.6896276258247	22	2	0.999855007119858
chr11	59333957	59415797	-0.690482962026986	1.23929276017625	1	-1	0.807659171362595
chr11	110214981	110272534	0.605000253957705	3.04195804195805	3	1	0.909569072962082
chr12	10422223	10476405	-0.965154590127711	1.02444704384864	1	-1	0.886615646870405
chr12	31114708	31159056	1.48706827458359	5.6063751080195	6	2	0.990705693260605
chr12	33734792	33779791	-0.813204524399825	1.13823265550239	1	-1	0.866157281027499
chr12	37249925	37274924	-1.10214420733328	0.931647300068351	1	-1	0.880749686417754
chr12	37799925	37954924	0.653363275519104	3.1456611570248	3	1	0.920698018912266
chr12	40630868	40680867	-1.16692136246833	0.890741451269246	1	-1	0.869861750272548
chr12	41284457	41314456	-5.50806622886655	0.0439477699691735	0	-2	0.707979268868938
chr12	64561653	64611410	6.7456703373102	214.624406913762	215	2	0.999999990836773
chr12	82048674	82153673	-0.864485029343515	1.09848484848485	1	-1	0.876872647017529
chr12	85244772	85278332	-0.859597345189645	1.10221269946497	1	-1	0.876047966033781
chr12	111403225	111439011	6.90346341659809	239.430547174221	239	2	0.999999994678147
chr13	18171403	18193202	-0.832128657325656	1.12339971550498	1	-1	0.870675254633018
chr13	27080650	27116660	1.14663473412888	4.4279371175643	4	2	0.927370431615999
chr13	40976205	41017372	7.22036154144417	298.24652977926	298	2	0.999999998252834
chr13	48304140	48485369	6.75450506227102	215.94274876785	216	2	0.999999991109597
chr13	52229215	52290199	0.664390361483688	3.1697968048349	3	1	0.921074137676001
chr13	57084747	57173577	1.17990909001494	4.53125000000002	5	2	0.954748308009848
chr13	64113258	64263257	-0.92971999529122	1.04992043710597	1	-1	0.884639907216574
chr13	92170221	92290220	-0.958577744219365	1.02912787452543	1	-1	0.886359554597693
chr14	19484471	19693966	1.47387820461513	5.55535152866735	6	2	0.990474598768329
chr14	28867449	29212448	0.430970854182657	2.69628099173555	3	1	0.577373035178856
chr14	35651696	35761049	0.71297522106377	3.2783621227225	3	1	0.914971289379746
chr14	40112428	40147427	-0.942487541344791	1.04066985645933	1	-1	0.885521957376347
chr14	45592482	45792481	0.61618416047193	3.06563122422192	3	1	0.913716425073076
chr14	48506207	48726206	-0.552541023028779	1.36363636363636	1	-1	0.538154752990438
chr15	19780202	22584703	-0.941120705580885	1.04165627338488	1	-1	0.885436823856251
chr15	92832588	92915320	6.4784948181971	178.341026770315	178	2	0.999999977393867
chr16	18334764	18417110	0.773267478457532	3.41827265919093	3	1	0.88950362014685
chr17	3142901	3190105	1.00372534740882	4.01034220335687	4	2	0.575955087756799
chr17	7669586	7675412	0.950217107386684	3.86432680433397	4	1	0.593348527880448
chr17	10306846	10539934	0.418579773071329	2.67322222360419	3	1	0.528781276267403
chr17	12024637	12141397	7.43633103853538	346.408624408372	346	2	0.999999999196152
chr17	19024616	19227559	0.959172928379018	3.88839000515482	4	1	0.565009606241703
chr17	21853115	21973114	1.38551858469554	5.22531707988502	5	2	0.988641402707238
chr17	31087598	31374064	6.45544511247559	175.514341853832	176	2	0.999999975586809
chr17	64967040	64973572	3.15500744253504	17.8148377941115	18	2	0.999714589435527
chr18	20915431	20945430	-0.560221366968411	1.35639618619786	1	-1	0.56354970294624
chr18	51037323	51088732	4.41959578799495	42.801687964084	43	2	0.999988397345508
chr18	65289101	65773301	-0.516488122788566	1.39814295370977	1	-1	0.408806114477001
chr19	1208034	1226795	4.72950774278586	53.0583439807314	53	2	0.999995080884319
chr19	4885131	4921971	5.70094512821694	104.036440033715	104	2	0.999999722879115
chr19	24408209	24448208	-1.29250185902046	0.816484917492509	1	-1	0.828256436420161
chr19	54735207	54744906	3.42187666303546	21.4347050932306	21	2	0.999848882970981
chr19	54747401	54786503	-1.06700158850714	0.954619963036456	1	-1	0.884336892672267
chr19	54786508	54909425	1.16037937694394	4.47032393226731	4	2	0.940484158974623
chr20	6200249	6230426	1.77845654831854	6.86117920525599	7	2	0.994621018790234
chr20	26278585	26318584	-3.16402100643151	0.22313349389847	0	-2	0.658935442617732
chr21	5283938	5388937	-1.04522564693404	0.969138225527543	1	-1	0.885815933276624
chr21	7964957	8104956	-1.36222182732503	0.777965548165699	1	-1	0.788592368050897
chr21	10570404	10813737	-0.753453716954772	1.18636363636364	1	-1	0.845949000998614
chr22	11216608	11289686	0.975500659294221	3.93264690613336	4	1	0.510568707815289
chr22	11289687	12057641	-0.610269570364992	1.31014857718459	1	-1	0.697382847965593
chr22	12057642	12127641	1.83824411115135	7.1514912642522	7	2	0.995207093788822
chr22	15935286	16015285	-0.876977293887569	1.08901415484415	1	-1	0.878814773342767
chr22	23786710	23831850	5.40753389920688	84.890658394762	85	2	0.999999319331778
chr22	23931873	23961138	2.36140515082645	10.2774122636708	10	2	0.998334812643376
chr22	25266975	25524745	-1.63679950983799	0.643138111888114	1	-1	0.445398242186013
chr22	38961985	38992404	-4.84867555096534	0.0694117854278671	0	-2	0.728747871507265
chr22	41160869	41173780	1.1045262394523	4.30056508546962	4	2	0.866393480822379
chrX	10202	1668252	0.670664213070744	3.18361132409435	3	1	0.920983225087764
chrX	2714374	6419178	1.47536497354111	5.56107954545456	6	2	0.990500998017142
chrX	6419179	8975333	0.72047747137764	3.29545454545455	3	1	0.912938824674116
chrX	8975334	12853076	0.720477471377636	3.29545454545454	3	1	0.912938824674118
chrX	12853077	13852120	0.726623131968496	3.30952262129319	3	1	0.911050783591643
chrX	13852121	14400226	0.629095929575168	3.09319101950682	3	1	0.917237666400814
chrX	14400227	20881871	0.720477471377641	3.29545454545455	3	1	0.912938824674116
chrX	20881872	21276871	0.926928348845062	3.80244755244755	4	1	0.66086583473113
chrX	21276872	21321871	-0.694560027901202	1.23579545454546	1	-1	0.810985538226451
chrX	21321872	26046499	0.72047747137764	3.29545454545455	3	1	0.912938824674116
chrX	26046500	26318378	0.527832393435241	2.88352272727273	3	1	0.839978746566461
chrX	26318379	26493378	0.897855792666729	3.72658920027343	4	1	0.731380634811306
chrX	26493379	27508517	0.72047747137764	3.29545454545455	3	1	0.912938824674116
chrX	27508518	27937597	0.98351187721143	3.95454545454545	4	2	0.505564293823598
chrX	28081662	28241661	1.01295872173822	4.03609105344957	4	2	0.608218174392381
chrX	28241662	28520858	0.466404019542474	2.76332264264889	3	1	0.700591284419692
chrX	28520859	28710858	0.770245308153094	3.41111952629459	3	1	0.891327162006385
chrX	28710859	33604655	0.753809509347987	3.37247911600682	3	1	0.900144027656748
chrX	33604656	34954958	1.042405566265	4.11931818181818	4	2	0.707082688634793
chrX	34979959	35254958	0.541711982441449	2.91139781271361	3	1	0.859362261386143
chrX	35254959	36160812	1.01595417880275	4.04447986531292	4	2	0.618619756179574
chrX	36204964	37334012	0.740918132047673	3.34247815623413	3	1	0.905853291478837
chrX	37384013	37556163	1.18514573838109	4.5477272727273	5	2	0.957838188107046
chrX	37556164	38611600	0.594402514407193	3.01969431945115	3	1	0.904578157827578
chrX	38611601	42173232	0.731589148345986	3.32093422382816	3	1	0.909375064574214
chrX	42313233	58550623	1.64581949411749	6.25851115786488	6	2	0.993080368123988
chrX	62465624	62615623	0.432604679138621	2.69933620882686	3	1	0.583618494971051
chrX	62615624	62645623	-3.15857684836015	0.223977101799254	0	-2	0.658385712196203
chrX	62645624	62885623	1.5499590124601	5.85617640511828	6	2	0.991726903215031
chrX	62885624	62920623	-1.86448502934352	0.549242424242424	1	2	0.486144162962697
chrX	62920624	63250623	1.19754930828774	4.58699491561638	5	2	0.964122160097749
chrX	63250624	63295623	-0.826294523840265	1.12795184442044	1	-1	0.869359169203787
chrX	63299395	63451980	0.676679432184288	3.19691288627354	3	1	0.920695994609052
chrX	63451981	64480613	0.89040247281995	3.70738636363636	4	1	0.74698296161065
chrX	64480614	64625613	0.585891431009997	3.00193227824807	3	1	0.899735231523652
chrX	64625614	66921221	0.864149143851416	3.64053163008001	4	1	0.794445754559546
chrX	66921222	67031221	0.462867295500588	2.75655673586469	3	1	0.689608208195371
chrX	67031222	67221221	1.34244026282068	5.07159753587547	5	2	0.987301382413852
chrX	67221222	67276221	0.771757976321328	3.41469796650717	3	1	0.890422648221285
chrX	67276222	73009409	0.833873895198155	3.56493036230108	4	1	0.836379137407388
chrX	73044410	73143047	0.978651500585352	3.94124518010765	4	1	0.499726313228983
chrX	73198048	73711303	1.08304755076235	4.237012987013	4	2	0.820812486856185
chrX	73711304	76045408	0.759544616946993	3.38591232606676	3	1	0.897271614810755
chrX	76115409	76228363	0.929185829814967	3.80840215282455	4	1	0.654739830548853
chrX	76228364	76298363	-0.567926713108719	1.34917106860319	1	-1	0.587862676248377
chrX	76298364	76491140	0.972623561068702	3.92481203007521	4	1	0.520385371597905
chrX	76491141	76626140	1.26396333612263	4.80309164519689	5	2	0.981535704842491
chrX	76626141	76761140	0.535986525183686	2.89986658078764	3	1	0.851822236132119
chrX	76761141	78468975	1.67149895376141	6.37090777747496	6	2	0.993406806674928
chrX	78468976	79677589	0.82001314492855	3.53084415584415	4	1	0.851719803134307
chrX	79767590	80483936	0.969693245431846	3.91684827776864	4	1	0.53029362420863
chrX	80602164	80935332	0.938071722838892	3.83193137064463	4	1	0.629735198287112
chrX	80935333	80965332	-0.520897596216202	1.39387617375314	1	-1	0.425071090257539
chrX	80965333	81502513	0.692077551032557	3.23121679750125	3	1	0.91909518401924
chrX	81502514	82947946	1.21978388755409	4.65823650034178	5	2	0.972417415023178
chrX	82947947	83227946	0.502579441654817	2.83348868563845	3	1	0.794091158640164
chrX	83227947	83614619	0.806032230177714	3.4967926000136	3	1	0.865100763232535
chrX	83614620	83699619	0.72047747137764	3.29545454545455	3	1	0.912938824674116
chrX	83699620	87132444	0.829140498766251	3.55325320478726	4	1	0.841865477345656
chrX	87307445	88104409	0.791333519685835	3.46134685789372	3	1	0.877158865732407
chrX	88154410	89809517	0.798122615271837	3.47767379679145	3	1	0.87182983201103
chrX	89809518	89864517	0.665195035876452	3.17156527682844	3	1	0.921074587274711
chrX	89864518	90498101	0.750157536597607	3.36395297133177	3	1	0.901864296954785
chrX	90603102	90788101	0.665195035876455	3.17156527682845	3	1	0.921074587274711
chrX	90788102	93618768	0.795644185398093	3.4717045717548	3	1	0.873821688902335
chrX	93618769	93820471	0.527832393435246	2.88352272727274	3	1	0.839978746566468
chrX	93820472	94445471	0.72047747137764	3.29545454545455	3	1	0.912938824674116
chrX	94530472	95358375	0.955694527725024	3.87902622007773	4	1	0.576158700596218
chrX	95358376	96593375	0.890402472819952	3.70738636363637	4	1	0.746982961610646
chrX	96633376	98768939	0.890402472819952	3.70738636363637	4	1	0.746982961610646
chrX	98768940	98888939	0.84123180073204	3.58315834741887	4	1	0.827310622350304
chrX	98888940	111581174	0.934087253645606	3.82136285310833	4	1	0.641121576689741
chrX	111581175	116943888	1.1127948941564	4.3252840909091	4	2	0.881187394214314
chrX	116943889	117168888	0.72047747137764	3.29545454545455	3	1	0.912938824674116
chrX	117168889	121476348	0.832206915242184	3.56081359794864	4	1	0.838341567411224
chrX	121506349	122937586	0.964403054263729	3.9025119617225	4	1	0.547928182166362
chrX	122937587	124352001	0.890402472819951	3.70738636363637	4	1	0.746982961610648
chrX	124353130	124364504	-7.06752282831594	0.0149105488289389	0	-2	0.530941391267491
chrX	124365706	125284019	0.867165406519981	3.64815090248161	4	1	0.789555271971469
chrX	125284020	126351102	0.890402472819952	3.70738636363637	4	1	0.746982961610646
chrX	126451103	126717891	0.98351187721143	3.95454545454545	4	2	0.505564293823598
chrX	126717892	127741799	1.01421585675583	4.03960955358117	4	2	0.612588962372352
chrX	127741800	128317539	0.98351187721143	3.95454545454545	4	2	0.505564293823598
chrX	128317540	134306018	0.890402472819951	3.70738636363637	4	1	0.746982961610648
chrX	134306019	138087498	0.917538341089802	3.77777909041241	4	1	0.685343678885812
chrX	138087499	138112498	-1.61233893965246	0.654135338345865	1	-1	0.487852936980672
chrX	138112499	138382498	0.548745643762835	2.92562658951154	3	1	0.867805380874365
chrX	138382499	142394216	0.983511877211434	3.95454545454546	4	2	0.505564293823612
chrX	142589217	147129979	0.983511877211434	3.95454545454546	4	2	0.505564293823612
chrX	147129980	147709848	0.558706601683767	2.9458962090541	3	1	0.87832981196022
chrX	147709849	156027976	1.24624019314729	4.74444783122989	5	2	0.978740761133182
