Chromosome	Start	End	Segment	CNF	CN	Call	ProbCall
chr1	1712347	1714397	1.81637911479841	7.0439228839532	7	2	0.999998771622388
chr1	25258956	25390915	-1.75683288249497	0.591794058570626	1	2	0.630481228426662
chr1	109681834	109700399	-3.26930266309506	0.20743012505182	0	-2	0.510411129306085
chr1	145328911	145341635	-1.12925040514089	0.914306381746778	1	-1	0.80129788361289
chr1	146077565	146328246	0.974388344801098	3.92961601314739	4	2	0.726023811612222
chr1	149494269	149548372	-0.601826412255423	1.31783850696983	1	-1	0.457327138232989
chr1	158724131	158809077	0.649815331639339	3.13793470285181	3	1	0.922622534620396
chr1	182853886	182883568	0.628512746998379	3.09194090738209	3	1	0.917601832233119
chr2	86865614	86878974	-2.02856418956007	0.490197764629193	0	2	0.678958796139983
chr2	95848829	95978191	-0.916721136676935	1.0594230943076	1	-1	0.808431189239136
chr2	97183406	97191307	-2.0931655410617	0.468731760835469	0	2	0.666967506446351
chr2	97507567	97576429	-1.52954808930863	0.692771704311016	1	-1	0.503930043540571
chr2	171480914	171785595	0.518917988961785	2.86576038990339	3	1	0.804191369511725
chr2	174380083	174387854	-3.07728364891767	0.236960147861212	0	-2	0.503924271790163
chr2	241463832	241478143	-0.660448392795764	1.26536325516192	1	-1	0.612872597489908
chr3	5178161	5184814	8.36071026088837	657.43764652563	657	2	1
chr3	98149921	98391234	0.723566052074369	3.30251714692122	3	1	0.914294376096302
chr3	112609904	112659067	0.474910730981705	2.77966443826672	3	1	0.685808482966225
chr3	155925197	156077434	1.04515043727128	4.12716305539928	4	2	0.927522031348676
chr3	177709750	190736823	0.651387138092364	3.14135532444171	3	1	0.922852331230649
chr3	190736824	198228341	0.428056477632919	2.69083975412526	3	1	0.501974930261104
chr4	9160776	9222080	0.463619030987674	2.75799345078341	3	1	0.646327866771139
chr4	9250438	9383275	0.463619030987674	2.75799345078341	3	1	0.646327866771139
chr4	9383640	9469954	-0.825880800220321	1.12827535509024	1	-1	0.785038601457215
chr4	54723519	54727332	2.71599191530092	13.1408975717299	13	2	0.999999993355177
chr4	68497034	68669987	0.467760771060966	2.76592257232079	3	1	0.661227866818862
chr4	183646289	183655917	0.902827114505578	3.73945264649891	4	1	0.585999611320902
chr5	17491204	17695659	4.65087030518678	50.2436826058926	50	2	0.999999999999995
chr5	34178929	34233813	2.03441325011545	8.19312173095465	8	2	0.999999625417379
chr5	72893474	72905528	1.37302566311159	5.18026414276041	5	2	0.999986393254127
chr5	80331635	80360170	2.71523975641071	13.1340482608603	13	2	0.999999993323764
chr5	112827227	112836688	6.03385184821213	131.038946044256	131	2	1
chr5	171391180	171410525	1.20133584262407	4.59904987285033	5	2	0.999007882243515
chr5	178767282	178822648	0.586357985278584	3.00290323244693	3	1	0.895158649229432
chr6	105929	8090485	0.748134566863141	3.3592392890054	3	1	0.902055858855087
chr6	8095458	13584334	0.752683389187909	3.36984769718667	3	1	0.899142964922699
chr6	29725182	29945584	1.32477079541668	5.00986176195114	5	2	0.999972771693372
chr6	31166958	31270807	0.668670628599649	3.17921509704446	3	1	0.924189530937618
chr6	31270935	31356634	-2.81942598251949	0.283333681307961	0	2	0.519884822994989
chr6	31869475	31880461	1.00254875119557	4.00707288467122	4	2	0.8278282234683
chr6	31972197	32045432	-0.731233016860923	1.20477770963149	1	-1	0.722456726119634
chr6	32443676	32805175	3.7850398026368	27.5702377379376	28	2	0.999999999995507
chr6	33092941	33174676	0.429099793613532	2.69278639662168	3	1	0.50651855730362
chr6	36270361	55564009	0.465488012924891	2.76156869025115	3	1	0.653110316257836
chr6	110888893	110893664	1.28232444501765	4.86461100309375	5	2	0.999921387269861
chr6	137871517	137881396	1.72856655636686	6.6279676286058	7	2	0.999998045721659
chr7	35105973	35162006	-0.681344466037107	1.247167755526	1	-1	0.653658307100205
chr7	50319018	50400774	6.97565881317202	251.716994682399	252	2	1
chr7	92813890	92834147	7.68409084094796	411.312424282799	411	2	1
chr7	102480350	102688328	0.919245347215924	3.78225162857178	4	1	0.516818982071682
chr7	103197285	103277703	-0.671745391037122	1.25549354309677	1	-1	0.635907237025775
chr7	143408756	143722727	0.591545193835156	3.01371960144354	3	1	0.898994346955328
chr8	7722996	7774055	0.943643291865234	3.84675858524504	4	2	0.591644747312327
chr8	25435478	25468492	0.836219169834855	3.57073029915734	4	1	0.79124613657439
chr8	39284724	39532152	10.8053627378342	3579.05435272151	3579	2	1
chr8	60780950	60816090	7.33179068110072	322.195086125871	322	2	1
chr8	73020552	73026933	0.784711847171767	3.44549639312816	3	1	0.8715905743108
chr8	86461106	86466884	0.466332324403862	2.76318532195974	3	1	0.656142723453522
chr8	94739418	94765180	0.852421798278279	3.61105851452296	4	1	0.753215076215338
chr8	116786888	123780154	0.615682350057659	3.06456509581753	3	1	0.912711848775257
chr8	123780368	129484181	0.577856004655625	2.98525879314226	3	1	0.888094968710815
chr9	12193	24968	0.684528208668363	3.21435263080868	3	1	0.923557696526032
chr9	21968066	21974385	1.81356840879932	7.0302130406939	7	2	0.999998753074504
chr9	33543053	33638570	-0.727209605805267	1.20814230245457	1	-1	0.718158773348558
chr9	36840509	37034074	6.73419643233977	212.924246235327	213	2	1
chr9	105521091	105526500	1.11974801372136	4.34618026440699	4	2	0.988871315344187
chr9	135817978	138320875	0.443176951237722	2.71918998085347	3	1	0.566401570165298
chr10	37149615	37199805	-1.29047809170059	0.817631060605686	1	-1	0.739142439044989
chr10	46129880	46838009	0.930864626025338	3.81283639033776	4	2	0.5334891369764
chr10	47353296	47720161	0.557283155195513	2.94299105066236	3	1	0.866463294229301
chr10	47726755	47997833	1.32358302127875	5.00573882870874	5	2	0.999972109705938
chr10	87864277	87964934	7.17295317439918	288.605138090665	289	2	1
chr10	133679261	133778707	0.463619030987674	2.75799345078341	3	1	0.646327866771139
chr11	1608345	1630553	1.13908161724836	4.40481557794237	4	2	0.993534903965526
chr11	18103126	18113360	1.29948011587813	4.92280337093048	5	2	0.999951058602919
chr11	110579324	110609161	0.512775919977011	2.85358575682904	3	1	0.790969379236234
chr12	31114708	31615139	0.529966934781766	2.88779220479566	3	1	0.825540861166434
chr12	43795608	43804659	1.30649803333804	4.94680843870165	5	2	0.9999590276321
chr12	64566693	64611410	6.55734097287298	188.358975795606	188	2	1
chr12	88046687	88055693	0.428703776278015	2.69204733277524	3	1	0.504795215664085
chr12	111403225	111439011	7.12534938237417	279.23759529459	279	2	1
chr13	18171403	18497492	0.528763511636942	2.88538435916769	3	1	0.823361253092602
chr13	27075271	27116660	0.928265430008115	3.80597327172573	4	2	0.521751393210814
chr13	40976205	41017372	6.99166948702813	254.526046076288	255	2	1
chr13	48304140	48479697	6.78294611875445	220.242047763657	220	2	1
chr13	52532562	52657490	3.30169043922991	19.7214051083272	20	2	0.999999999858801
chr13	57141246	57169212	1.59758050059914	6.05270694116192	6	2	0.999996151359843
chr13	75302095	75310247	1.76200891096432	6.78340161536064	7	2	0.999998360920286
chr14	19617035	19659708	2.87905343151444	14.7133456503868	15	2	0.999999997642784
chr14	35654227	35760891	0.718226021312882	3.29031571519234	3	1	0.916249522556759
chr15	19810202	22564583	-1.75366980680912	0.593092976832842	1	2	0.628356146835019
chr15	92832588	92915320	6.59358087563314	193.150402754239	193	2	1
chr15	101744375	101775016	-0.802528892879746	1.14668657116705	1	-1	0.774706413333797
chr16	21457801	21478248	-0.664589650375988	1.26173623682314	1	-1	0.62159060987629
chr16	30278876	30300029	-0.748971062505513	1.19005556613366	1	-1	0.739332049364905
chr16	31874990	31885301	1.00756453432671	4.02102842392847	4	2	0.842999334903552
chr17	62040	373309	-0.607269524443175	1.31287583090753	1	-1	0.473892184210613
chr17	3154020	3197671	4.22102055116687	37.2978496437697	37	2	0.999999999999837
chr17	7670087	7674149	2.34539440979658	10.1639861521041	10	2	0.999999936807
chr17	10359889	10655072	0.545839864180459	2.91973991893035	3	1	0.851206555693627
chr17	11557756	12024635	-0.673185638884173	1.25424080461486	1	-1	0.638675659376065
chr17	12024637	12141397	6.69434008490426	207.12244417074	207	2	1
chr17	31095295	31373680	6.03791591550038	131.408602750064	131	2	1
chr17	37625883	38195978	-0.61952553822921	1.30176990051285	1	-1	0.509932482157927
chr17	41084109	41315516	-0.707100052459301	1.22510036692486	1	-1	0.69365349971602
chr18	51047024	51078532	4.71965825002637	52.6973405207587	53	2	0.999999999999997
chr19	1208034	1226795	4.60358093203556	48.623469413211	49	2	0.999999999999992
chr19	4885131	4921971	5.6778022191363	102.380859944609	102	2	1
chr19	54201589	54223009	-0.794777293232141	1.15286429907461	1	-1	0.770711038821498
chr19	54786508	54909550	0.463619030987674	2.75799345078341	3	1	0.646327866771139
chr20	6200249	6214618	3.4838916763296	22.3761771623325	22	2	0.999999999960386
chr20	61743718	64327990	0.645979018612117	3.12960161222466	3	1	0.921983355513231
chr22	23786710	23831850	5.54686771128911	93.4982664591571	93	2	1
chrX	2789563	12975308	0.689313491711504	3.22503203606417	3	1	0.923021667116711
chrX	13042830	33779655	0.655129729274252	3.14951510260537	3	1	0.923325557530091
chrX	33779656	58550623	1.13172559677074	4.3824134434815	4	2	0.992031562938718
chrX	62470624	83870008	1.16714551148175	4.49133866579038	4	2	0.997161814236061
chrX	83871393	124364504	1.01511922591032	4.04213981903994	4	2	0.864062416027112
chrX	124365706	135719118	1.02307845999127	4.06450161112754	4	2	0.883951741819238
chrX	135882519	156027976	1.27560623776106	4.84201060037384	5	2	0.999904201199661
