Chromosome	Start	End	Segment	CNF	CN	Call	ProbCall
chr1	247840927	248937043	-0.809865348757365	1.14087019188449	1	-1	0.964573110187556
chr2	88861885	92135200	-1.55902424359023	0.678761083687556	1	-2	0.813029514359523
chr4	9020856	9584131	-3.01523525243934	0.247373822909944	0	-2	0.999999552779404
chr7	142299176	146100566	-1.0044883246411	0.996893764791875	1	-1	0.981641002439617
chr14	18257823	22552154	-0.996856868576282	1.00218102767268	1	-1	0.98162746499228
chr14	99964528	101062118	-2.04415673945643	0.484928267998607	0	-2	0.99969152284203
chr14	105526602	106879812	-1.08669787141181	0.941675649211399	1	-1	0.979278063009949
chr19	27263626	33927625	1.72489245384618	6.61110969962044	7	2	0.63058640380581
chr19	53657399	53764199	-14.7934591425437	0.0000704295727999599	0	-2	1
chr21	28743207	32280988	-0.875758759895916	1.08993435023763	1	-1	0.975572232542388
chr22	15176843	23322927	-0.665748019779512	1.26072356955059	1	-1	0.853740393890948
