Chromosome	Start	End	Segment	CNF	CN	Call	ProbCall
chr1	786031	1045589	-0.587329639107922	1.33114742671615	1	-1	0.510076430711232
chr1	1353141	1421140	-0.648352016676641	1.27601738340784	1	-1	0.675007833047027
chr1	6413192	8614744	-0.637111842683964	1.2859977845927	1	-1	0.647892304294573
chr1	10015709	10258671	-0.609604288643078	1.31075287599738	1	-1	0.574634817226614
chr1	13030250	14510886	-0.605802013076144	1.31421196944253	1	-1	0.563870548577527
chr1	15168479	15739376	-0.771601275030056	1.17153391927108	1	-1	0.853588764083459
chr1	16536708	16794807	-0.649885825824704	1.27466149941127	1	-1	0.67856579877491
chr1	16871013	16997347	0.420249219117099	2.67631739150436	3	1	0.503011395754915
chr1	17000005	17096002	-0.753585110799318	1.18625559289183	1	-1	0.839111781772374
chr1	18910225	21228068	-0.684068409943008	1.24481520713711	1	-1	0.748526175885983
chr1	24331379	24670369	-0.718099548317335	1.21579538841847	1	-1	0.800701878520142
chr1	25281920	25384851	-0.899532900064944	1.07212052574285	1	-1	0.900916044826596
chr1	26255140	26404528	-0.642585436596457	1.28112794498261	1	-1	0.661322387563393
chr1	26731016	28768973	-0.610038988308999	1.31035799143151	1	-1	0.575857163335745
chr1	28769174	29160700	-0.648686823123495	1.27572129222736	1	-1	0.675787455980794
chr1	29807001	31155979	-0.642671589978949	1.28105144218249	1	-1	0.661530391374128
chr1	31181641	31727760	0.832510648300492	3.5615633410547	4	1	0.88201683755966
chr1	33270450	33772920	0.629520590076213	3.0941016411933	3	1	0.897117938747185
chr1	35223483	37840632	0.646237072293639	3.13016145157185	3	1	0.905419400085169
chr1	39028679	39324379	0.848050775166627	3.60013442246427	4	1	0.867621991589204
chr1	39955191	40922320	0.665411597579026	3.172041393478	3	1	0.912604246801801
chr1	42536463	45118470	0.604361845443206	3.0406122396629	3	1	0.880480765254988
chr1	103546308	103818806	-0.672284932556694	1.25502409929558	1	-1	0.726448458021492
chr1	109681834	109700399	-3.59642710066249	0.16534747267775	0	-2	0.530365996296772
chr1	120502022	120802718	0.561348903210277	2.95129657319666	3	1	0.837561631193914
chr1	145305158	145393227	0.789994986103802	3.45813690691219	3	1	0.908003271335918
chr1	146088484	146097101	1.42771811906288	5.38041747863678	5	2	0.996721623822963
chr1	146109791	146124906	2.06454577079374	8.36604507364119	8	2	0.99930239869642
chr1	152600663	152614198	-6.32305016326247	0.0249805635961292	0	2	0.804804490727161
chr1	182853886	182883568	0.583750127726797	2.99748000022441	3	1	0.862479257050892
chr3	5178161	5184814	8.24919658977061	608.535066563155	609	2	0.999999999999982
chr3	155922139	156121046	1.33192926030959	5.03478181742468	5	2	0.995563080178264
chr3	160307551	173537952	0.428645950455925	2.69193943281996	3	1	0.531238325455716
chr3	173537953	198228341	0.670769691003283	3.18384409193976	3	1	0.914202443310237
chr4	9160776	9202770	1.53631556896637	5.80105609104168	6	2	0.99746060339618
chr4	9202855	9272867	-1.30162053709112	0.811340529258331	1	-1	0.869041212965916
chr4	9325132	9341331	1.53631556896637	5.80105609104168	6	2	0.99746060339618
chr4	9344115	9469954	-0.913331329048647	1.0619152792423	1	-1	0.902764585308682
chr4	68497034	68668276	0.706844262469033	3.26445977031526	3	1	0.920718613095541
chr5	17491204	17685659	2.56501687561551	11.8352385133426	12	2	0.999817328735388
chr5	34124738	34223813	1.99001971889417	7.9448485537061	8	2	0.999156496825505
chr5	69900014	70205748	-1.0093135257552	0.993565148784281	1	-1	0.907953605093638
chr5	70511735	71003802	-0.806787720595191	1.14330655015964	1	-1	0.874478919166675
chr5	72893474	72905528	1.03963483225926	4.11141451426639	4	2	0.679163587676603
chr5	80331635	80360170	2.47119592951836	11.0900651024229	11	2	0.999763149415751
chr5	100816876	104921877	0.552053981441303	2.93234323205831	3	1	0.825351910438347
chr5	109563722	112819370	0.502282865669796	2.83290626294694	3	1	0.737639005165534
chr5	112821838	112867507	3.43106544044531	21.5716621731808	22	2	0.999986203049722
chr5	112878708	116715208	0.55911928405967	2.94673900209552	3	1	0.834738973851316
chr5	171391180	171410525	0.735701763746679	3.3304145436731	3	1	0.92087142918175
chr5	178767282	178947004	0.535406434123951	2.89870081222141	3	1	0.800411543147948
chr6	29100865	29397722	0.673095194882518	3.188980321103	3	1	0.914843072344423
chr6	29791232	29797299	-2.96850891532775	0.25551698231356	0	-2	0.50159924079465
chr6	31166958	31332275	2.05896311825141	8.33373438175618	8	2	0.99929234211887
chr6	31354505	31357219	-0.939084045757625	1.0431278232219	1	-1	0.905329734330529
chr6	32443676	32757401	2.09210558205655	8.52739793398695	9	2	0.999350122844755
chr6	33092941	33176788	0.735410900750075	3.32974316359376	3	1	0.920892358785283
chr6	35410989	35642853	0.668353573019757	3.17851648985104	3	1	0.913503025392042
chr6	110888893	110893664	0.901969811969232	3.73723118609222	4	1	0.787908692538627
chr6	123503596	123530640	0.525083954908992	2.87803463693038	3	1	0.782811500967606
chr6	137871517	137881396	1.9477543238236	7.71547149909281	8	2	0.999061618163632
chr6	159710946	159712141	-4.09584977365701	0.116965116051433	0	-2	0.521928491811594
chr7	29567063	29732003	-2.9930432840218	0.251208418188265	0	-2	0.503549579210263
chr7	32620366	32838546	0.423824147717269	2.68295740009322	3	1	0.515098014695389
chr7	50319018	50400774	7.08406553872418	271.360239617754	271	2	0.999999999993551
chr7	60890237	61520236	-0.735779300010364	1.20098713753368	1	-1	0.821649654356634
chr7	73669447	74812826	0.544329215782997	2.91668425443822	3	1	0.814287885705598
chr7	74819482	92577293	0.423456946997719	2.68227460955606	3	1	0.513860928891824
chr7	92577659	92834147	1.1502730834892	4.43911807631843	4	2	0.949075371246718
chr7	97852405	100990739	0.630799422162357	3.09684552716356	3	1	0.897825523414371
chr7	101004522	103175566	0.500365453968571	2.82914369395816	3	1	0.733428006223609
chr7	103279764	109890837	0.528205669223441	2.8842688922244	3	1	0.788314328602866
chr7	133750356	138529296	0.503946647886253	2.8361751852016	3	1	0.74124016928799
chr8	4540283	6967129	-0.77973387977194	1.16494845360825	1	-1	0.859208498199723
chr8	7372994	12113534	-0.746893493638277	1.19177055329224	1	-1	0.832944671830142
chr8	12128332	12173330	0.891705924358743	3.71073744059851	4	1	0.807357754497116
chr8	12173371	30921171	-0.712238508263833	1.22074468085106	1	-1	0.792878819779021
chr8	30921372	33969805	-0.793857543636219	1.15359950957441	1	-1	0.867787075408256
chr8	33970006	39375131	-0.743774656067278	1.19434972576669	1	-1	0.829911372614559
chr8	39375698	39648558	5.30026022647645	78.8074560866143	79	2	0.999999983274071
chr8	60780950	60816578	7.68019899827562	410.204354999909	410	2	0.99999999999966
chr8	97368181	140144415	0.880392978063001	3.68175334474236	4	1	0.826244579788148
chr8	140144416	145054157	1.03822694180108	4.10740424346755	4	2	0.67358270755604
chr9	21968066	21974385	2.17911571964808	9.05751769801699	9	2	0.999481565513568
chr9	34838268	34895641	0.805550820847605	3.49562595862109	3	1	0.900460469863192
chr9	36840509	37477773	6.69007520568004	206.511055213526	207	2	0.999999999958645
chr9	60536462	60686461	-2.66190217855134	0.316022201665125	0	2	0.528356722339949
chr9	105521091	105526500	1.06787337165498	4.19268188550591	4	2	0.781678931253698
chr9	129382752	133058007	0.55502342950282	2.93838498581699	3	1	0.829380343455246
chr9	133098583	138320875	0.63118224676235	3.09766739590602	3	1	0.898034919480563
chr10	27006892	27028954	-1.00519807089472	0.996403454932403	1	-1	0.907943152038081
chr10	37144867	37199805	-1.26382548701736	0.832876512180465	1	-1	0.879273858218593
chr10	64168974	64230365	0.631384090996542	3.09810081393688	3	1	0.898144876138694
chr10	87864277	87964934	7.27801156086465	310.405769069449	310	2	0.999999999997481
chr10	94638310	95065033	0.443258425891878	2.71934354852569	3	1	0.578704419398633
chr10	133664443	133778707	1.53631556896637	5.80105609104168	6	2	0.99746060339618
chr11	86608	1608158	-0.632721151733893	1.28991754555326	1	-1	0.636821027418131
chr11	1608345	1630553	1.1665680653922	4.48954134417137	4	2	0.962919071542484
chr11	1630754	1940794	-0.674649289715602	1.25296899065465	1	-1	0.731050446372463
chr11	2619081	4432134	-0.624777031715646	1.29703999648237	1	-1	0.616151013454866
chr11	4449336	4769974	-0.689963204837118	1.23973931842186	1	-1	0.758772561389003
chr11	4786837	4890637	-0.652616444186305	1.27225120329251	1	-1	0.684813195040815
chr11	4907306	7466904	-0.783342122939476	1.16203850722746	1	-1	0.86153690306001
chr11	76472556	79422234	0.990255640070546	3.97307393295751	4	1	0.515433762794716
chr11	79422435	87771630	0.613041477457727	3.05896049956333	3	1	0.886832191195318
chr11	101453601	110436044	0.678898374060354	3.20183369196545	3	1	0.916304683435567
chr11	110456841	123906668	0.646949062097935	3.13170661045823	3	1	0.905729111743029
chr11	123906672	135046987	0.799606732862304	3.48125316204429	3	1	0.903582554474533
chr12	12211	18243	-0.892578180811209	1.07730131450429	1	-1	0.899838847867804
chr12	18351	334404	0.517667218805825	2.86327694459151	3	1	0.769092557380431
chr12	350545	10052791	0.91724436819077	3.77700938406465	4	1	0.754506435441621
chr12	10054179	31114596	0.423765375205416	2.68284810399855	3	1	0.514900083243264
chr12	31114708	31615139	0.899546084488066	3.73095790921301	4	1	0.792710000831344
chr12	31616290	34689924	0.485927447245116	2.800971778097	3	1	0.699610789802702
chr12	37239925	40438367	0.493640635029196	2.81598692434115	3	1	0.71814111842332
chr12	41027846	50430634	0.459196860284913	2.74955255065825	3	1	0.627305922745474
chr12	50435369	53465929	0.520626918857433	2.86915700885891	3	1	0.774677304794689
chr12	56017970	56285977	0.493509240663266	2.8157304682245	3	1	0.717834377812149
chr12	64566693	64611410	6.74872567656784	215.079420081433	215	2	0.999999999968501
chr12	111403225	111439011	6.74587134857346	214.654312699509	215	2	0.99999999996808
chr13	18171403	19131386	0.464305002244586	2.75930513068253	3	1	0.642060584058476
chr13	27089774	27116660	1.64960371594774	6.2749489235432	6	2	0.998054768227084
chr13	40976205	41017372	7.30261916926259	315.745676530122	316	2	0.999999999997767
chr13	48304140	48479697	6.99330098462683	254.814044240197	255	2	0.999999999990044
chr13	52198390	52279999	3.79382928691863	27.7387195352492	28	2	0.999995766670064
chr13	52532562	52657490	0.646233116296878	3.13015286840546	3	1	0.90541766961891
chr13	57094747	57173577	1.56201339356313	5.90531244568813	6	2	0.99760850164295
chr13	75302095	75310247	1.93805242648564	7.66376023617934	8	2	0.999038483823547
chr13	79436021	82981177	-1.41926971256508	0.747803063952605	1	-1	0.821336488650878
chr14	35625252	35760891	0.863306590547591	3.63840613137407	4	1	0.85022982975863
chr14	105916640	106874939	-0.609078155123907	1.31123097897078	1	-1	0.573153030740845
chr15	20669445	21496999	-0.862456444099923	1.10003052341269	1	-1	0.893825887508637
chr15	82812954	82819574	-2.96512868847315	0.256116359146616	0	-2	0.501325265874529
chr15	92832588	92915320	6.26503754652591	153.813417322843	154	2	0.999999999715908
chr16	29548571	29560318	-0.591208319429577	1.32757344821251	1	-1	0.521536491794412
chr16	46398210	46531136	-0.830038707163315	1.12502830004335	1	-1	0.884182371886747
chr16	55828685	55849950	-3.6796063125974	0.156083905495071	0	-2	0.530883997415408
chr16	73144133	78552537	-0.71371660030752	1.21949462526574	1	-1	0.794894996165833
chr16	78552738	90096162	-0.664194548399719	1.26208182805021	1	-1	0.710044897353331
chr17	3154020	3197671	3.81238813197221	28.0978557454412	28	2	0.999996021246825
chr17	7670087	7673445	3.34583175065193	20.3341354919795	20	2	0.999981943123189
chr17	12024637	12141397	7.0865547766424	271.828850969179	272	2	0.999999999993628
chr17	18422282	18622696	-1.47754057388741	0.718200929923892	1	-1	0.785889323688178
chr17	19030573	19222359	0.590065491012842	3.01063015900801	3	1	0.868458867933342
chr17	31095295	31373680	6.22937324162219	150.05766891529	150	2	0.999999999667268
chr17	41084109	41308853	-0.57424805391909	1.34327244645531	1	-1	0.471076059529273
chr18	51047024	51078532	4.96140529400779	62.3105822996716	62	2	0.999999936572271
chr19	60571	1208030	-0.584225435794406	1.33401470000624	1	-1	0.500861113149469
chr19	1208034	1226795	4.25392694116416	38.158351506657	38	2	0.999999130516846
chr19	1229154	4861606	-0.598792696481678	1.32061258864708	1	-1	0.54371720128193
chr19	4885131	4921971	5.25552724335536	76.4014038992054	76	2	0.999999979997507
chr19	4929146	12110500	-0.610306292655292	1.31011522915004	1	-1	0.576607930491339
chr19	12111153	13453074	0.635076096518365	3.10603932710456	3	1	0.90010220311588
chr19	34444937	39607348	0.427808452760541	2.69037719079591	3	1	0.528449535786393
chr19	54797916	54855942	-1.56413795504451	0.676359436812816	1	-1	0.713594908491881
chr19	54865686	54906901	1.53631556896637	5.80105609104168	6	2	0.99746060339618
chr20	87618	14970285	0.773970156383499	3.41993796593568	3	1	0.913802558081427
chr20	14970286	26358584	0.448120129669294	2.72852285769037	3	1	0.593916934609818
chr20	30090650	38771901	0.530574476597293	2.88900855609336	3	1	0.792384809040137
chr20	38772102	47877638	0.42401602700381	2.6833142587316	3	1	0.515744027486777
chr21	8878756	9070526	-0.633270763531781	1.28942622974763	1	-1	0.638221048005515
chr22	18196110	18887005	1.21986479204526	4.65849773560674	5	2	0.986134350432067
chr22	21118697	21488023	0.619890469659726	3.07351701031941	3	1	0.891377772212352
chr22	23786710	23831850	5.36013857866719	82.1471477432248	82	2	0.999999986854261
chrX	3818431	3920281	2.54448220616976	11.6679742807925	12	2	0.999806577970693
chrX	35424959	36205183	0.436400042831713	2.70644682480746	3	1	0.556727029310187
chrX	44877054	45111334	7.22652740950568	299.523919666795	300	2	0.999999999996762
chrX	51030594	51163839	0.833873870312078	3.56493030080705	4	1	0.880875090883147
chrX	64116389	64189402	5.5050210784947	90.8252217889582	91	2	0.999999992708627
chrX	65800241	65957238	1.61039718415343	6.10671782706685	6	2	0.997865473694793
chrX	77523223	77717095	7.37491181914615	331.970634558424	332	2	0.999999999998435
chrX	120878703	120985191	5.00980787270272	64.4365734529976	64	2	0.999999947404267
chrX	123886491	123892729	7.85764514306336	463.891995733023	464	2	0.999999999999863
chrX	135160507	135193143	3.80462715546579	27.9471091930117	28	2	0.999995916628486
chrX	142029068	142264216	0.852650174497898	3.61163018431122	4	1	0.862742435835366
chrX	150115861	150232221	0.907348666747752	3.75119085423945	4	1	0.776775397770245
chrX	154150624	154292147	1.37570448585491	5.18989188842365	5	2	0.996231052442034
