Chromosome	Start	End	Segment	CNF	CN	Call	ProbCall
chr1	1712347	1714397	1.81629856744306	7.04352962445944	7	2	0.990472991130795
chr1	25264277	25390915	-1.81945936829081	0.566654249374699	1	2	0.480751017481959
chr1	48277784	48379986	-0.776463068242753	1.16759256708292	1	-1	0.846684326963361
chr1	72297731	72367730	3.9297909890741	30.4799998173666	30	2	0.999790298109942
chr1	97595418	97684420	-0.617173306228035	1.3038940933253	1	-1	0.588552885180981
chr1	109675069	109700399	-2.81824323820034	0.283566058002148	0	-2	0.529771746048476
chr1	121609147	121974146	-1.36996940944757	0.773798904039757	1	-1	0.810231072783113
chr1	143189147	143299146	-2.3612686660743	0.389239852538147	0	2	0.531837274920087
chr1	145326419	145341635	-1.10141990119275	0.932115151735445	1	-1	0.88986045581644
chr1	146077565	146124906	1.18388169811659	4.54374445402158	5	2	0.970129284128184
chr1	149494269	149548372	-0.610955499249285	1.30952581553066	1	-1	0.570343068541062
chr1	158808424	158829277	1.32491195332618	5.01035196687369	5	2	0.980111138439327
chr1	248592652	248661163	-0.984943309260605	1.01049115298293	1	-1	0.894269179577744
chr2	22408458	22508457	-0.877622575407016	1.08852717488142	1	-1	0.883827734658723
chr2	92100094	92135093	-2.39905133677474	0.379178393442091	0	2	0.526429752593998
chr2	95824274	95982361	-0.735774242198289	1.20099134797159	1	-1	0.814107764251931
chr2	97507567	97560805	-1.54955254621572	0.683232000832314	1	-1	0.649886494550335
chr3	5178161	5184814	8.36137341253771	657.739914894535	658	2	0.999999997613838
chr3	90479687	90564686	1.25717777677874	4.78055386914492	5	2	0.977424945525095
chr3	103407831	103524220	-0.782247607074199	1.16292043454186	1	-1	0.850185839682677
chr3	156019674	156037234	7.71378924087978	419.867188876429	420	2	0.999999983268468
chr3	177472381	190911858	0.636095521164132	3.10823486525507	3	1	0.828043626023753
chr4	4069390	4157180	1.40037881908185	5.27941771677203	5	2	0.982235953859732
chr4	9160776	9186274	1.77073512676058	6.82455570779091	7	2	0.989778453783741
chr4	9454721	9480154	-3.79419078723373	0.144166634252335	0	-2	0.619521091604676
chr4	27851196	28026195	-0.704835390067863	1.22702497147928	1	-1	0.777058731990527
chr4	34658187	34703186	1.73994945260503	6.68046928916495	7	2	0.989283932757722
chr4	37016739	37116738	-0.659261446038772	1.26640473432068	1	-1	0.695792977745541
chr4	54714762	54727332	1.94281339757706	7.68909283289094	8	2	0.992185349946142
chr4	69264710	69478399	-0.749671038133945	1.18947830772532	1	-1	0.826994301676197
chr4	79558526	79798525	-0.74196629343595	1.19584773576967	1	-1	0.820103797035305
chr4	85987931	86083221	-0.632271705071135	1.2903194596338	1	-1	0.630437831631794
chr4	111505937	111605936	-1.1868240556576	0.87853760404425	1	-1	0.877150516716038
chr4	115552281	115612280	-0.987714157547255	1.0085522604573	1	-1	0.894331233321221
chr4	177687646	182669089	-0.609086183372537	1.31122368230813	1	-1	0.564771019076884
chr4	186780088	190201387	-0.614365074247144	1.30643461853922	1	-1	0.580392218538867
chr5	17491204	17670659	1.17637022734311	4.52014867922716	5	2	0.968685213664959
chr5	46356303	46406302	1.39500078235032	5.25977389311031	5	2	0.982095926546499
chr5	46406303	46431302	-6.56554721137686	0.0211155961430814	0	-2	0.581612241470456
chr5	51227323	51337322	-1.19059400039267	0.876244870999125	1	-1	0.876376290216507
chr5	67456839	67741838	-0.84501304811613	1.11341154819416	1	-1	0.876211683669217
chr5	75888168	76048167	-0.95891455670103	1.02888764173522	1	-1	0.893250502468038
chr5	80326702	80360170	1.93713692802016	7.65889854686363	8	2	0.992114891992151
chr5	112827041	112836688	5.79362018676129	110.938797818697	111	2	0.999996956962503
chr5	120767085	121427084	-0.615622854216954	1.30529613038983	1	-1	0.584060609449381
chr5	171391180	171415725	0.855746775783635	3.61939051437459	4	1	0.70772620244518
chr6	60202	12436297	0.779198702514416	3.43235482769232	3	1	0.821711316322538
chr6	29712774	29960784	0.950654670042945	3.86549901432842	4	2	0.564986351155283
chr6	31297276	31356634	-3.517595594311	0.174633761752955	0	-2	0.600023730286139
chr6	32372038	32437327	-1.29561491855526	0.814724998913301	1	-1	0.845683234734101
chr6	32439872	32460164	0.971936683559528	3.92294384353804	4	2	0.643024974284431
chr6	32460365	32490364	-6.54774108846433	0.0213778253250256	0	-2	0.583241696181987
chr6	32490365	32805175	2.09724333106184	8.55781997956223	9	2	0.993897256674716
chr6	33092941	33138787	2.15457703710888	8.90476190476193	9	2	0.994440883485475
chr6	36270361	48249039	0.476865757812057	2.78343377422917	3	1	0.510591254330394
chr6	55584258	55654257	-0.849120139038333	1.11024637508272	1	-1	0.877339574375466
chr6	76822740	76867739	-1.10804745394992	0.927842956828466	1	-1	0.889180062009074
chr6	94124679	94149678	-1.36857500417314	0.774547163961154	1	-1	0.811028530710732
chr6	102088810	102153809	-0.719482166032273	1.21463077984817	1	-1	0.79617352093081
chr6	110888893	110893664	1.28736832435912	4.88164818139244	5	2	0.978801570203587
chr6	113081711	113131710	-2.35221273764644	0.39169083107365	0	2	0.533130464769196
chr6	137871517	137891596	1.67360985812934	6.38023630504836	6	2	0.988145198839504
chr7	50319018	50405974	6.91565870717862	241.463063483157	241	2	0.999999838596802
chr7	60880237	61610236	-1.27890032061087	0.824219030329048	1	-1	0.851898114019906
chr7	61850237	62045236	-0.617766763703252	1.30335784239029	1	-1	0.590263531187454
chr7	88559414	88619413	-0.787691765145566	1.15854030434693	1	-1	0.853271682589507
chr7	89887255	90077254	-0.641480853427295	1.28210920172512	1	-1	0.654175710491207
chr7	92813890	92839347	7.58384380264073	383.7023532065	384	2	0.999999975555803
chr7	102480350	102688328	0.928617947911151	3.80690336270748	4	1	0.491279881720322
chr8	7722996	7774055	0.924317110557594	3.79557145176306	4	1	0.506655705267364
chr8	30921041	30946371	0.72934213843213	3.31576586618492	3	1	0.849126176876336
chr8	36293539	36583538	-0.597920186151356	1.32141150774691	1	-1	0.530666352390025
chr8	39355132	39552152	9.11337586457106	1107.71871358377	1108	2	0.999999999779966
chr8	45932108	45957107	-1.89059408242503	0.539391958156258	1	2	0.525236231450781
chr8	45957108	46057107	0.803348766728559	3.49029448818811	3	1	0.796658246179122
chr8	60780950	60816090	7.33438722848119	322.775491604701	323	2	0.999999949942326
chr8	73020552	73026933	0.779491643159963	3.43305184147475	3	1	0.82145829801807
chr8	83787562	83907561	0.537598263598812	2.90310804065322	3	1	0.682301545504387
chr8	116737496	130214701	0.57929304740055	2.98823383751883	3	1	0.763317581971069
chr9	1527508	1872507	-1.04141026091963	0.971704623878538	1	-1	0.893899126644501
chr9	21968066	21974385	1.85513100037578	7.23569200988139	7	2	0.991031264824974
chr9	33543053	33756101	-0.590819129776214	1.32793163031803	1	-1	0.508367985305917
chr9	36840509	37034074	6.73394948445321	212.88780284904	213	2	0.999999735113652
chr9	42689078	42735776	-1.88244583863897	0.542447026657555	1	2	0.521111330380825
chr9	60521462	60686461	-1.24296329087652	0.845007885217106	1	-1	0.863436611394883
chr9	105513947	105526500	0.987506214392706	3.96550943120125	4	2	0.697503646484311
chr9	113056898	113091897	3.24684406845928	18.9857366065936	19	2	0.999192027318448
chr10	38827723	38901402	1.78059143710238	6.87133984028397	7	2	0.989932417360449
chr10	46129880	46868209	1.03703604410688	4.10401511425216	4	2	0.838403791421506
chr10	47414126	48053737	1.10946989034385	4.31532701358722	4	2	0.94037219814509
chr10	87864277	87964934	7.17799705374064	289.615911036833	290	2	0.999999922118704
chr10	90079227	90354226	-0.785512036367461	1.16029203443392	1	-1	0.852059723828327
chr10	107994668	108084667	-0.64061120733479	1.28288228081992	1	-1	0.651996210544813
chr11	37401650	37666649	-1.06740546945258	0.954352755594989	1	-1	0.892611215027304
chr11	49449122	49549121	-0.934676097234713	1.04631982508269	1	-1	0.891535603667803
chr11	50720524	50765523	-0.897480468010262	1.07364685004437	1	-1	0.8871923370241
chr11	50765524	50820523	0.994143370944945	3.9837948909541	4	2	0.719570971030476
chr11	55598301	55727206	1.31602763743604	4.97959233372351	5	2	0.979825837360198
chr11	56971291	57068435	0.56795752550266	2.96484673003666	3	1	0.744357558277679
chr11	57917347	57938388	3.27737616070407	19.3918180282543	19	2	0.999237536642749
chr11	96672402	96732401	-1.5908932776429	0.663931691257405	1	-1	0.59405319273781
chr11	106847095	106912094	-1.16694114300349	0.890729238555326	1	-1	0.880915177654053
chr11	124059292	124093942	0.739949452605028	3.34023464458247	3	1	0.845719490301501
chr12	34654925	34714924	1.10947952070962	4.31535581961697	4	2	0.940379363571819
chr12	37879925	38039924	0.797237548047327	3.47554096132728	3	1	0.803832949744265
chr12	43795608	43804659	1.30965690490636	4.95765165365664	5	2	0.979613441214401
chr12	64561653	64616610	6.49776991242622	180.739736266483	181	2	0.9999995014234
chr12	67179395	67229394	-0.743526655724045	1.19455505301425	1	-1	0.82154897361378
chr12	111403225	111439011	7.12404659745269	278.985551505556	279	2	0.999999909409262
chr12	131242942	131427187	-1.11664916074054	0.922327385207628	1	-1	0.888224687876641
chr13	18171403	18507492	0.572881100310634	2.97498233164274	3	1	0.752864755090725
chr13	19077754	19141586	0.672916087959252	3.18858444187392	3	1	0.847483617869131
chr13	22316816	22581815	-0.765063200341169	1.17685518143184	1	-1	0.839050233006375
chr13	27080650	27116660	0.706652278077798	3.26402538632865	3	1	0.85241202961738
chr13	40976205	41017372	6.99671336636959	255.417464861037	255	2	0.999999870916881
chr13	48304140	48485369	6.70865154013524	209.187312148094	209	2	0.999999716371937
chr13	52229215	52279999	0.813630601108008	3.51525805431337	4	1	0.783208389475787
chr13	52532562	52587486	0.669373520060725	3.18076441102757	3	1	0.846275286452472
chr13	57141246	57169212	1.5912863660205	6.02635794251096	6	2	0.986583528418489
chr13	72167016	72327015	-0.782767461414775	1.1625014684324	1	-1	0.850489065649492
chr13	78714376	79024375	-0.723669583887753	1.21111042917373	1	-1	0.801099297353826
chr14	18228380	18414050	0.679263023247126	3.20264307550332	3	1	0.849314005608286
chr14	19501958	19703966	1.31192369281755	4.96544732618063	5	2	0.979689836493746
chr14	19703967	19956874	-0.630834808624096	1.29160523313607	1	-1	0.626605598613087
chr14	35654227	35760891	0.514878562241003	2.85774772061465	3	1	0.624915687011415
chr14	41122428	41827427	-0.595034795107781	1.32405697623089	1	-1	0.521654462664379
chr14	84703023	85173022	-0.652367970173736	1.27247034079332	1	-1	0.680330999068526
chr14	106012257	106117042	-0.99615065682511	1.00267172407915	1	-1	0.894467499804938
chr14	106714971	106759218	1.76671926252081	6.80558539205153	7	2	0.989715122368601
chr15	19780202	19815201	-1.04259717587008	0.970905524681265	1	-1	0.893855500466
chr15	19990339	22569783	-1.73463997742276	0.600967976790383	1	2	0.4062964869801
chr15	92832588	92915320	6.59803400939707	193.747516756787	194	2	0.999999618220348
chr15	97265374	97290373	8.05251832968462	530.981699902772	531	2	0.999999993885299
chr16	5355741	5381804	0.640849441156439	3.11849390919158	3	1	0.831445252116641
chr16	34689682	34764681	0.672215276057585	3.18703591276328	3	1	0.847255263043162
chr16	34764682	34859681	-0.860220433381504	1.10173676559577	1	-1	0.880129605941815
chr16	75806080	76442835	-0.6211448370278	1.30030959752322	1	-1	0.599905152136078
chr16	79600092	80324360	-0.680056311625383	1.24828182470949	1	-1	0.737266377492134
chr17	3142901	3165105	1.05554391560909	4.15700336447384	4	2	0.87535293579958
chr17	7670087	7674149	2.33834909200995	10.1144719119809	10	2	0.995900095382736
chr17	11557756	12024635	-0.678211050211119	1.24987944577283	1	-1	0.733895142642771
chr17	12024637	12141397	6.69938396424573	207.847842770701	208	2	0.999999709189903
chr17	19024616	19237559	0.527322678387661	2.88250413687644	3	1	0.657487995851694
chr17	21878115	21983114	-6.78793963271331	0.0180990824083554	0	-2	0.559596109501795
chr17	22626914	22761913	-1.01493804955844	0.989699153950362	1	-1	0.894493213301031
chr17	31095295	31373680	6.04295979484185	131.868831079444	132	2	0.999998375033071
chr17	41070725	41320896	-0.704161873728518	1.2275979368527	1	-1	0.776105418296155
chr17	64967040	64973572	3.52851675645885	23.0791271359378	23	2	0.999530620758844
chr18	51027323	51093732	3.0714607716772	16.812481460638	17	2	0.998877511806357
chr18	69194337	69399336	-0.581978642282336	1.33609385783299	1	-1	0.480142289652458
chr19	1208034	1226795	4.60743908602074	48.7536756542231	49	2	0.999950597999844
chr19	4876807	4921971	5.60579243729378	97.3961228389333	97	2	0.999995164745492
chr19	24408209	24448208	-5.75025154243273	0.0371562433677327	0	-2	0.636635564095111
chr19	54895153	54909550	-1.73681115753161	0.600064231828568	1	2	0.408398931216776
chr20	6194806	6230426	1.60251953198974	6.0734637461276	6	2	0.986806817552142
chr20	61749039	64333190	0.630470893903099	3.09614039863003	3	1	0.82365356467262
chr21	5218938	5358937	-0.673275548317873	1.25416264217341	1	-1	0.724586356957165
chr21	7969957	8044956	-1.82406056479566	0.564849894209508	1	2	0.484192750647251
chr22	10510202	10655201	-1.07407075928335	0.949953789730869	1	-1	0.892168310825448
chr22	15156952	15186951	-0.796630817905092	1.15138408997525	1	-1	0.857930909063938
chr22	15990286	16398156	0.647375107889721	3.13263157894737	3	1	0.835667046968227
chr22	23786710	23831850	5.50609392478305	90.8927882108439	91	2	0.999993837943035
chr22	41160869	41173780	0.801501245831628	3.4858276641784	3	1	0.798889979112207
chrX	2782340	7760592	0.791056799874399	3.46068300907627	3	1	0.810498537261039
chrX	7760593	7785592	-1.01493804955844	0.989699153950362	1	-1	0.894493213301031
chrX	7785593	15071704	0.656620154610873	3.15277049790236	3	1	0.840790507607778
chrX	15071705	15106704	-2.70629634719615	0.306445760842622	0	-2	0.515709413526423
chrX	15106705	15965130	0.62194394287958	3.07789484382412	3	1	0.816216934925843
chrX	15965131	16236780	0.733013365314249	3.32421424218446	3	1	0.848085347562272
chrX	16236781	16266780	-1.93738019575509	0.522180252292523	1	2	0.544170015516053
chrX	16266781	20636871	0.667718357873263	3.17711730475916	3	1	0.845664355955855
chrX	20891872	21146871	1.09624155856368	4.27593984962406	4	2	0.929279429532181
chrX	21146872	21171871	-0.634446062176466	1.28837622005324	1	-1	0.636172011124879
chrX	21171872	26288378	0.721554183806208	3.29791492769999	3	1	0.850859124641795
chrX	26383379	27304179	0.724682695951716	3.30507427990265	3	1	0.850239960723856
chrX	27374180	27748818	0.850729458314529	3.60682507948889	4	1	0.718586855774695
chrX	27794019	28794698	0.607682577221242	3.04761904761905	3	1	0.801562003643321
chrX	28974699	32340486	0.659494542049297	3.1590582561494	3	1	0.842184252746024
chrX	32342037	33644655	0.724007908736006	3.30352876936728	3	1	0.850382211532396
chrX	33644656	34398271	0.958738034813753	3.8872180451128	4	2	0.594864619122526
chrX	34458272	35254958	0.517557031268582	2.86305826678498	3	1	0.632153742996607
chrX	35254959	36455249	0.880127110653286	3.68107491443782	4	1	0.647225388237233
chrX	36455250	36490249	-0.84501304811613	1.11341154819416	1	-1	0.876211683669217
chrX	36490250	36805249	0.482151695137385	2.7936507936508	3	1	0.527585985506282
chrX	36805250	54715803	1.17100932696565	4.50338345864661	5	2	0.967517683405544
chrX	54715804	54740803	-0.68235214943161	1.24629694679583	1	-1	0.741378871004776
chrX	54740804	58550623	1.12268890932062	4.35504887381312	4	2	0.949113499796084
chrX	62465624	62635623	0.781805605700794	3.43856258855806	3	1	0.819417858115259
chrX	62635624	66966221	1.10251953198974	4.29458740017748	4	2	0.93486579366586
chrX	66966222	73766303	1.14499739099428	4.42291461476466	4	2	0.959737020299567
chrX	73790773	75835408	1.10251953198974	4.29458740017748	4	2	0.93486579366586
chrX	75835409	81617513	1.31555658756721	4.97796672792491	5	2	0.979810371853759
chrX	81617514	84266123	1.12405269353937	4.35916766183424	4	2	0.949899769063503
chrX	84266124	88449409	1.08962293190229	4.25636812434854	4	2	0.922701121916696
chrX	88449410	89444517	1.23096789745589	4.69448825120614	5	2	0.975744681288155
chrX	89524518	90718101	1.0769844398826	4.21924376157786	4	2	0.907954656079091
chrX	90773102	99593939	1.12405269353938	4.35916766183427	4	2	0.949899769063509
chrX	99593940	99623939	-2.25075091360088	0.420229423949308	0	2	0.54720079540862
chrX	99623940	104899280	1.03901658968358	4.10965301452389	4	2	0.84277370068348
chrX	104899281	105139280	0.77871100779524	3.43119473607548	3	1	0.822129925339039
chrX	105139281	122927586	1.08303762230879	4.23698382850012	4	2	0.915394042456149
chrX	122982587	125039019	1.0759187355573	4.21612819948024	4	2	0.906569569221217
chrX	125079020	126356102	1.10251953198974	4.29458740017748	4	2	0.93486579366586
chrX	126481103	127081799	1.10251953198974	4.29458740017748	4	2	0.93486579366586
chrX	127121800	127461799	1.2279577073306	4.68470339057366	5	2	0.975506723388242
chrX	127461800	133008857	1.03739905250373	4.10504788926711	4	2	0.839212327233163
chrX	133008858	133027291	-2.10108612511432	0.466165413533833	0	2	0.561912643914058
chrX	133027292	135753357	1.07362542779268	4.20943156678348	4	2	0.903509983306192
chrX	135882519	138252498	1.07009805429736	4.19915212461797	4	2	0.898588670661194
chrX	138312499	141442658	1.03033387118124	4.08499375033334	4	2	0.822862117163823
chrX	141442659	145376012	1.10251953198974	4.29458740017748	4	2	0.93486579366586
chrX	145376013	145651012	0.891015426796023	3.70896184560781	4	1	0.616064447496007
chrX	145651013	156027976	1.36555393782353	5.15350488021296	5	2	0.981304231130021
