Chromosome	Start	End	Segment	CNF	CN	Call	ProbCall
chr2	88414897	92135200	2.55817249683294	11.7792232041414	12	2	1
chr6	24365650	28944537	0.54745589625322	2.92301229240909	3	1	0.914964775115519
chr13	49628298	114346637	0.501761558529312	2.83188279822602	3	1	0.870549000176745
chr14	21384291	22503814	2.30624087887248	9.89185353798893	10	2	1
chr14	101060572	106879812	1.36697762983786	5.15859301381542	5	2	0.999999999947532
chr19	53632055	53761222	-3.55254102302878	0.170454545454545	0	-2	0.98458930580738
chr19	53761960	55778900	0.629787848982267	3.09467487586527	3	1	0.922186353852865
chr21	5011798	8227646	-0.72345295502023	1.21129229794835	1	-1	0.617495495062482
chr21	29180424	30747233	2.96631545701763	15.6307538813662	16	2	1
