Chromosome	Start	End	Segment	CNF	CN	Call	ProbCall
chr1	1450567	1495978	-0.720862872763768	1.21346889420574	1	-1	0.752055292860262
chr1	25258956	25390915	-1.33610293748173	0.792178286333992	1	-1	0.723808745687245
chr1	103546308	103551852	-8.53916540401019	0.00537631951698333	0	2	0.566699467474105
chr1	121659147	121969146	-0.577689265808987	1.34007220216606	1	-1	0.412521645654095
chr1	143189147	143289146	-2.43404001788452	0.370093058611332	0	2	0.524434504226354
chr1	143289147	144325335	0.586626551622445	3.00346229294782	3	1	0.894446640341711
chr1	146078084	146098060	1.02532207680389	4.07082746548223	4	2	0.621679716621711
chr1	146109791	146126389	0.760980411087955	3.38928371978056	3	1	0.907341402244948
chr1	149536490	149548372	-0.729309790861896	1.20638484408923	1	-1	0.761362206210429
chr1	152590092	152614198	-5.74575704770094	0.03727217843011	0	-2	0.620692309193664
chr1	158808424	158829277	6.45612613888702	175.597213226905	176	2	0.999938067705061
chr1	182858118	182881880	0.476572224381645	2.78286750919793	3	1	0.709467075159326
chr1	197172136	197190927	-0.75774139984268	1.18284300345013	1	-1	0.7873731303633
chr2	63920433	63947500	-0.755073343669631	1.18503252477669	1	-1	0.785237272253668
chr2	86865614	86878974	-1.72750218236828	0.603948658852646	1	2	0.540521574437852
chr2	95848829	95948662	-0.904184104639779	1.0686696078578	1	-1	0.849552172286634
chr2	97144535	97191307	-0.745250761999989	1.1931283414367	1	-1	0.776863289169365
chr2	97504815	97560805	-0.950224422447294	1.03510389284642	1	-1	0.855883576263401
chr2	113112958	113439158	0.586202430919884	3.00257947067359	3	1	0.894128490105446
chr2	174380083	174387854	-5.12650151958132	0.0572531341038512	0	-2	0.623674867112317
chr2	201537364	201565882	0.871274524546172	3.65855646353284	4	1	0.797683366431844
chr3	5178161	5184814	8.00283672451154	513.007719408105	513	2	0.999996454017763
chr3	75371602	75594964	0.664050185104633	3.16904947927225	3	1	0.92434886225644
chr3	98149921	98334159	0.842068443211624	3.58523688225178	4	1	0.841082247433378
chr3	155978016	156047434	4.28480225677119	38.983784752644	39	2	0.99811122326582
chr4	4104550	4157180	3.09150005183165	17.0476391043371	17	2	0.990870221999613
chr4	9160776	9175774	3.36625724102598	20.6240711533305	21	2	0.993522190191043
chr4	68471414	68669987	0.511737894766262	2.85153332820856	3	1	0.795479529516077
chr4	190071035	190092527	0.609502340677077	3.05146562975311	3	1	0.908674969210556
chr5	17491204	17675659	0.448753389754169	2.729720785069	3	1	0.620839247452958
chr5	34179498	34203813	1.51060762898568	5.69860039255585	6	2	0.94851959201356
chr5	50116303	50226302	0.464037651592047	2.75879384197802	3	1	0.671668733384985
chr5	70421269	70512268	-0.711289025091488	1.22154835591437	1	-1	0.740467037285148
chr5	72855651	72905396	0.434597422937004	2.70306728297555	3	1	0.56977799728379
chr5	80331635	80360170	2.23455455981268	9.41234733402213	9	2	0.975397685100002
chr5	103005017	103011255	0.752617947177819	3.36969484117822	3	1	0.91098435191956
chr5	112827041	112836688	6.00052148309006	128.046275823329	128	2	0.999865553184739
chr5	171391180	171410525	1.23215109783208	4.69833993049391	5	2	0.926920570386451
chr5	178767282	178802648	0.795810724978906	3.4721053561065	3	1	0.886611729822967
chr6	29791232	29817499	-2.53347922273206	0.345443286024564	0	2	0.514125372421082
chr6	29826895	29965784	1.25947772953009	4.78818113378234	5	2	0.931704551129665
chr6	31166958	31302275	0.937549634642721	3.83054490702585	4	1	0.640377004903368
chr6	31498068	31529986	0.852861777914136	3.61215994930811	4	1	0.826587954441471
chr6	31869475	31880461	0.864955034806388	3.6425658029393	4	1	0.808233952258517
chr6	31980662	32045432	-1.26833522309885	0.83027707936864	1	-1	0.779991459878421
chr6	32490365	32763575	1.5887720060601	6.01586422321286	6	2	0.9522451917063
chr6	33092941	33143787	1.22990461414674	4.69102963251718	5	2	0.926427718989884
chr6	42187754	42208984	-1.10295550303765	0.931123537978486	1	-1	0.84811678012579
chr6	110888893	110893664	1.26266229895768	4.79876212045298	5	2	0.932145813536897
chr6	137871517	137881396	1.56492696073778	5.91725045701763	6	2	0.951132539430179
chr7	35121384	35162006	-0.825047314531438	1.12892737997108	1	-1	0.826497992867256
chr7	38349116	38385086	-1.11476471782922	0.923532912973736	1	-1	0.8456380687807
chr7	50319018	50400774	6.96288738743567	249.498509622641	249	2	0.999974774891536
chr7	60880237	61320236	0.559568614826503	2.94765691383031	3	1	0.869449839957456
chr7	61380237	61520236	-1.29931237263281	0.812639630031147	1	-1	0.756917528954877
chr7	92813890	92834147	7.78773249342137	441.947899780402	442	2	0.999994608942945
chr7	99649912	99861962	0.444224710958881	2.721165514471	3	1	0.604878277332494
chr7	102480350	102688328	0.838657935053899	3.57677144923487	4	1	0.845318390522468
chr7	144187237	144380108	-0.646859936545896	1.27733776298672	1	-1	0.624470953879657
chr8	64084	7216688	-0.685719656180673	1.24339126063301	1	-1	0.703181701537368
chr8	7362780	8215076	-1.82669022929315	0.563821254911418	1	2	0.571774511642541
chr8	12111426	12618222	-1.16385331805321	0.892637723280794	1	-1	0.831929294379686
chr8	39375698	39648558	7.02509098096283	260.491228070175	260	2	0.999977467159628
chr8	53953988	54560380	0.786946253751977	3.4508368180931	3	1	0.89281820293661
chr8	60780950	60816090	7.3681480085202	330.417893946524	330	2	0.999988031913125
chr8	94436747	94866268	0.710264452223259	3.27220798909787	3	1	0.922852648102129
chr8	123777275	123780154	-1.86423467736956	0.549337742970544	1	2	0.575461913525777
chr9	21968066	21974385	1.77845119997065	6.86115376959269	7	2	0.960388605043529
chr9	33543053	33572333	-0.977865230958226	1.01546095550206	1	-1	0.857673956419382
chr9	36823880	37034074	6.68161232386278	205.303202790208	205	2	0.999958276385784
chr9	43136141	43216461	0.645873082724489	3.12937181663837	3	1	0.921506996224489
chr9	105521091	105526500	1.13885770041343	4.40413197136078	4	2	0.877361881773797
chr10	37149615	37199805	-1.24470159792302	0.843990346136195	1	-1	0.79496887986988
chr10	38797723	38901402	2.35614381022527	10.24	10	2	0.978464681348206
chr10	39571403	39631402	-1.31849322348427	0.801906966362965	1	-1	0.740475544523448
chr10	47483864	48053737	0.737118192019721	3.33368592788687	3	1	0.916551062960122
chr10	87864277	87964934	7.38478063605802	334.24927852723	334	2	0.999988398609829
chr10	133665184	133778707	1.06205393287101	4.17580381258627	4	2	0.735511225356378
chr11	32635622	32699330	-1.16319901233994	0.893042653227624	1	-1	0.832150769289217
chr11	54525524	54585523	-0.764401326720581	1.17739521801759	1	-1	0.79246447298449
chr11	55467143	55727206	0.454884199267154	2.74134556167704	3	1	0.641816211010593
chr11	57917347	57928388	5.35590991179347	81.9067197114919	82	2	0.999618022301615
chr11	123995219	124059291	-0.575852268860679	1.34177961530579	1	-1	0.406070979920259
chr11	124059292	124093942	1.23834029016603	4.71853920515576	5	2	0.928188810195019
chr12	40474955	40491243	-1.37781933534718	0.769599978892728	1	-1	0.67784525283427
chr12	43796896	43804659	1.3427526282911	5.07269573294304	5	2	0.939398380268413
chr12	52723766	53034836	0.503506015705675	2.83530908446977	3	1	0.777971597624001
chr12	56107061	56117475	0.609629962645911	3.05173557680761	3	1	0.908739431830591
chr12	63595950	63647427	-0.933736720336493	1.04700133344436	1	-1	0.854116997447666
chr12	64497635	64622708	6.30779591800586	158.44034285178	158	2	0.999920020691626
chr12	78920758	80456351	0.458020268685673	2.74731106406217	3	1	0.652248315757782
chr12	80456541	82477414	0.797653520865309	3.47654320987654	3	1	0.885233068207656
chr12	111403225	111439011	6.86554563960508	233.219666394339	233	2	0.9999699363803
chr13	18171403	18497492	0.755813671867753	3.37716735084221	3	1	0.909647229584526
chr13	19082754	19131386	1.06593402392903	4.18704964501848	4	2	0.745949082566878
chr13	19450006	19465630	-1.32145745213165	0.80026102233299	1	-1	0.737777910967133
chr13	27075650	27095723	1.57420824563693	5.95544059596198	6	2	0.951568069159325
chr13	38354283	38360117	-1.05450341509605	0.962925831324484	1	-1	0.855307609141424
chr13	40959256	41017372	6.93443085756894	244.625477644355	245	2	0.999973443285178
chr13	43837241	43869435	-1.04407006563979	0.969914804508811	1	-1	0.856262366152554
chr13	48304140	48479697	6.60268614679147	194.373286474751	194	2	0.999952049293554
chr13	52218390	52279999	0.930791414384321	3.81264290736423	4	1	0.66057810644416
chr13	52532562	52587486	0.433061875051345	2.70019177498402	3	1	0.564048570860683
chr13	57084747	57169212	1.41614109901437	5.33741466506349	5	2	0.943678574074904
chr13	75302095	75310247	1.74351190285832	6.69698577137458	7	2	0.958980178483047
chr13	100760696	100821698	0.5289658481936	2.88578905985719	3	1	0.827267795751005
chr13	109028740	110740137	0.521003974334991	2.86990697521965	3	1	0.813366163313896
chr13	110740138	114346545	1.13982512097834	4.4070862177944	4	2	0.878370963060025
chr14	19474471	19698966	0.80921486346351	3.50451515586905	4	1	0.875841284189733
chr14	35625252	35775132	0.474199571746993	2.77829457364342	3	1	0.702595716420099
chr14	39302198	39318114	-1.65134123944737	0.636688124543939	1	2	0.487228194158693
chr15	19780202	22428723	-1.75161299702595	0.593939135854526	1	2	0.551700748195642
chr15	53597094	53873552	0.811833468054709	3.5108819019174	4	1	0.873527373479707
chr15	82812954	82819574	-6.98787376009957	0.0157568858195244	0	-2	0.573557491206213
chr15	92832588	92915320	6.32300356570966	160.119317998766	160	2	0.999922078718141
chr15	94249597	94916340	1.04477636404389	4.12609307108142	4	2	0.685040905112923
chr15	94916341	95646340	0.42116360207568	2.67801418439715	3	1	0.518686546816631
chr15	97265374	99700853	1.20502994550771	4.61084109179039	5	2	0.919519986054152
chr16	14895982	15029002	0.573897864285389	2.97707974026626	3	1	0.883926729336219
chr16	21457801	21479609	-1.13259073088092	0.912191902825176	1	-1	0.841316177111841
chr16	21890690	21910041	-0.850487527314798	1.10919458061822	1	-1	0.835935366253566
chr16	29087372	29104264	-0.734374718635381	1.20215696590586	1	-1	0.766564694572688
chr16	31874990	31885301	1.39164561327093	5.24755583907397	5	2	0.942333189994391
chr17	7670087	7672818	3.6201556100591	24.5926553379324	25	2	0.99533205991314
chr17	12024637	12141397	7.15131262996132	284.308343947448	284	2	0.999982110872578
chr17	19030573	19232559	0.6446097456458	3.12663269238423	3	1	0.921229128487759
chr17	31095295	31222076	6.66209961280336	202.545133619585	203	2	0.999956812816042
chr17	31222081	31373680	5.42037243893531	85.6494714916815	86	2	0.999654941746424
chr17	46337327	46704895	0.884709962564751	3.69278677549169	4	1	0.77289154041703
chr17	48189727	48682937	0.551122537666148	2.93045064127722	3	1	0.859448507580342
chr17	67717785	67724269	-4.19495711755177	0.109199857781332	0	-2	0.602915953414214
chr18	51017323	51098732	3.81042725242726	28.059691696214	28	2	0.996372265706641
chr18	58858086	59802072	0.728451672216904	3.31371992689479	3	1	0.919032366408079
chr19	1208034	1226795	4.78528632683831	55.149898550591	55	2	0.999085656860009
chr19	4885131	4921971	5.7588725306956	108.298731208902	108	2	0.999799698140961
chr19	15238596	17523491	0.558324080836937	2.94511522810991	3	1	0.868047986680416
chr19	17527227	20721802	0.744450421497118	3.35067189462916	3	1	0.91410327859663
chr19	27248209	31349246	1.65048029696701	6.27876273890759	6	2	0.955030387371761
chr19	31349484	34944952	0.625949570646286	3.08645246139652	3	1	0.915786027089971
chr19	54601098	54632179	-1.33445784389884	0.793082116096608	1	-1	0.725431891740007
chr19	54632483	54739706	0.748897161839396	3.36101542055646	3	1	0.912457646461242
chr19	54804788	54817564	0.576631749417621	2.98272660971324	3	1	0.886361314160666
chr19	54818359	54839603	-3.49033087332604	0.177965454475186	0	-2	0.56618730293431
chr19	54839804	58599432	0.421115124084362	2.67792419825073	3	1	0.518498809405042
chr20	6200249	6214618	2.80137739239888	13.9421136935892	14	2	0.987054370970207
chr20	30090650	30280649	-1.7003226179898	0.61543456672855	1	2	0.524679813312784
chr20	41113903	46794227	0.541313333372137	2.91059343919267	3	1	0.846320019470706
chr21	8776388	8987008	-0.835074460939144	1.12110821346088	1	-1	0.830487913817592
chr22	11216608	11319686	0.878769820379547	3.67761338063109	4	1	0.784260811614776
chr22	18202302	18887005	0.658128478455933	3.15606841292507	3	1	0.923653368375701
chr22	23786710	23953060	1.01644412973024	4.0458536367104	4	2	0.591142068038992
chr22	29814665	30342326	0.495042093703853	2.81872375135963	3	1	0.758320849267852
chr22	41160869	41176427	0.737290168988601	3.334083344775	3	1	0.916497360453765
chrX	10202	130201	-1.57518153537433	0.671201788263281	1	2	0.410060171043763
chrX	2789563	13038585	0.996127763366427	3.98927827553109	4	2	0.519531723584415
chrX	13039780	49346488	0.997531421908091	3.9931615005279	4	2	0.52449981159366
chrX	49600659	58480623	0.928795607410355	3.80737218957018	4	1	0.666363088952816
chrX	62470624	124353251	1.01662524452816	4.04636158186879	4	2	0.59177210618544
chrX	124353452	155685512	1.02104992850942	4.05879064973045	4	2	0.607079315811288
