Chromosome	Start	End	Segment	CNF	CN	Call	ProbCall
chr1	12080	24855	0.533346347275607	2.89456458540686	3	1	0.806587111573948
chr1	59946939	65228136	-0.571175883934949	1.34613594719028	1	-1	0.693728500681686
chr1	65228337	72265520	-0.540400066974791	1.37516042599271	1	-1	0.610041116968927
chr1	72274924	72362730	1.81927583030406	7.05808023398599	7	2	0.99860673562668
chr1	72362731	80691982	-0.555396178330233	1.3609403375002	1	-1	0.652794605352712
chr1	109681709	109700399	-2.9505580661658	0.258716134512	0	-2	0.615852237167839
chr1	121659147	121969146	-1.3092552229281	0.807058287571854	1	-1	0.883653072412562
chr1	143189147	143289146	-2.81777982272571	0.283657158340859	0	-2	0.604158074160252
chr1	145302673	145310878	-1.6699900993355	0.628511000476821	1	-1	0.630123521469707
chr1	145311103	145327502	0.616095835194906	3.06544354461469	3	1	0.892607133195473
chr1	145328064	145340920	-0.570454425784585	1.34680928673604	1	-1	0.691954581190178
chr1	146071097	146087661	-0.502160160922542	1.41209763153451	1	-1	0.489133625278379
chr1	146088484	146096582	1.21965769796633	4.65782907173074	5	2	0.991634704865638
chr1	146109791	146229049	0.625552158101444	3.0856023676721	3	1	0.896940017633118
chr1	152580092	152614198	-5.86631797018418	0.0342840660037623	0	2	0.639207527308139
chr1	182858118	182883568	0.502409575100189	2.83315508317052	3	1	0.7429816410447
chr1	196774832	196842261	-1.23363037364834	0.850492032858397	1	-1	0.90089381573798
chr1	208478384	215628966	-0.543502652550485	1.37220625456096	1	-1	0.619166480001082
chr2	95819274	95978191	-0.578081347797941	1.33970805952374	1	-1	0.710219348335954
chr3	5178161	5184814	8.49416317731963	721.153806315923	721	2	0.999999999999999
chr3	11703288	18551242	0.539935614949882	2.90781526084664	3	1	0.817493893221566
chr3	60044496	60314495	-1.50274130588882	0.705764463168116	1	-1	0.795179078114878
chr3	75371602	75599673	0.685001082766081	3.21540637618646	3	1	0.907033320405429
chr3	98149921	98354141	0.992705679892382	3.97982689130401	4	2	0.70234470898115
chr3	155616613	162794159	0.770815429929013	3.41246779310074	3	1	0.874135074341799
chr3	162794160	162914159	-0.608281283260439	1.31195543678583	1	-1	0.771864930051545
chr3	162914160	185923993	0.902710970363969	3.7391516140398	4	1	0.631025456913227
chr4	4104550	4157180	5.16395614535279	71.702730075424	72	2	0.999999984728556
chr4	9160776	9364635	1.48742036407127	5.60774350991577	6	2	0.996771979515682
chr4	54723519	54727332	2.64990421959754	12.552512178456	13	2	0.99986535607807
chr4	64639632	80201546	0.439411640055726	2.71210237963854	3	1	0.546158117716551
chr4	92600500	153066050	-0.580746269866085	1.33723565747203	1	-1	0.71634506977377
chr4	153066251	167494426	-0.572832213711647	1.34459136183195	1	-1	0.697764749278823
chr5	10202	34941221	0.876998612143472	3.67310111571972	4	1	0.706525430112309
chr5	34944843	43547952	0.611184992499511	3.0550267078065	3	1	0.890009445074824
chr5	70487640	70550713	-0.940473912966182	1.04212337600433	1	-1	0.921312778112578
chr5	71128578	71274672	-1.16744269031859	0.890419633822372	1	-1	0.911028491154367
chr5	80331635	80360170	2.10448022012921	8.60085581505378	9	2	0.999351596779582
chr5	103790391	112827226	-0.504515179287988	1.40979443994183	1	-1	0.496861965306319
chr5	112827227	112836688	6.06942004843708	134.309733240073	134	2	0.999999999723437
chr5	112836944	138253993	-0.497034323760371	1.41712368072569	1	-1	0.472278779067031
chr5	171391180	171410525	1.29578013370948	4.91019436649075	5	2	0.994644971451778
chr6	29766660	29817499	-2.09572657128182	0.467900419969147	0	-2	0.466509949265876
chr6	29826895	29943037	0.812242271934282	3.51187689078864	4	1	0.831607473366262
chr6	29943218	29945584	-2.86285049710957	0.274932526424788	0	-2	0.608368329258947
chr6	31166958	31282275	1.06205919440757	4.17581904185085	4	2	0.896119108413776
chr6	31282276	31367419	-0.727012164486653	1.20830765516312	1	-1	0.887039318476134
chr6	32443676	32757401	3.96529317092274	31.2393638697045	31	2	0.999998307629104
chr6	33092941	33129196	3.97405684313891	31.4297053752145	31	2	0.999998360813149
chr6	78253527	78333526	-1.28213899748892	0.822370832987518	1	-1	0.890637935874087
chr6	110888893	110893664	1.39093803567751	5.24498277794038	5	2	0.995910779081942
chr6	137871517	137881396	1.95016293569404	7.72836341124182	8	2	0.999014383885683
chr6	164541874	165543712	-1.14422339408559	0.904866338023831	1	-1	0.913690839503997
chr6	165545055	170624638	-1.14834185132556	0.902286902286904	1	-1	0.91324939869063
chr7	6823258	29742307	-0.571530463557571	1.34580514011637	1	-1	0.694596825614835
chr7	35117809	35162006	-1.05522224920242	0.962446165493901	1	-1	0.92028915881838
chr7	50319018	50400774	7.57507793202359	381.378031419717	381	2	0.999999999999853
chr7	61100237	61240236	-3.05592192128323	0.240494878907039	0	-2	0.623627820750872
chr7	61240237	61620236	-1.42313275287983	0.7458033833862	1	-1	0.841474923672434
chr7	63496149	65023193	0.435495612475657	2.70475067593909	3	1	0.531425760706736
chr7	76521930	76911078	-0.747989339459138	1.19086564902439	1	-1	0.895124586042624
chr7	92813890	92834147	7.84788886008208	460.765491008857	461	2	0.999999999999966
chr7	142065627	142094610	-1.07783495062462	0.947478459259756	1	-1	0.919117592187256
chr7	142094659	159334947	0.434630073269655	2.70312845809722	3	1	0.528144287412758
chr8	12113735	12173679	1.31950223771066	4.99159968413189	5	2	0.995050195434238
chr8	39295132	39648558	2.1328472679023	8.77164404223227	9	2	0.999400386434083
chr8	49525605	60773394	0.486854470623374	2.80277215908868	3	1	0.702649276431097
chr8	60780950	60816578	7.81595102397358	450.677315273834	451	2	0.99999999999996
chr8	60819991	106253744	0.453363326183122	2.73845718835478	3	1	0.596808453700101
chr9	12193	21967405	-0.595859609070944	1.32330020607224	1	-1	0.74855961067259
chr9	21968066	21974385	1.58394546885301	5.99577177389329	6	2	0.997457884073789
chr9	21974406	28619399	-0.620512764514578	1.30087941304292	1	-1	0.792138943274802
chr9	36840509	37034074	6.84048393064091	229.203288105864	229	2	0.999999999993329
chr9	92500678	105043889	-0.573188605548782	1.34425924576592	1	-1	0.698626590861332
chr10	10202	2106350	0.690694959642788	3.22812167870477	3	1	0.906617121974763
chr10	2106351	18113074	0.434352973765747	2.7026093160719	3	1	0.527091920082948
chr10	39561403	39631402	-4.61232410272937	0.0817677582025501	0	-2	0.592586688299917
chr10	87864277	87964934	7.09594059263299	273.603067077562	274	2	0.999999999998176
chr10	100048688	110604226	-0.551139205878299	1.36496200612565	1	-1	0.641016170766722
chr10	110604427	133422061	-0.539911771933987	1.37562594202033	1	-1	0.608592574711192
chr11	68600200	135066987	0.489832449284856	2.8085635535302	3	1	0.710817871351679
chr12	12211	18243	-1.64006183484916	0.6416854451359	1	-1	0.667449503150285
chr12	9480523	9583660	-2.74736797479746	0.297844665487505	0	-2	0.597074084802191
chr12	23185200	25894408	1.21437327067762	4.64079918371945	5	2	0.991205181090487
chr12	64566693	64611410	6.94932318781342	247.16372097235	247	2	0.999999999996146
chr12	111403225	111439011	7.1500442353705	284.058494410122	284	2	0.999999999998619
chr13	19082754	19131386	1.15656557898498	4.45852213282145	4	2	0.981104385388471
chr13	19131587	27075449	-0.581018248457533	1.33698358397079	1	-1	0.716962748815894
chr13	27075650	27116660	1.24549076828767	4.74198391217	5	2	0.993160496478464
chr13	27117610	27998860	-0.640661241184561	1.28283779017951	1	-1	0.820221008653629
chr13	33624508	35123576	-0.679129211895681	1.24908424908425	1	-1	0.858628900488973
chr13	35123777	40969255	-1.16832226681826	0.889876931820668	1	-1	0.910919171391377
chr13	40976205	41017372	6.04543891297698	132.095628461809	132	2	0.999999999690882
chr13	41017573	42369504	-1.19555435797701	0.873237288556606	1	-1	0.907211505909512
chr13	42369705	48304121	-1.20284451807664	0.868835816154305	1	-1	0.906108404463841
chr13	48304140	48479697	5.78094913652281	109.968699522081	110	2	0.999999998964232
chr13	48479702	52235314	-1.19764646179488	0.871971893566817	1	-1	0.906899881160123
chr13	52235515	52525388	-1.27200928866084	0.828165329250211	1	-1	0.893004969764518
chr13	52532562	52577286	1.46619180598165	5.52583240191798	6	2	0.996599684767925
chr13	52577487	57134746	-1.15294133292909	0.899414886033814	1	-1	0.912740935176851
chr13	57141246	57173577	1.72621344800601	6.61716589066679	7	2	0.998226968850786
chr13	57173778	75299741	-1.16781859723765	0.890187657355369	1	-1	0.910981848376803
chr13	75302095	75310247	0.659412292909587	3.15887816097329	3	1	0.906029543655665
chr13	75312651	114346545	-1.13758646799435	0.909038644621369	1	-1	0.914375103568934
chr14	19484471	19956874	0.730626755683264	3.3187196345566	3	1	0.897065778803404
chr14	35625252	35761049	0.956800733865219	3.88200165703007	4	2	0.562477289638656
chr14	85873804	88414637	0.722023231670754	3.29898731749679	3	1	0.900139890430663
chr14	88415139	104948845	0.800106566281645	3.4824594794459	3	1	0.846481456511062
chr14	104948929	104952018	-0.912787329662834	1.06231577288137	1	-1	0.920273296842549
chr15	19780202	22573064	-1.39630624820221	0.759801124238112	1	-1	0.85359795822925
chr15	92832588	92915320	6.26526067075595	153.837207627354	154	2	0.999999999889685
chr17	62040	3154905	-0.55094481842142	1.36514593229275	1	-1	0.640471273801668
chr17	3155106	6330865	-0.570361868344959	1.34689569530788	1	-1	0.691726308115573
chr17	7670087	7674149	2.13712521974151	8.79769276337528	9	2	0.99940743860167
chr17	12024637	12141397	7.25222853651264	304.907649861907	305	2	0.999999999999187
chr17	13338247	18427346	-0.544984705194857	1.37079733748064	1	-1	0.623476328381428
chr17	18428286	18862545	-0.843599783245886	1.11450278116945	1	-1	0.914828814647478
chr17	19242560	21883114	-0.582933145812131	1.3352101752239	1	-1	0.721272193281624
chr17	21883115	22761913	-0.84211271543766	1.11565215481566	1	-1	0.914655689560673
chr17	26941914	31094507	-0.571125466496653	1.3461829910284	1	-1	0.693604845909465
chr17	31095295	31373680	5.93534372135722	122.390156571012	122	2	0.999999999486573
chr17	31373685	36106420	-0.560201652851204	1.35641472118643	1	-1	0.665725219567769
chr17	36455874	45406143	-0.5434470999532	1.37225909392545	1	-1	0.619004303850786
chr17	45410005	46332613	-1.61969802712136	0.650807134980473	1	-1	0.690850053912266
chr17	46512641	63507463	-0.562574275881413	1.35418582607958	1	-1	0.671962087786547
chr17	63507664	64973572	-0.602860045434047	1.31689466664621	1	-1	0.762038951802817
chr17	64973773	69905996	-0.587343498537826	1.33113463894374	1	-1	0.730934984374803
chr17	80013858	81902764	-1.08681491436895	0.94159925605219	1	-1	0.918560551494004
chr17	83206057	83240389	0.912262459499358	3.76398912419921	4	1	0.599118292364708
chr18	10202	11897414	-0.585140118460033	1.33316918979127	1	-1	0.726153308932595
chr18	11897615	13092594	-0.578620673834532	1.33920732695034	1	-1	0.711469830189277
chr18	20920431	26927624	-0.578271314944987	1.33953166482093	1	-1	0.710660428608785
chr18	26927625	30729258	-0.787788057793851	1.15846298018072	1	-1	0.905920658051215
chr18	43607528	51037322	-0.575314569842802	1.34227979588856	1	-1	0.70371866780397
chr18	51047024	51088732	4.38925131146593	41.9108335954499	42	2	0.99999965374647
chr18	51088733	54798410	-0.545944757268388	1.36988543371522	1	-1	0.626250750674788
chr18	54798411	57838967	-1.17250816245632	0.887298747763861	1	-1	0.910390197052639
chr18	57839168	80257594	-1.17597642269007	0.885168230363778	1	-1	0.909940888878413
chr19	60571	1208030	-0.50109689448796	1.41313873127258	1	-1	0.485640290791718
chr19	1208034	1226795	4.3879583447501	41.8732892524542	42	2	0.999999652021449
chr19	1229154	4881806	-0.508683870506027	1.40572669529321	1	-1	0.510499485960083
chr19	4885131	4921971	5.29557475406438	78.5519265474029	79	2	0.999999991266003
chr19	4929146	10388645	-0.518405534843097	1.39628598782388	1	-1	0.541963689132506
chr19	54707686	54739706	2.99763675343698	15.9738122115978	16	2	0.999954117575079
chr19	54747401	54855942	-1.84860592698981	0.555321082384202	1	-1	0.35553742402844
chr19	54865686	54906389	1.21965769796633	4.65782907173074	5	2	0.991634704865638
chr20	1588394	1611704	3.39743838747785	21.0746736788792	21	2	0.999987610004265
chr20	41366424	61701002	0.603977135568104	3.03980153638043	3	1	0.885739685742109
chr20	61701003	64327990	0.726733775675013	3.30977644617033	3	1	0.898529487074239
chr21	45476357	46691137	0.422523895943814	2.68054043153861	3	1	0.481491872477935
chr22	18203146	18887005	0.724670316591614	3.30504592011214	3	1	0.899256357467243
chr22	23786710	23831850	5.47843137447564	89.1665921234474	89	2	0.99999999603618
chr22	23941098	23993864	0.65477469818596	3.14874013757894	3	1	0.9053306583936
chr22	41160869	41168971	3.04669975385818	16.5263904591334	17	2	0.999960766454069
chr22	44270050	50799120	-1.15843484786357	0.89599659333216	1	-1	0.912111950930855
chrX	10202	270201	-0.832424674749366	1.12316923590534	1	-1	0.913455194062057
chrX	2789563	58550623	1.05320074796314	4.15025720559632	4	2	0.878920835781297
chrX	62470624	156027976	1.28058405346494	4.85874613003097	5	2	0.994315841334467
