Chromosome	Start	End	Segment	CNF	CN	Call	ProbCall
chr1	152079556	153726353	0.887357953563184	3.69957091578936	4	1	0.5473121011605
chr2	88931665	92125200	2.03184160719566	8.17853027862602	8	2	0.999999999999936
chr2	218822382	242175634	0.590492659757958	3.01152171091797	3	1	0.859710387280533
chr3	23756	5099861	-0.857442434697598	1.10386027181167	1	-1	0.913532805168656
chr6	26016378	28944537	0.562067358121382	2.95276667014188	3	1	0.849789647481052
chr6	60238565	170745977	-0.741425242356906	1.1962962962963	1	-1	0.862286279760195
chr7	142300923	142536292	3.2450160452104	18.9616952200333	19	2	1
chr7	142544211	142789040	-2.34372789711802	0.394001247546674	0	-2	0.935157725200794
chr9	12133	33605293	-0.724008189279494	1.21082621082621	1	-1	0.84982495542673
chr14	18247823	21586280	-0.850657569980029	1.10906385355353	1	-1	0.911571660593262
chr14	21601881	22320691	1.79069198351534	6.91961602369624	7	2	0.999999999972093
chr14	22332921	104115581	-0.594361198723406	1.32467532467532	1	-1	0.653136298033634
chr14	104117404	106324760	1.25363411717455	4.76882591091438	5	2	0.99813046296358
chr15	19780202	22195317	0.52554285692458	2.87895024690676	3	1	0.822872495478436
chr16	26137889	31633731	0.684688810722662	3.21471047522892	3	1	0.846859501735685
chr17	39200282	41425049	1.23525101698357	4.70844610822022	5	2	0.997106956267234
chr21	29180424	31038476	0.944910157561816	3.85013800132145	4	2	0.625484890029561
chr22	22547700	22919851	2.28878721321773	9.77290327657743	10	2	0.999999999999996
