Chromosome	Start	End	Segment	CNF	CN	Call	ProbCall
chr1	1450567	1512483	-0.715243411138271	1.21820471114803	1	-1	0.779364464223731
chr1	25258956	25390915	-1.33945007425725	0.790342516801238	1	-1	0.75484959690685
chr1	103546308	103571735	-4.85122456017714	0.0692892542879075	0	-2	0.616453292824297
chr1	143189147	143289146	-2.55984425843606	0.339187695816711	0	-2	0.518324472832285
chr1	143289147	144325335	0.540650568929458	2.90925663913567	3	1	0.86365543100271
chr1	146078084	146098060	1.02365043619884	4.06611335793559	4	2	0.666983875492315
chr1	146109791	146126389	0.759592624321616	3.38602499815712	3	1	0.917306067198906
chr1	146144630	146298705	0.583377611124458	2.99670612432783	3	1	0.906681849427369
chr1	149536490	149548372	-0.732610717263248	1.20362775734267	1	-1	0.795174009119042
chr1	152580092	152614198	-5.61939955775897	0.0406838618731032	0	-2	0.579331520901861
chr1	182858118	182881271	0.494361648143619	2.81739461680909	3	1	0.778179382754913
chr1	207477872	207611668	0.466611997314506	2.76372102976271	3	1	0.701347852114205
chr2	63920433	63947500	-0.870196847653935	1.09414440120308	1	-1	0.856912038185061
chr2	86865614	86878974	-1.73078725349346	0.602575009453526	1	2	0.498420420538922
chr2	95848829	95948662	-0.906769644229883	1.06675609666295	1	-1	0.863413052279826
chr2	97144535	97191307	-0.821832198236838	1.131446055176	1	-1	0.843629489286579
chr2	97504815	97576429	-0.907498929087036	1.0662169858694	1	-1	0.863516628289663
chr2	113112958	113439158	0.595521145208696	3.02203662527429	3	1	0.914491803979174
chr2	174380083	174387854	-5.12720936911461	0.0572250500925623	0	-2	0.607238473378021
chr3	5178161	5184814	8.00440296680019	513.564961701881	514	2	0.999999990532747
chr3	98149921	98391234	0.851537808486069	3.60884657020519	4	1	0.835873796862162
chr3	155925197	156121046	0.962487727556189	3.89733441156262	4	1	0.545827161526668
chr3	160357459	160375948	-1.28411442391585	0.821245563036096	1	-1	0.794629542531484
chr4	68471414	68669987	0.51170958136331	2.85147736640261	3	1	0.815996653800685
chr4	190071035	190196187	0.5186171401208	2.86516284795628	3	1	0.82902285575748
chr5	17491204	17675659	0.893454676054262	3.71523810961595	4	1	0.758186359870983
chr5	34179498	34193613	1.53581954544152	5.79906193038752	6	2	0.979372044813268
chr5	70421269	70512268	-0.77805554348358	1.16630446642485	1	-1	0.825091067835423
chr5	72891729	72905396	1.3925162051276	5.25072342331683	5	2	0.974701913432589
chr5	80331635	80360170	2.52915666247323	11.5446830657136	12	2	0.995661508663617
chr5	103005017	103011255	0.753271361959131	3.37122136413976	3	1	0.920066845782737
chr5	112827041	112836688	6.00142216237359	128.12624049515	128	2	0.999997374063747
chr5	171391180	171410525	1.22933899544269	4.68919084194463	5	2	0.963767172563452
chr5	178767282	178802648	0.819117363363874	3.52865250529343	4	1	0.875428293026797
chr6	29153074	29262987	1.16315772123399	4.47894118374667	4	2	0.942166818705376
chr6	29756660	29817499	-2.53950259717367	0.344004037521799	0	-2	0.515991113582204
chr6	29826895	29943037	2.30889303377022	9.91005479046408	10	2	0.993729238871813
chr6	31166958	31272075	1.74742923195755	6.71519471058787	7	2	0.984866361341951
chr6	31272276	31356634	-0.559176529229127	1.35737887983741	1	-1	0.412740200270407
chr6	31869475	31880461	0.863166254676829	3.6380522284042	4	1	0.817702720920816
chr6	31980662	32045432	-1.27058877481166	0.82898116325734	1	-1	0.802631701937046
chr6	32517622	32763575	2.09139405366617	8.52319331029541	9	2	0.991089802250089
chr6	33092941	33153787	1.64330092723234	6.24759497119105	6	2	0.982347246126341
chr6	42187754	42208984	-1.12359524657613	0.917897365687907	1	-1	0.856910371125969
chr6	88941395	89079948	0.575187595428981	2.9797423606576	3	1	0.900450418100359
chr6	110888893	110893664	1.26370661399059	4.80223702922476	5	2	0.967986378964233
chr6	137871517	137881396	1.56874699250507	5.93293917608705	6	2	0.980326501105085
chr7	35121384	35162006	-0.918642484692453	1.05801311813517	1	-1	0.864981547835023
chr7	38349116	38385086	-0.882468965229177	1.08487666246092	1	-1	0.859391275651787
chr7	50319018	50400774	6.96990802646958	250.715612253302	251	2	0.999999804335385
chr7	92813890	92834147	7.77891914774033	439.256293861874	439	2	0.999999981265063
chr7	99649912	99861962	0.472092057185436	2.77423895452383	3	1	0.718151502724143
chr7	102480350	102667259	0.837271505076112	3.57333582284726	4	1	0.855133143297303
chr7	103184008	103254793	-0.92443059188768	1.05377686236426	1	-1	0.865657157226294
chr7	144187237	144397682	-0.717839143150094	1.21601485820741	1	-1	0.781922926982651
chr8	64084	7216688	-0.702155068866408	1.22930672744645	1	-1	0.765277342010024
chr8	7362780	8225076	-1.84907126915799	0.555141992113686	1	2	0.546197906461409
chr8	12015111	12608022	-1.15023887262333	0.901101251423119	1	-1	0.850765270364693
chr8	39375698	39668206	4.73411048561321	53.2278904803366	53	2	0.999944575723089
chr8	53953988	54560380	0.841437511775197	3.58366929933423	4	1	0.849832167122823
chr8	60620629	60816090	6.84500496423586	229.922678608468	230	2	0.999999722933027
chr8	94436747	94866268	0.704600801927262	3.25938732251128	3	1	0.93336629754858
chr8	123777275	123780154	-1.86788515373729	0.547949501206766	1	2	0.549176643297191
chr9	21968066	21974385	1.77868631624906	6.86227202421376	7	2	0.985558380300838
chr9	33543053	33572333	-0.980172080844557	1.01383854460057	1	-1	0.869380163153205
chr9	34838268	34895641	0.532010546434195	2.8918857293673	3	1	0.851260118301054
chr9	36840509	37034074	6.6826323501931	205.448409306565	205	2	0.999999567001507
chr9	105521091	105526500	1.13723774638238	4.39918949419403	4	2	0.922957567205626
chr10	37149615	37199805	-1.24354098329423	0.844669589934644	1	-1	0.816855831314282
chr10	47483864	48053737	0.658501678836549	3.15688493911872	3	1	0.934403465923551
chr10	87864277	87964934	7.38634687834665	334.612348764988	335	2	0.999999940326203
chr10	94608310	95065033	0.523420342068215	2.87471780575617	3	1	0.837441793191712
chr10	133665184	133778707	1.06374872395756	4.18071217741194	4	2	0.79558657917256
chr11	32635622	32699330	-1.74769012781954	0.595556328719912	1	2	0.508787947840917
chr11	55467143	55727206	0.851611199042651	3.60903015855038	4	1	0.83576637922314
chr11	57917347	57938388	5.35614502807187	81.920069152546	82	2	0.999986965980452
chr11	100859586	100960011	0.436669582405185	2.70695251911728	3	1	0.596385445608382
chr12	31114708	31615139	0.481340571982188	2.79208056716575	3	1	0.74469096131853
chr12	40474955	40491243	-1.37778605097416	0.769617734515045	1	-1	0.719708825776183
chr12	43796896	43804659	1.33340385750065	5.03993056364735	5	2	0.972336400535928
chr12	52702766	53034836	0.597675574818082	3.026552915138	3	1	0.915713545025699
chr12	56107061	56117475	0.610969838639819	3.0545711355901	3	1	0.922265884399763
chr12	63595950	63647427	-1.00588158123738	0.995931497421665	1	-1	0.869485968060993
chr12	64497635	64622708	6.49193194939915	180.009838489769	180	2	0.999999274527707
chr12	78910758	80456351	0.463914678369974	2.75855869643468	3	1	0.692786449332301
chr12	80456541	82477414	0.810450122522639	3.50751706394657	4	1	0.883665127050101
chr12	111403225	111439011	6.86554404358116	233.21940838835	233	2	0.999999738267986
chr13	18171403	18497492	0.574694426454103	2.97872394352606	3	1	0.900048401209588
chr13	19032432	19131386	0.691553487087484	3.23004326002358	3	1	0.934779788859996
chr13	38354283	38360117	-1.05369842611029	0.963463270604843	1	-1	0.867036539411097
chr13	40976205	41017372	6.94399924530603	246.253299575601	246	2	0.99999978962875
chr13	43837241	43869435	-1.06663047025913	0.954865560650005	1	-1	0.865770280773148
chr13	48304140	48479697	6.60371203192203	194.511552409545	195	2	0.999999463321383
chr13	52208390	52279999	2.29265730978051	9.79915473890416	10	2	0.993559854626159
chr13	57054747	57169212	1.73525013853079	6.65874428945675	7	2	0.984588955602046
chr13	75302095	75310247	1.74397823714424	6.69915084353847	7	2	0.98478820488188
chr13	109046820	110740137	0.515665204036644	2.85930635686362	3	1	0.823591324738553
chr13	110740138	114346545	1.15249954390536	4.44597409978046	4	2	0.935357226678221
chr14	35625252	35775132	0.514067939293107	2.85614245746237	3	1	0.820568717396631
chr14	39277008	39302193	0.618894376986499	3.07139566724998	3	1	0.925428767470456
chr14	39302198	39318114	-1.65075518628139	0.636946813232875	1	2	0.433444248395447
chr14	87950652	87982355	-0.571675064575	1.34567025711287	1	-1	0.457657375966631
chr14	105986855	106874939	-0.611268714181051	1.30924154303611	1	-1	0.587431000947022
chr15	19790202	22372296	-1.83903957374013	0.55901559123659	1	2	0.544179700113359
chr15	27951708	28011024	-1.32976941475259	0.795663644126302	1	-1	0.762690109621007
chr15	53597094	53873552	0.816316342600031	3.52180820345671	4	1	0.878185780970512
chr15	82812954	82819574	-6.98541261650368	0.0157837889795014	0	2	0.577656970720035
chr15	92832588	92915320	6.32323868198806	160.145414800162	160	2	0.999998863283399
chr15	94179597	95636340	0.808643047249538	3.50312640672208	4	1	0.885275189222689
chr15	97265374	99690653	1.11347096574633	4.32731146806218	4	2	0.895708952728971
chr16	14895982	15029002	0.556486369095792	2.94136611478085	3	1	0.882849235771806
chr16	20488316	20535464	3.60068447731225	24.2629737444893	24	2	0.999393720890148
chr16	21457801	21479609	-1.13380807396543	0.911422521835418	1	-1	0.854716158546717
chr16	21890042	21910041	-0.733685248697874	1.20273161900433	1	-1	0.796057549176473
chr16	29087372	29104264	-0.733553052068261	1.20284183242204	1	-1	0.795949399635996
chr16	31874990	31885301	1.38776877060846	5.23347341840684	5	2	0.974527879478675
chr17	7670087	7672818	3.61692565489981	24.537658045224	25	2	0.999412837007782
chr17	12024637	12141397	7.15287887224996	284.617167046451	285	2	0.999999883265927
chr17	31095295	31222076	6.66366585509201	202.765143398349	203	2	0.999999544013412
chr17	31222081	31373680	5.42172798019285	85.7299846631549	86	2	0.999988872652468
chr17	41238057	41309469	-0.707692372763556	1.22459748664994	1	-1	0.771488986165129
chr17	46337327	46704895	0.786736518649768	3.45033518123601	3	1	0.902150380382912
chr17	48189727	48672937	0.549799987871201	2.92776546466418	3	1	0.875268790215992
chr17	67717785	67724269	-4.19303503011098	0.109345440561874	0	-2	0.620449449210456
chr18	51047824	51098732	4.68995180662595	51.6233480782382	52	2	0.999938799610077
chr18	58919432	60016913	0.710792738646063	3.273406426428	3	1	0.93239060933239
chr19	1208034	1226795	4.78567536982559	55.1647725009721	55	2	0.999950664326952
chr19	4885131	4921971	5.759107646974	108.316382111461	108	2	0.999995149530027
chr19	15238596	17523491	0.561410586109676	2.95142275954666	3	1	0.8879767441178
chr19	17527227	20721802	0.745508147282624	3.35312937280122	3	1	0.923103653587602
chr19	21413455	21654180	0.449457662222652	2.73105366309071	3	1	0.643761607848627
chr19	27248209	31349246	1.64413097403927	6.25119052548763	6	2	0.982368688575119
chr19	31349484	34944952	0.623651931977834	3.0815408838906	3	1	0.92708434815509
chr19	54601098	54632179	-1.4311193707625	0.741686096155977	1	-1	0.658924765417128
chr19	54632483	54739706	0.764598616876619	3.39779453886428	3	1	0.91492681956423
chr19	54804788	54817564	0.576267284109257	2.98197318432653	3	1	0.901319641947995
chr19	54818359	54855942	-1.24113380811216	0.846080120116547	1	-1	0.818013617686109
chr19	54865686	58599432	0.421943030631167	2.67946139577329	3	1	0.538144008414119
chr20	6200249	6214618	3.2658697484551	19.2377710508322	19	2	0.998843445433294
chr20	30100650	30280649	-1.61309022849452	0.653794783600491	1	2	0.395935610211294
chr20	41113903	46794227	0.542810010028552	2.91361450568433	3	1	0.866531767699208
chr22	11226608	11319686	1.17131438416682	4.50433579768471	5	2	0.946526235694267
chr22	11319687	12052641	-0.573289220436547	1.34416549915066	1	-1	0.463384717667881
chr22	18202302	18887005	0.631940442239775	3.09929577515761	3	1	0.929561970626632
chr22	23786710	23942860	3.35271349534118	20.4313622820936	20	2	0.999019208994934
chr22	29814665	30342326	0.495254362248542	2.8191385101206	3	1	0.780311542643174
chr22	41160869	41176427	0.736244172581135	3.33166691222382	3	1	0.926245232049014
chr22	45702673	45734484	-0.958672394311687	1.02906035931925	1	-1	0.868523274173512
chrX	2789563	13038585	0.98640581126614	3.96248592650732	4	2	0.524302122433397
chrX	13039780	46471274	1.01594011892914	4.0444404497767	4	2	0.638428395677602
chrX	46472683	49346488	0.903317717857876	3.74072450224305	4	1	0.734541639557606
chrX	49600659	58550623	0.918972643551355	3.78153676065196	4	1	0.692349138661371
chrX	62470624	124353251	0.999801142480797	3.99944868788155	4	2	0.576515708118933
chrX	124364259	155685512	1.01132680377021	4.03152817252291	4	2	0.620967043139743
