Chromosome	Start	End	Segment	CNF	CN	Call	ProbCall
chr1	152079556	153428401	2.00083176424379	8.00461361014995	8	2	0.999999730893018
chr2	88016353	92125200	1.41022743292791	5.31558116243468	5	2	0.999278954617085
chr5	17491324	18577805	1.15587223754178	4.45637993687122	4	2	0.951038367825321
chr6	25885418	27893843	0.763689858155946	3.39565492998327	3	1	0.653773778573591
chr7	142300923	142544685	3.52899368857594	23.0867579908677	23	2	0.999999999925324
chr7	142554835	142789040	-1.33618956066891	0.792130723303704	1	-1	0.727297595343689
chr7	142791693	143754730	0.70437613270027	3.25887978142078	3	1	0.703711094382417
chr14	18247823	21384266	-0.426673602057003	1.48795036094544	1	2	0.55980693565411
chr14	21384291	22320691	1.75344375127987	6.74324843879745	7	2	0.999998899136782
chr14	103187220	106879812	1.69130490715069	6.45897352699217	6	2	0.999997703577589
chr19	53632055	53761222	-3.95192434922302	0.129235618597321	0	-2	0.992259574364024
chr21	5011798	7681742	-0.61885402353034	1.30237596144158	1	-1	0.554025462411935
chr21	30165563	30747233	2.91889364499968	15.1253187934219	15	2	0.999999997718558
chr22	17592135	22923034	0.854097427982464	3.61525504391618	4	1	0.531607599761935
