Chromosome	Start	End	Segment	CNF	CN	Call	ProbCall
chr1	12080	3866250	-0.532753340904692	1.38246854843246	1	-1	0.431698449332102
chr1	12617114	13421249	1.98115797683364	7.89619696276658	8	2	0.853111390558763
chr1	103418116	103562052	-4.92010193154518	0.0660589600692947	0	-2	0.999999999204176
chr1	103571616	103778806	2.14000990449786	8.81530144627173	9	2	0.833630676878209
chr1	145233403	145731094	1.71813749071509	6.5802276240756	7	2	0.874059232181254
chr1	145735986	149684611	0.567046407030339	2.96297490423182	3	1	0.703494187085561
chr1	152084915	152579891	1.1243281350022	4.35999999999999	4	2	0.883168246636452
chr1	152580092	152614198	-9.91673279622395	0.00206916900842881	0	-2	1
chr1	171014063	171171601	-4.70051596050675	0.0769190118627379	0	-2	0.999999996059651
chr1	182450011	182556194	-6.97821814394759	0.0158626966120211	0	-2	1
chr1	201114714	201211607	-3.96522287157773	0.128049819855626	0	-2	0.999999451019996
chr1	223220953	225399328	-0.736142973617912	1.2006844316484	1	-1	0.812051662313382
chr2	31078828	31205578	-6.79854621985775	0.0179665072328695	0	-2	1
chr2	38354162	38989346	-0.567930872855383	1.34916717852136	1	-1	0.54482177446009
chr2	54813160	55060501	-5.96395775455229	0.0320405393913843	0	-2	0.99999999999982
chr2	84448875	85049305	-5.74275009649064	0.037349944345569	0	-2	0.99999999999881
chr2	94145094	95153375	0.526038815410275	2.8799401201775	3	1	0.644322357517682
chr2	185738562	185804732	-9.5709612329029	0.00262956298164327	0	-2	1
chr2	209690553	210018261	-7.14183853954274	0.0141619276410616	0	-2	1
chr3	44242003	44362523	-9.02253339955174	0.00384571242597977	0	-2	1
chr3	56557183	57498577	-0.602664502454612	1.31707317073171	1	-1	0.637697918647799
chr3	90189834	90714686	1.34330401666971	5.07463485380115	5	2	0.885771007099139
chr3	100744881	101227963	-2.08154263052779	0.472523298152012	0	-2	0.955507833646657
chr4	68447360	69897872	0.902639795898413	3.73896714986297	4	2	0.728070229329415
chr4	69897873	70154867	-1.10387894701721	0.930527732714538	1	-1	0.881657006578956
chr4	190021868	190196187	4.28380127870974	38.9567462045638	39	-2	0.965496650360264
chr5	75068480	75671161	-0.735872657034119	1.20090942398095	1	-1	0.811880304731791
chr5	94384250	94671007	-6.81442743905489	0.0177698160968102	0	-2	1
chr5	110332771	110743880	-0.687657079329318	1.24172260708036	1	-1	0.773236853739685
chr5	140823032	141423759	0.854459314467956	3.61616201039732	4	2	0.610811973554535
chr5	149999875	150052238	-8.14335879046769	0.00707350613077844	0	-2	1
chr6	29133074	30931788	0.563041585972839	2.95476129752242	3	1	0.69947714273369
chr6	30931962	31129770	-2.18365507682757	0.440234746635158	0	-2	0.981740415047019
chr6	31137781	32244175	0.491955148124721	2.81269895460728	3	1	0.561706913723038
chr6	32244176	32401872	-0.957223348944646	1.03009446854813	1	-1	0.878310583268548
chr6	32402796	32746456	2.52748159910481	11.5312867115892	12	2	0.754902510268611
chr6	109236742	109732776	-0.619736415327509	1.30157963618822	1	-1	0.674693337633664
chr6	138321024	138750344	-0.971430847803227	1.02	1	-1	0.879679176265941
chr7	12331101	12663001	-6.06791598260669	0.0298129721048009	0	-2	0.999999999999927
chr7	99060460	99610631	-0.89517957806344	1.07536052766951	1	-1	0.869343584069122
chr7	99619501	100960936	0.454284739228303	2.74020673073572	3	1	0.437562083162267
chr8	39285132	39819747	1.09617044814424	4.27572909379968	4	2	0.881097028093125
chr9	36841018	37033130	1.84492600344763	7.18469046724263	7	2	0.865506433675948
chr9	129876057	130452420	-2.85997472156649	0.275481105817247	0	-2	0.999727446716323
chr10	41701403	42376995	0.840115131758839	3.58038599876464	4	2	0.572082077469215
chr10	45652864	45792353	1.88690153285877	7.39680135955724	7	2	0.862065915146815
chr10	45792850	46373490	-0.833368422610761	1.12243474808159	1	-1	0.854597887584442
chr10	49988784	50327384	0.905162705864796	3.74551138136454	4	2	0.733331970038893
chr10	110765025	110937052	-3.95187737438879	0.129239826638815	0	-2	0.999999403134294
chr10	133666043	133778707	1.85480404063814	7.23405236197618	7	2	0.864725532287055
chr11	1565522	1630553	2.40670995508071	10.6052737433249	11	2	0.78513911016951
chr11	17317530	18019904	-1.49711038902619	0.708524482832394	1	-1	0.732210259323476
chr11	54525524	57338696	0.52081296577476	2.8695270331689	3	1	0.633701183976488
chr11	93666657	93850733	-1.34287372277121	0.788469184722781	1	-1	0.829966350890834
chr11	100685484	101050992	-4.17657242327621	0.110600328577109	0	-2	0.999999858082787
chr11	107441459	107791937	-1.31328601887129	0.804806566347476	1	-1	0.841481074347066
chr12	40377972	40580867	-9.56891966516272	0.00263328672855174	0	-2	1
chr12	52288064	52904923	0.52240676502793	2.87269885886598	3	1	0.637018564367389
chr12	79519265	81758473	-0.637889322101499	1.285304937235	1	-1	0.707996717309661
chr12	111376551	111439011	1.85480404063814	7.23405236197618	7	2	0.864725532287055
chr13	48315928	48479528	1.42102916164899	5.35552927981883	5	2	0.884837916585116
chr14	23065857	23323587	-1.08473378089423	0.942958523079499	1	-1	0.882542785742172
chr14	23323868	23453956	0.623120105358122	3.08040513212375	3	1	0.726632190949485
chr14	24054066	24322262	0.669124695706054	3.18021586585215	3	1	0.706281916217397
chr14	35575401	35786046	1.43107021056676	5.39293337444033	5	2	0.884663057535385
chr14	59474449	60083699	-3.61347369574096	0.163405257134109	0	-2	0.999995366083998
chr14	104938020	104956715	1.54656731326401	5.84242501704269	6	2	0.881734166178882
chr14	104957416	106494715	-0.75730217439874	1.18320317231619	1	-1	0.824291766453896
chr14	106494716	106874939	0.847609607149696	3.5990336899446	4	2	0.592402983129927
chr15	19780202	23667897	-0.891557326336896	1.07806388526727	1	-1	0.868655657885011
chr16	46388210	46568993	-3.98398840998301	0.126395025507844	0	-2	0.9999995121018
chr16	71431047	72119933	-0.697717693316198	1.23309359371279	1	-1	0.782849119668046
chr16	87302938	90222476	-0.584642080290014	1.33362949757886	1	-1	0.592376362008209
chr17	10040002	10705548	0.566776877803765	2.96242140282166	3	1	0.70323487852536
chr17	16532192	16845677	1.08983711671097	4.25700007846383	4	2	0.880450534785047
chr18	20920431	21522835	-0.662965012722433	1.26315789473684	1	-1	0.745026728346673
chr18	46477133	47249186	-0.956939046038791	1.03029748283753	1	-1	0.878280744045388
chr19	32720017	33081373	-1.45517251190776	0.729422945323034	1	-1	0.76618800069448
chr20	31866950	33008791	-0.550022221320473	1.36601921628244	1	-1	0.488887487703809
chr21	43733969	44531860	-0.527124477072427	1.3878729668767	1	-1	0.412720860154777
chr21	44533571	44708109	1.72580911263125	6.61531159763965	7	2	0.873615565154357
chr22	17108123	21975764	-0.566118738012201	1.35086290000129	1	-1	0.539373789274121
chrX	3942003	36225383	1.06461571426939	4.1832253393665	4	2	0.876890680807282
chrX	36228625	36385049	-8.02501208047474	0.00767822163191583	0	-2	1
chrX	36385250	48560930	0.964945084549164	3.90397843732875	4	2	0.825674492714716
chrX	49281860	58550623	0.99703111098341	3.99177695570405	4	2	0.852194565264209
chrX	62470624	71408287	0.964586895938123	3.90300928792569	4	2	0.825299315623399
chrX	71416513	72943202	0.566814086054139	2.96249780700659	3	1	0.703270769898038
chrX	72943403	101474398	1.05264173540755	4.14864938384895	4	2	0.874466689515469
chrX	101474399	101498286	-5.58502496249155	0.0416648627390493	0	-2	0.99999999999559
chrX	101498487	102154412	1.43962313755711	5.42499999999997	5	2	0.884504216765949
chrX	102154613	102226682	-4.85481957211775	0.0691168092529173	0	-2	0.99999999871184
chrX	102226883	102460293	1.99544831957458	7.97479989823845	8	2	0.851595394154488
chrX	102460427	102471323	-5.95767290214066	0.0321804229496895	0	-2	0.99999999999981
chrX	102471524	125314019	1.10225769837581	4.2938080495356	4	2	0.881646340091334
chrX	125320121	125323129	-6.82909863047051	0.0175900253175901	0	-2	1
chrX	125323330	153418111	1.09548260876188	4.27369102353015	4	2	0.881030687946418
chrX	153486964	156027976	1.16912040181472	4.49749102286573	4	2	0.884849989989623
