Chromosome	Start	End	Segment	CNF	CN	Call	ProbCall
chr1	162541331	237951536	-0.725749253178454	1.20936585073759	1	-1	0.890261793465841
chr2	64863827	92135200	0.740910344224988	3.34246011322697	3	1	0.903303245658834
chr2	233868645	242175634	-0.873179348218515	1.09188479996378	1	-1	0.937149049863746
chr3	23756	42469879	-0.517732292491647	1.39693772516727	1	-1	0.421006160532699
chr3	101561861	125528349	-0.999506348997442	1.00034223134839	1	-1	0.948091756306425
chr3	151476375	198228376	1.05151871739577	4.14542126217661	4	2	0.728622363014868
chr4	91603274	190196190	-1.27794804119531	0.824763252005346	1	-1	0.922124028247648
chr5	17491324	17643228	1.91018644526247	7.51715340280427	8	2	0.954803288386892
chr5	55231151	118805659	-0.83471913015304	1.12138437253359	1	-1	0.93009555960986
chr6	70202	28964737	0.600267023812105	3.03199426321368	3	1	0.920201962379181
chr6	108292765	132994019	-0.796686701555853	1.15133949129128	1	-1	0.920421111366088
chr7	12703	17780859	-0.588639521008529	1.32993937196608	1	-1	0.687348849230847
chr7	17790760	39533295	0.540297637072716	2.90854502390353	3	1	0.890532552403764
chr7	97301684	142740894	0.767770944857407	3.40527413635584	3	1	0.888383333590631
chr7	142749467	142789040	-7.73576248181593	0.00938282139143506	0	-2	0.999999999996611
chr7	142791693	159333577	0.822314736047159	3.53648155327517	4	1	0.84022292664368
chr8	108581061	145066685	1.10718526541553	4.30849875028766	4	2	0.84813275884485
chr9	10613201	25429351	-0.901728537028258	1.07049010695655	1	-1	0.941048428972108
chr9	33512958	35098141	0.789480621526019	3.45690419588917	3	1	0.872494274383374
chr9	67535594	74935696	1.51264135655188	5.70663921770462	6	2	0.94943692542245
chr10	21455235	28723139	0.497994580587468	2.82449819866186	3	1	0.842652414722195
chr11	133552720	135075899	-0.711933973286062	1.22100239206748	1	-1	0.881395010222369
chr12	16989125	34710158	0.761041794589365	3.38942792941747	3	1	0.892574471677228
chr12	128211590	133258749	0.639645803278672	3.11589324034962	3	1	0.925191373146229
chr13	49495609	103444968	0.633481825036548	3.10260884823038	3	1	0.924968786295197
chr13	103445169	114346637	1.06800175912093	4.19305501478117	4	2	0.770958303895588
chr14	20781050	22503814	1.2879404869562	4.88358459231551	5	2	0.942070393018629
chr14	31482874	65744121	0.433900321805097	2.70176149343663	3	1	0.697587656682308
chr14	103550344	106879812	0.830669123181436	3.55702009107777	4	1	0.830114151323555
chr16	12842811	36252716	0.530765182808469	2.88939047207438	3	1	0.882213836133433
chr17	40993429	41397592	4.01795918326066	32.4008371375114	32	2	0.890919197425342
chr18	11102	15410482	0.971475658179655	3.92169043399393	4	1	0.492871625112106
chr18	20946905	39016344	0.611940403666835	3.05662677263435	3	1	0.922612755742119
chr19	27243626	39540333	0.397982070300021	2.63532715162714	3	1	0.571443200966431
chr19	39553033	39738028	-2.65663544942068	0.317177986525574	0	-2	0.98166619798082
chr19	53632055	53761222	-4.21531557503003	0.107669715720563	0	-2	0.999901706564228
chr20	87249	7307432	-0.562196978775999	1.35454002235363	1	-1	0.600077022765807
chr20	53668959	64327972	0.862378438799019	3.63606613098383	4	1	0.783202908755315
chr21	5011798	7681742	-0.944032346015613	1.03955612749435	1	-1	0.945166126016336
chr21	29180424	33482195	0.419412614460056	2.67476587128507	3	1	0.650201384416716
chr22	17080700	22923034	0.793996888521173	3.46774277512553	3	1	0.868689158025261
chr22	46039906	50801309	-0.942445038987139	1.04070051545012	1	-1	0.945043312707744
chrX	10202	15918631	-1.37632733105938	0.770396294390122	1	-1	0.883794398976455
chrX	48130656	48415285	-1.9523009780675	0.51680753940305	1	-2	0.865718421900365
chrX	73237646	156027877	-0.971558167234364	1.01990998784508	1	-1	0.946939702964356
