Chromosome	Start	End	Segment	CNF	CN	Call	ProbCall
chr1	1712347	1714020	1.51419253536548	5.71277826866827	6	2	0.979220594471481
chr1	15659793	15835889	-0.462031173490458	1.45192690659402	1	-1	0.39615825859367
chr1	16854808	16953540	0.954207578986195	3.87503026695986	4	1	0.618773581770544
chr1	65218842	65228136	1.24669638678539	4.74594830713873	5	2	0.965112182161664
chr1	109681709	109700399	-3.17314898370307	0.221726177967995	0	-2	0.657644866609149
chr1	121649147	121969146	-1.69328666758714	0.618443340691979	1	2	0.390612110603265
chr1	143189147	143279146	-3.09161833823545	0.234617358416368	0	-2	0.653547707803518
chr1	143279147	144325335	0.518311738853879	2.86455639147771	3	1	0.954028158997101
chr1	145305158	145330367	0.596560105893364	3.02421373684893	3	1	0.965625576997177
chr1	145341652	145366249	0.676712271135022	3.19698565595573	3	1	0.960322128219768
chr1	146088484	146229049	0.456218190026643	2.74388152441269	3	1	0.903906358766537
chr1	150708899	150717445	-1.50578084007383	0.704279092426978	1	-1	0.568717425259097
chr1	182858118	182883568	0.622132838579383	3.0782978667415	3	1	0.965291984311532
chr2	17700205	17725414	-0.637903738359029	1.28529209377615	1	-1	0.779890567432232
chr2	37202720	37215023	-1.34366332502033	0.788037765272684	1	-1	0.772819962705878
chr2	41640583	42067927	0.530470008291756	2.88879936503569	3	1	0.957839207696245
chr2	86865614	86878974	-5.10680435369785	0.0580401736611156	0	-2	0.612598454046959
chr2	86879429	86904741	0.349892790683064	2.54893183179677	3	1	0.478584075457881
chr2	95838741	95978191	-1.24007486279138	0.846701375098429	1	-1	0.8385071585805
chr2	97144535	97191307	-0.813611400508006	1.13791169066892	1	-1	0.867991176295427
chr2	97504815	97560805	-1.27388489207086	0.827089356571333	1	-1	0.821247219642511
chr2	112421975	112433439	-0.847613855778094	1.11140616201893	1	-1	0.875828051103559
chr2	130110506	130475053	0.37030414010323	2.58525061047901	3	1	0.601346759430364
chr2	174358510	174387854	-2.39717947028747	0.379670688738844	0	-2	0.597161909538253
chr3	5178161	5184814	8.21621651065386	594.781725171931	595	2	0.999999999836938
chr3	75356606	75594964	0.655571057629801	3.15047870399241	3	1	0.962942298076054
chr3	98149921	98501578	0.693412451247123	3.23420796890185	3	1	0.957549973170149
chr3	156019674	156047434	8.12597999953397	558.719359322982	559	2	0.999999999769239
chr3	160282341	160375948	-0.575191424989602	1.3423943744367	1	-1	0.71108096920311
chr3	160527853	160536920	-1.56402360352713	0.676413048831274	1	-1	0.462840465604798
chr3	162774160	162904159	-5.91575686216627	0.0331291072692346	0	-2	0.50525746785837
chr3	195740037	195801697	-0.499849189535808	1.41436140328579	1	-1	0.541952715568357
chr4	4104550	4157180	4.32852229114036	40.1832484138116	40	2	0.999951984980153
chr4	9160776	9224983	0.691658105431149	3.23027749804264	3	1	0.957873068607482
chr4	9225078	9269189	-0.692224307756596	1.23779782518765	1	-1	0.818331430077273
chr4	9269427	9383760	0.691658105431149	3.23027749804264	3	1	0.957873068607482
chr4	9383942	9480154	-0.997179480937613	1.00195694716243	1	-1	0.888834637706126
chr4	83458389	83467618	-1.39551931825925	0.760215677096205	1	-1	0.722940649857964
chr4	98071545	98128642	-1.15843451823995	0.895996798047409	1	-1	0.867600571978143
chr4	103141764	103177095	-0.596379643303387	1.32282329489216	1	-1	0.738579268605906
chr4	190175497	190196187	-1.03760860064581	0.974268549176484	1	-1	0.887109318812258
chr5	17491204	17685659	0.390153818444043	2.62106624781227	3	1	0.706811237131434
chr5	45976303	46426302	0.377562793860178	2.59829059829059	3	1	0.642098601074155
chr5	69572424	69623467	0.486954113153123	2.80296574466629	3	1	0.937231962487118
chr5	72893151	72905528	0.883792532221173	3.69043922623587	4	1	0.813889061424998
chr5	80331635	80360170	2.48641408363405	11.2076669401832	11	2	0.996563280570149
chr5	103005017	103011255	0.471301681032455	2.77271951227865	3	1	0.923082731528629
chr5	112821838	112836688	5.50415442136675	90.7706775604884	91	2	0.999998223188261
chr5	171391180	171410525	1.15690233991237	4.45956298432362	4	2	0.935517077936227
chr5	178767282	178802648	0.683601353539578	3.21228824274301	3	1	0.959258932761016
chr6	29676626	29726238	-0.628043712852351	1.29410644318782	1	-1	0.771249518981137
chr6	29726402	29888195	0.370404241420948	2.58542999417658	3	1	0.601923098347795
chr6	29888441	29930778	-3.08223336950528	0.236148557907102	0	-2	0.653043602210221
chr6	30260436	30293841	-1.56173031165072	0.677489122467458	1	-1	0.467220123256987
chr6	31166958	31312275	1.87198510614271	7.32071776821376	7	2	0.988862458026467
chr6	31312276	31356634	-1.43456655630682	0.739916021805965	1	-1	0.676086623688664
chr6	31869475	31880461	0.440710833207218	2.71454581483917	3	1	0.876551610859104
chr6	32292958	32370597	-0.910561380849582	1.06395609577346	1	-1	0.885204301814044
chr6	32443676	32757401	7.71077607018534	418.991181657847	419	2	0.999999998897303
chr6	33039911	33086681	-1.17913476052	0.883232545870125	1	-1	0.861676585504619
chr6	33092941	33129196	2.25994610115155	9.57947174278389	10	2	0.994618884476993
chr6	110888893	110893664	1.44661390937834	5.45135135619433	5	2	0.976742054283036
chr6	123252316	123309337	-0.582216131012718	1.33587393532012	1	-1	0.72082107804142
chr6	137871517	137891596	1.61836261968482	6.14052760437144	6	2	0.982587377697414
chr6	160599580	160650370	0.935017847891419	3.82382857549014	4	1	0.684598321778986
chr7	13744	381914	0.516913845145177	2.86178213505242	3	1	0.953513436088178
chr7	6048684	6054756	-1.2041569359344	0.868045796703305	1	-1	0.853270051636032
chr7	50299370	50400774	6.97375249581444	251.384605942169	251	2	0.999999984543382
chr7	62570237	63120236	0.352972079378443	2.55437808277766	3	1	0.497489172055352
chr7	73235300	73259408	-0.70602893227848	1.22601027299539	1	-1	0.826131974303028
chr7	89887255	90262103	-0.455200394985178	1.4588176956924	1	-1	0.366845083691802
chr7	92813890	92834147	7.61309925930384	391.562626231556	392	2	0.999999998419586
chr7	102480350	102688328	1.15902766910272	4.4661375020906	4	2	0.936970588832015
chr7	103184008	103324566	-0.457142579662925	1.45685512769737	1	-1	0.37521175870162
chr7	125801135	126423827	-0.524875571756591	1.39003810140836	1	-1	0.614744506359141
chr8	7076813	7403314	0.67883912570512	3.20170220230249	3	1	0.960005469300763
chr8	39284724	39668206	1.65084893725304	6.2803673057549	6	2	0.983534689217086
chr8	60780950	60816090	7.19178240015552	292.396534072568	292	2	0.99999999279248
chr8	73013647	73026933	0.377127166494872	2.59750615280212	3	1	0.639716868119724
chr8	94739418	94761697	0.751065436169762	3.36607060019524	3	1	0.941596441510371
chr9	21968066	21974385	2.16948164005193	8.99723459266751	9	2	0.993594509279262
chr9	36840509	37034074	6.85471476177491	231.475350660065	231	2	0.999999976707547
chr9	60526462	60686461	-0.693392155137944	1.23679624551709	1	-1	0.819018033278495
chr9	105521091	105526500	1.20068225685686	4.59696683195806	5	2	0.956037962215235
chr10	47726755	48057480	0.553867630704727	2.93603187466347	3	1	0.962552418838117
chr10	48067302	48180982	-0.614808066204055	1.30603352810266	1	-1	0.758599532844156
chr10	87864277	87964934	7.22567127784574	299.346227339772	299	2	0.999999993607186
chr10	93676563	93700162	-1.0453140828739	0.96907882002563	1	-1	0.886529397964469
chr10	94683738	95139639	0.35355423988627	2.55540904086031	3	1	0.501059394030807
chr10	122581264	122595681	-2.81032793191692	0.285126110986154	0	-2	0.635456227288185
chr10	133679261	133778707	0.691658105431149	3.23027749804264	3	1	0.957873068607482
chr11	56971291	57000204	0.619850627884367	3.07343213258714	3	1	0.965375006427062
chr11	100770405	100859581	-0.513623719000896	1.40092165898617	1	-1	0.584478227335285
chr11	100859586	100933191	0.360845398915242	2.56835637480798	3	1	0.54546207961
chr12	38032	10450031	0.448097499214015	2.72848005777184	3	1	0.890687453642801
chr12	10450488	21172862	0.400708130508038	2.64031147050014	3	1	0.75422732136698
chr12	21174460	31113087	0.385527617006366	2.61267489711933	3	1	0.684008254668597
chr12	31114469	34709924	0.415045417836617	2.66668130330949	3	1	0.808077793492956
chr12	37239925	40433958	0.417617547692529	2.67143987557618	3	1	0.81647897929793
chr12	40524986	50454447	0.396178472027526	2.63203463203463	3	1	0.734680284839005
chr12	50460985	57823791	0.446049926115492	2.7246103559138	3	1	0.886982335289484
chr12	57823916	63626621	0.356479931744795	2.56059650259436	3	1	0.518960618440648
chr12	63626822	64561652	0.493844752045651	2.81638536718361	3	1	0.94203390538049
chr12	64566693	64622708	7.05028340289123	265.079887659796	265	2	0.999999988154082
chr12	64622909	76369379	0.372421475613808	2.58904757484539	3	1	0.613457055685278
chr12	76369650	76769066	0.389402863438766	2.61970227928236	3	1	0.703190895509106
chr12	76769267	88054465	0.37831283018595	2.59964176326024	3	1	0.646178695432689
chr12	88111199	105367652	0.388260206617589	2.61762821964505	3	1	0.697621203305141
chr12	105370574	111396550	0.385922165731006	2.6133895100401	3	1	0.685998983012112
chr12	111403225	111439011	7.30077185288154	315.341634880323	315	2	0.999999995105844
chr12	111446726	122543662	0.427969273883406	2.69067711114276	3	1	0.84666188407087
chr12	122765198	133264802	0.465286349531032	2.76118269849436	3	1	0.916184690598648
chr13	18171403	18731939	0.602033797105524	3.03570962076707	3	1	0.965668525263822
chr13	19082754	19131386	1.2964862082949	4.91259807058714	5	2	0.969663493272336
chr13	27075271	27116660	1.74482507394612	6.70308428244433	7	2	0.986024999116287
chr13	40976205	41017372	7.19790728277142	293.640526292111	294	2	0.999999992946859
chr13	48304140	48479697	6.98942044524763	254.129570220741	254	2	0.999999985360524
chr13	52218390	52279999	0.601852124487562	3.03532737048159	3	1	0.965668149633598
chr13	52515389	52658583	0.544621683694863	2.91727559425733	3	1	0.961032224228841
chr13	57141246	57173577	0.642237795376114	3.12149638578665	3	1	0.964133683105963
chr13	61585504	62105503	-0.717520649698983	1.21628333873232	1	-1	0.832126283733409
chr13	75302095	75310247	1.44291239374674	5.43738277782079	5	2	0.976598813473974
chr14	19484471	19956874	0.894175106067618	3.71709382920149	4	1	0.792877654336867
chr14	35625252	35775007	0.593984164314293	3.01881880091273	3	1	0.96558216508844
chr14	55644322	55659839	-0.848840976510481	1.11046122934124	1	-1	0.876071891283015
chr14	61019914	61052459	-0.787944263285271	1.15833755624991	1	-1	0.860574970608192
chr14	73523354	73563936	-2.51524497213026	0.349837058413425	0	-2	0.609585463523338
chr14	105907101	105914331	-4.703678479216	0.0767505830677983	0	-2	0.645144415956108
chr15	20014116	20534616	-0.872091564571871	1.092708385185	1	-1	0.88021443803273
chr15	20658413	22041822	-0.846489934982198	1.11227233203603	1	-1	0.875602433085101
chr15	82812954	82819574	-6.66924816155829	0.0196510721644551	0	2	0.639920985823269
chr15	84170252	84356711	0.476928550960035	2.78355492552423	3	1	0.928751406377665
chr15	92832588	92915320	6.48312200600449	178.913942172557	179	2	0.999999918626506
chr15	101795696	101978886	0.402369715018498	2.64335412875393	3	1	0.761091205526036
chr16	5355741	5386804	0.788286312097947	3.4540436434314	3	1	0.923346410075754
chr16	18339805	18411910	0.563056473772562	2.95479178915105	3	1	0.963704641708481
chr16	21833389	21885321	-0.452965757754438	1.46107905672277	1	-1	0.357203125974538
chr16	29560068	29569300	-0.918167774465116	1.05836130834433	1	-1	0.885933025268725
chr16	30280371	30309005	-0.809289779303814	1.14132543780855	1	-1	0.866837757525419
chr16	34094069	34278686	0.444953077183132	2.72253968253968	3	1	0.884931843862537
chr16	46388210	46531136	-0.756910436902569	1.18352449315595	1	-1	0.8496391564713
chr17	7670087	7674149	2.3953183915838	10.521863919023	11	2	0.995875485208888
chr17	12024637	12141397	7.41567170149136	341.483414907481	341	2	0.999999996759129
chr17	12666606	12703955	-0.768880774242968	1.17374517374517	1	-1	0.854130814389222
chr17	18953521	19242559	0.418431139777611	2.67294682974341	3	1	0.819059466563596
chr17	31094279	31222076	6.83375556884936	228.136831190249	228	2	0.999999974975271
chr17	31222081	31374064	5.582069979596	95.8077183065048	96	2	0.999998594119371
chr17	46299519	46337776	-1.18936652872626	0.876990713610986	1	-1	0.858411417300599
chr17	46517436	46555632	-1.21927506231343	0.858996964117447	1	-1	0.847467649455753
chr18	51047824	51088732	4.98576785453835	63.3717457740242	63	2	0.999991970440801
chr19	1208034	1226795	5.06490181185561	66.9448798011154	67	2	0.999993586179911
chr19	4885131	4921971	5.69324951328744	103.482966979866	103	2	0.999998996826593
chr19	20946261	21371976	0.354220216644745	2.55658894086976	3	1	0.505140917995074
chr19	21375105	21407672	-0.567774694951278	1.34931323954036	1	-1	0.700018617592228
chr19	40843794	40875812	-4.47458621456164	0.0899591466124667	0	-2	0.657870778275489
chr19	42785916	43046690	-1.19753184057734	0.872041173939811	1	-1	0.855636344234975
chr19	51629789	51646833	-5.08849919819522	0.0587812888268048	0	-2	0.614368527416132
chr19	54632483	54739706	0.472989342084727	2.77596493050362	3	1	0.924858365587447
chr19	54747401	54773542	-1.39331366119538	0.761378817918572	1	-1	0.725339201081236
chr19	54775208	54790356	0.691658105431149	3.23027749804264	3	1	0.957873068607482
chr19	54797916	54855942	-1.82050660581591	0.566243070123594	1	-2	0.4816411681668
chr19	54865686	54885596	3.64982945527791	25.1037233810449	25	2	0.999736864162229
chr20	6200249	6214618	2.31365099105992	9.94279175414848	10	2	0.995154116514554
chr21	8526388	9279257	-0.536379380686503	1.37899824359011	1	-1	0.641878053248453
chr21	13406463	13427926	-1.09575918828157	0.935779683235137	1	-1	0.880629085951432
chr21	44103289	44155838	-0.466773922308085	1.44716164573459	1	-1	0.416229260508938
chr22	10510202	10726258	-1.00962656351912	0.993349587170089	1	-1	0.888536087071418
chr22	11429687	11559728	-2.28439398018998	0.410543221354264	0	-2	0.584114188933467
chr22	18386353	18721133	0.708243006054574	3.26762631367179	3	1	0.954490340622605
chr22	23786710	23831850	5.3940380459725	84.1002419543625	84	2	0.999997534416755
chr22	41160639	41173780	0.78947891894893	3.45690011627272	3	1	0.922614186180799
chrX	2781951	13040858	0.963162147625103	3.89915673362329	4	1	0.585030829156579
chrX	13042830	58550623	0.972684577726636	3.92497802771891	4	1	0.547349102543814
chrX	62470624	83870008	1.04815297755158	4.13576146117314	4	2	0.728260842130636
chrX	83871393	111752864	0.930733545732684	3.81248997963309	4	1	0.697995961641564
chrX	111757544	123645399	0.944689488804261	3.84954914492954	4	1	0.652585933840044
chrX	123645600	147922121	0.96926139585417	3.91567600220751	4	1	0.561088512409872
chrX	147925373	155685512	0.951220407792663	3.86701512652457	4	1	0.62962286103951
