Chromosome	Start	End	Segment	CNF	CN	Call	ProbCall
chr1	1708898	1714397	0.798036525470129	3.47746628009079	3	1	0.834065192920772
chr1	6146197	6678485	0.564048499932301	2.95682426218657	3	1	0.971312980775541
chr1	9967311	10495395	0.657273926677185	3.15419953198135	3	1	0.964098480745198
chr1	11648189	12329925	1.19386778178118	4.57530456210169	5	2	0.994518419777324
chr1	23417078	24464202	0.570375813038296	2.96982066021971	3	1	0.971491328970409
chr1	25246375	25385885	-0.831045369032691	1.12424356866629	1	-1	0.933269862419136
chr1	31318132	31758861	0.548461897373263	2.92505123967731	3	1	0.970476185389508
chr1	32536907	33181460	1.18872989860097	4.55903946739377	5	2	0.994463205247257
chr1	35906884	36361427	0.515998945194984	2.85996788169965	3	1	0.966675526175256
chr1	65190791	65228136	1.07656108823874	4.21800582724101	4	2	0.991557724416403
chr1	103546308	103808806	-0.618226728466999	1.30294236780408	1	-1	0.835395247409035
chr1	109681834	109700399	-3.21569672644521	0.215282547563695	0	2	0.563167499871644
chr1	110949861	112096712	0.491570207458637	2.81194856887434	3	1	0.961438937342606
chr1	119991413	121969146	0.313645416040437	2.48568833305067	2	1	0.453489795450245
chr1	143219147	145305278	0.378227304563321	2.59948765627019	3	1	0.846913640669517
chr1	145305842	145362329	-0.572956259560457	1.34447575610673	1	-1	0.787382956148937
chr1	148595958	149472900	0.522739358860292	2.87336119708451	3	1	0.967723670037818
chr1	149535572	149553108	-0.686551426311324	1.24267460353891	1	-1	0.88430317047908
chr1	152622722	153752448	0.543055076455983	2.91410947497863	3	1	0.97004721794225
chr1	155826814	156286543	0.959029999120979	3.88800479750284	4	2	0.897634357877517
chr1	158724131	158809077	0.534686219828873	2.89725409986145	3	1	0.969232072440141
chr1	223628472	224739469	0.513686361224482	2.855387136914	3	1	0.966280316014359
chr1	235113638	235480316	0.580357728802148	2.99043991097058	3	1	0.971589780555747
chr2	11466035	11677826	1.33767222824216	5.05486382825703	5	2	0.995830885557139
chr2	32029625	32666813	0.576459451265532	2.98237040997484	3	1	0.971577791618897
chr2	55640544	55646557	-1.86106599125082	0.550545615608466	1	2	0.718611104186341
chr2	63920433	63949165	-1.08857039733864	0.940454207271395	1	-1	0.94446821177768
chr2	88782870	88805474	-1.12428787094256	0.917456797531079	1	-1	0.941124470430984
chr2	95838741	95978191	-0.799289573790965	1.14926414773565	1	-1	0.926608356523309
chr2	97144535	97191307	-1.35613295935178	0.781255876000511	1	-1	0.86309314031019
chr2	97511107	97576429	-1.60793962575417	0.656133084735124	1	-1	0.448888191300759
chr2	151443485	171055336	0.530799655138525	2.88945951314626	3	1	0.968787700611876
chr2	171056360	174351794	0.61459403939711	3.06225418386728	3	1	0.97021168010907
chr2	174358510	174387854	-0.408247162088812	1.50707669550555	2	2	0.47719780889223
chr2	174395471	219095361	0.528657029244288	2.8851714026638	3	1	0.968524017128078
chr2	219095562	224735282	1.18239950505912	4.5390787083623	5	2	0.994393581666669
chr2	224765665	238356165	0.565998027532612	2.96082254793052	3	1	0.971377626589224
chr2	238397467	241191275	1.26244295973881	4.79803259917726	5	2	0.995188441232023
chr2	241195661	242175633	0.585966771997611	3.00208905042917	3	1	0.971547663825343
chr3	10202	5174541	-0.875910418679193	1.0898197803356	1	-1	0.940101244594569
chr3	5178161	5184814	7.97830023605582	504.356568365278	504	2	0.99999999999382
chr3	9552774	10278407	0.590777563105368	3.01211648480688	3	1	0.971455533566029
chr3	42263944	43372948	0.559152768382194	2.94680739541593	3	1	0.97111207150327
chr3	48316321	49479535	0.513274724160232	2.85457253959591	3	1	0.966207983956996
chr3	52905117	53727062	0.49608207847878	2.82075639619161	3	1	0.962598535966225
chr3	98149921	98391234	1.01101414378875	4.03065455688641	4	2	0.973646022671679
chr3	124094820	125120786	0.420785015156355	2.67731152160567	3	1	0.921868777913948
chr3	139263426	155922306	0.528645735973952	2.88514881792332	3	1	0.968522591345909
chr3	155925197	156121046	1.59957611384597	6.06108516367395	6	2	0.997507567089406
chr3	156142984	160304054	0.492160921838627	2.81310016260456	3	1	0.961596346154508
chr3	160307551	185285731	0.561479086498911	2.95156289893985	3	1	0.971214458579826
chr3	185291482	186789316	0.898772246736141	3.72895722173143	4	2	0.631304854466107
chr3	186789941	196472765	0.515028895502935	2.85804552223509	3	1	0.966512036834879
chr3	196475169	198228341	0.826382526403351	3.54646700756199	4	1	0.747319274780812
chr4	9160776	9364635	0.702630057009161	3.25493798597917	3	1	0.94905027953891
chr4	9367841	9469954	-0.734138190455307	1.20235407430469	1	-1	0.906536839248992
chr4	54723519	54727332	2.72044490628782	13.1815206399011	13	2	0.999789547485217
chr4	118685391	119596669	1.2246430136454	4.67395230929007	5	2	0.994831676855682
chr4	140450004	140482453	-0.737406771048265	1.19963309548834	1	-1	0.907795760462356
chr5	17491204	17655459	5.7217979018389	105.551107189321	106	2	0.999999966361203
chr5	69632197	70422978	-0.554012524847068	1.36224620816365	1	-1	0.762586168191993
chr5	112827041	112836688	6.05371291524947	132.855386841745	133	2	0.999999989412487
chr5	138465737	139322101	0.451968825470749	2.7358114902823	3	1	0.945834520304598
chr5	171391180	171410525	1.07554967631194	4.21504979965051	4	2	0.991477424246646
chr6	4098980	4635772	1.74060861379943	6.68352226440625	7	2	0.99812945198151
chr6	29723470	30108204	0.925193491082431	3.79787781265654	4	2	0.773777992655842
chr6	31166958	31354627	1.40484939769652	5.29580278619241	5	2	0.99633779309977
chr6	31355052	31356454	-0.622020716503255	1.29952040174672	1	-1	0.838780155357891
chr6	31356512	31934644	0.566422738236413	2.9616943039881	3	1	0.971390559829794
chr6	32339520	32394180	-0.695728101146996	1.23479530180203	1	-1	0.88921706745577
chr6	32394696	32850624	1.12417924982063	4.35955007407732	4	2	0.993548010648228
chr6	33092941	33174676	0.694130273401377	3.23581757018386	3	1	0.952834555633032
chr6	35468822	36498546	0.522268034336413	2.87242263116228	3	1	0.96765522605605
chr6	42459384	43055943	0.751319845402016	3.36666423566482	3	1	0.912748296073006
chr6	43444678	43934923	0.570107595583223	2.96926857978979	3	1	0.97148560746361
chr6	61395146	62148187	1.0986036742719	4.28294655406597	4	2	0.992803125597619
chr6	62177175	89059748	-0.838527970479515	1.11842772492492	1	-1	0.934603121239821
chr6	89080831	105853030	-0.83983298643543	1.11741648828394	1	-1	0.934827151832337
chr6	105853231	110887675	-0.782638938130615	1.16260503513055	1	-1	0.922385736584351
chr6	110888893	110892531	3.16832198377436	17.9800108181334	18	2	0.999930549605032
chr6	110892786	125752242	-0.845149929298553	1.11330591404755	1	-1	0.935714518676684
chr6	126139159	137871462	-0.854926695996249	1.10578683743465	1	-1	0.93724305664747
chr6	137871517	137881396	0.797472218589223	3.47610634305736	3	1	0.835431049704302
chr6	137881597	165543712	-0.823910859948079	1.12981702061626	1	-1	0.931918865234851
chr6	165545055	170745612	-0.824103205375828	1.12966639928191	1	-1	0.931956339005791
chr7	50319018	50400774	6.96591801924527	250.023175511461	250	2	0.999999999636347
chr7	92813890	92834147	7.56599552615753	378.984629042996	379	2	0.999999999966106
chr7	100733980	100738579	-5.90630058281527	0.0333469683114003	0	2	0.623195179159814
chr7	100990775	101048977	-0.442790542506284	1.47142035832394	1	-1	0.546591477539697
chr7	103175442	103277703	-0.990433297367817	1.00665316759685	1	-1	0.947462387210131
chr7	143408756	144184669	0.353821609521138	2.55588266978248	3	1	0.752613963149744
chr7	144184670	144380108	-0.664365831765526	1.26193199680712	1	-1	0.870972223751045
chr8	7272794	7362983	0.934707205199737	3.82300531312855	4	2	0.815975519821603
chr8	7372994	7592242	-0.710736872503611	1.22201596005315	1	-1	0.896574088316567
chr8	7610958	7766399	0.723685502830092	3.30279059660356	3	1	0.936940308652135
chr8	7768882	7973239	-0.852664585928941	1.10752204381392	1	-1	0.936900987822922
chr8	12358847	12416782	-1.50199434789518	0.706129968620949	1	-1	0.687232364454299
chr8	21969440	22279651	1.21138855975117	4.63120801907509	5	2	0.994699877456564
chr8	39284724	39605713	10.2508304585228	2436.89851972508	2437	2	1
chr8	39606264	39680261	1.1524077885454	4.44569134495698	4	2	0.994025550386458
chr8	60620629	60853656	2.73806496473207	13.3434975469786	13	2	0.999798267069845
chr8	96965857	145054157	0.556669986350459	2.94174049739566	3	1	0.970988819591468
chr9	131912	21968451	-0.869149380881835	1.0949390917144	1	-1	0.93924062009406
chr9	21968453	21974385	1.67530102295169	6.38771977005065	6	2	0.997861699814894
chr9	21974406	34895641	-0.819120301396481	1.13357488391156	1	-1	0.930966293452586
chr9	34917800	35314083	-0.856105389641898	1.10488376950338	1	-1	0.937418583254253
chr9	36052205	36823679	-0.794206249063845	1.15332071344074	1	-1	0.9253767296167
chr9	36840509	37034074	6.04780833291179	132.312754859208	132	2	0.999999989188944
chr9	37034275	37477773	-0.591110942463394	1.32766305789024	1	-1	0.80842491000373
chr9	37485966	43186461	-0.461813725616422	1.452145762419	1	-1	0.593184127310938
chr9	105521091	105526500	1.4096801793443	5.3135651998775	5	2	0.996371998925248
chr9	127397183	127950529	0.590136720295787	3.01077880464363	3	1	0.971470806949888
chr10	80432226	86437647	-0.840652162861616	1.1167821883154	1	-1	0.934966513366739
chr10	86936745	87862518	-0.654898120017102	1.27024068100305	1	-1	0.864597272059052
chr10	87864277	87964934	6.39683584705517	168.526989569279	169	2	0.999999996919763
chr10	87965008	100179364	-0.85814955312167	1.10331936146387	1	-1	0.937718631492201
chr10	100183659	101624879	0.673671711612933	3.19025492720294	3	1	0.959970214121689
chr10	101667833	102310353	-0.816768440155987	1.13542432886361	1	-1	0.930484889796172
chr10	102344022	102890674	0.594149989260045	3.01916580718939	3	1	0.971359862722599
chr10	109680908	110695024	0.529754551205304	2.88736711530894	3	1	0.968660773728874
chr10	133741104	133778707	0.702630057009161	3.25493798597917	3	1	0.94905027953891
chr11	86608	893697	0.554033712758566	2.93636988807483	3	1	0.970841948661549
chr11	46797767	47798498	0.579651744767856	2.98897689467286	3	1	0.971590117705026
chr11	63382038	63939269	0.656465415552768	3.15243235951458	3	1	0.964271776048545
chr11	64500411	65579248	0.621271053573415	3.07645961354043	3	1	0.969613022453777
chr11	71929302	73133963	0.600283428735357	3.03202874029621	3	1	0.971119276579848
chr11	90062519	90149017	-0.856054440335051	1.10492278956973	1	-1	0.937411034254057
chr11	100859586	100933191	1.20655380552795	4.61571390849239	5	2	0.994650723287758
chr12	6838945	7403960	0.494863991283928	2.81837579803568	3	1	0.962295015660745
chr12	9480523	9565341	1.37970098990965	5.20428867951383	5	2	0.996154957567475
chr12	31114708	31615139	0.528008791754585	2.88387531714513	3	1	0.968441560076076
chr12	40440567	40525231	-0.364172894102548	1.55382831397794	2	2	0.496941890102806
chr12	43795608	43804659	2.00207584099601	8.01151919195349	8	2	0.998921331111039
chr12	55991958	56522186	0.574440527841775	2.97819976668446	3	1	0.971558273545877
chr12	57221090	57696075	0.541742698258719	2.91145979872773	3	1	0.969931760512253
chr12	64318585	64611410	4.16986056847103	35.9983922207375	36	2	0.999995460353784
chr12	88071768	88141127	-0.503206771506741	1.4110735894925	1	-1	0.679971414875902
chr12	111403225	111439011	6.85740992660154	231.908184560076	232	2	0.999999999448781
chr12	120369303	133234602	0.525826580668084	2.87951648359783	3	1	0.968154657635567
chr13	18171403	18212094	-1.33322861492912	0.793758139039309	1	-1	0.878024723664207
chr13	18218918	19438175	0.523360075420953	2.87459772078985	3	1	0.96781272878509
chr13	19450006	19465630	-1.06855607503219	0.953591925475995	1	-1	0.945778145462907
chr13	40958871	41017372	7.191285655913	292.295874343233	292	2	0.999999999848672
chr13	48304140	48479697	6.95171153850924	247.573234087567	248	2	0.999999999615907
chr13	52532562	52657490	0.941201050767465	3.8402521758569	4	2	0.841459497654871
chr13	57141246	57169212	1.89669611713753	7.4471897505201	7	2	0.998649519842173
chr14	18228380	24300999	-0.79884449539197	1.14961875598103	1	-1	0.926502468101815
chr14	24606405	35605799	-0.853014600591824	1.10725337862582	1	-1	0.936954365885349
chr14	35760919	100829278	-0.853201757142695	1.10710974724404	1	-1	0.936982839888815
chr14	100834697	104654956	-0.845199386387058	1.11326774941552	1	-1	0.935722583844671
chr14	104842901	105488470	-0.779215806917846	1.16536686257882	1	-1	0.921448158143428
chr14	105721775	106874939	-1.04721766685353	0.967800998741832	1	-1	0.946765367802954
chr15	19810202	22548005	-0.769231373150189	1.17345996878826	1	-1	0.918568833882853
chr15	41438228	41750653	0.601661650686042	3.0349266536545	3	1	0.971053228820468
chr15	41754426	51958906	-0.849116128728459	1.1102494612777	1	-1	0.93635043793236
chr15	51959896	65771267	-0.854632943196877	1.10601201395623	1	-1	0.937199023943326
chr15	65771468	92796559	-0.828577189429503	1.12616858395423	1	-1	0.932811469978959
chr15	92832588	92915320	5.73055163132162	106.193498428556	106	2	0.999999967355503
chr15	92924286	101849605	-0.87969896715854	1.08696164435278	1	-1	0.940559475975652
chr15	101875984	101978886	0.376914229165367	2.59712279721309	3	1	0.843153776705707
chr16	11761	505627	0.935445544905022	3.8249623442068	4	2	0.819010526466292
chr16	18783070	19078179	0.900373640937606	3.73309866932407	4	2	0.640707191607277
chr16	22763871	25743351	-0.818760470728775	1.13385765044761	1	-1	0.930893232539956
chr16	25743352	28777534	1.77222029327675	6.83158478886481	7	2	0.998247679899424
chr16	28846378	29403889	0.735904439346575	3.33088244656425	3	1	0.927638895065617
chr16	29554830	30188586	-0.753533763925873	1.18629781359546	1	-1	0.91357658233741
chr16	32358239	32475215	-1.22399053433234	0.856193902102568	1	-1	0.922986290320528
chr16	57976387	69749649	-0.842019692751976	1.11572409261448	1	-1	0.935197002710621
chr16	69752112	71285928	-0.623220829967933	1.29843983835783	1	-1	0.839832229298347
chr16	72471462	88453720	-0.82271293234008	1.13075554263619	1	-1	0.931684145365515
chr16	88719509	90106388	-0.774792020523793	1.16894575208783	1	-1	0.92019946808015
chr16	90116324	90222476	0.660260396710998	3.16073568741582	3	1	0.963435257892718
chr17	62040	1844711	0.971918862309601	3.92289538469615	4	2	0.926768454236173
chr17	5034461	6687641	0.512476859504634	2.85299429000134	3	1	0.966066049713684
chr17	6690673	8187378	1.02120189749974	4.05921821258127	4	2	0.979333888796035
chr17	8189049	10357945	0.584418451358709	2.99886889444191	3	1	0.971566296417182
chr17	10359889	12291597	1.21096708006927	4.62985522106507	5	2	0.994695617061678
chr17	12291598	19024415	-0.8092674351176	1.14134311457659	1	-1	0.92888714031689
chr17	19222560	22731913	-0.833612004801167	1.12224525409468	1	-1	0.933736653753423
chr17	26981802	27583206	-0.610505690591362	1.30993416786317	1	-1	0.828223066825305
chr17	27585581	28496670	0.538323018111035	2.90456681688475	3	1	0.969609527152953
chr17	28497061	29589410	1.11987583818135	4.3465653580972	4	2	0.993452156312585
chr17	30198339	31373680	5.05511160163114	66.4921260006791	66	2	0.999999693955172
chr17	32142157	32594637	0.611351093667127	3.05537846108882	3	1	0.970461198327123
chr17	36260684	36457734	-1.06230107968429	0.957735325153142	1	-1	0.946110264687586
chr17	37874182	38229031	-0.91249844922296	1.06252850874421	1	-1	0.943852520960885
chr17	38242119	38707962	0.58600389264414	3.00216629538879	3	1	0.971547151410391
chr17	39509625	39965906	3.12315996345693	17.4258842892823	17	2	0.999922092553504
chr17	41026600	41232641	1.06258806031651	4.17735010219875	4	2	0.9901765831421
chr17	42160006	59106625	-0.796219619828877	1.15171230514678	1	-1	0.925870411996296
chr17	59690556	63507463	-0.735839851722568	1.20093673166178	1	-1	0.907196071330626
chr17	63523334	64973572	-0.812819739979243	1.13853627656724	1	-1	0.929655790440214
chr17	65014213	67739073	-0.803277299607048	1.14609187487777	1	-1	0.927540712918649
chr17	67739419	67743984	0.824295958253063	3.5413414639042	4	1	0.755027867201734
chr17	67744185	73031835	-0.853592240753552	1.10681013457476	1	-1	0.937042096194181
chr17	73380924	83240389	-0.743843719115515	1.19429255259003	1	-1	0.910187073001002
chr18	45672830	46240360	0.557485415649127	2.94340367593376	3	1	0.971030901767329
chr18	51047024	51078532	4.9757338945732	62.9325237488243	63	2	0.999999605942588
chr19	60571	1208030	-0.663517613383448	1.26267415548359	1	-1	0.870418700183499
chr19	1208034	1226795	4.31135839748621	39.7080166548681	40	2	0.999996996465826
chr19	1229154	1650351	-0.657753258444482	1.26772932097554	1	-1	0.866565809220526
chr19	2506082	3533511	1.08488174648586	4.24240321377528	4	2	0.99212883552518
chr19	4885131	4921971	5.98359310249897	126.55257939166	127	2	0.999999986441255
chr19	18925009	19356131	0.620700630870961	3.07524346218897	3	1	0.969668742784724
chr19	34444937	35292350	0.461433553381486	2.75381864624656	3	1	0.950657866340642
chr19	38082884	38575997	0.64305440641705	3.12326375165246	3	1	0.966785769764154
chr19	38577784	44150585	-0.759097998858042	1.18173127200081	1	-1	0.915414255762709
chr19	44156248	45251707	0.695564700989925	3.23903644465224	3	1	0.952233762881296
chr19	45258860	54358688	-0.739844842391926	1.19760749685681	1	-1	0.908715039915843
chr19	54359985	54725431	-0.649832008530966	1.27470904938537	1	-1	0.861003199977116
chr19	54726049	54786503	-3.27689888308845	0.206340813822465	0	2	0.557780813788778
chr19	54786508	54818525	0.702630057009161	3.25493798597917	3	1	0.94905027953891
chr19	54819797	54852193	-2.40263936586352	0.378236536250444	0	2	0.660637677344321
chr19	54852317	54906901	0.775707882975553	3.42405976405531	3	1	0.87941998930905
chr19	54909232	58599432	-0.774208558114725	1.16941859896131	1	-1	0.920031599370489
chr20	6200249	6214618	2.87968193798987	14.719756878926	15	2	0.999856981265191
chr20	34845281	35078087	0.943786821509589	3.84714130740152	4	2	0.850846514041512
chr20	37982975	38650012	0.601565680581487	3.03472477277694	3	1	0.971057971958145
chr21	5011785	5154746	0.736883871494269	3.33314451921568	3	1	0.926805611361885
chr21	8391408	9591659	-0.571272979128487	1.34604535359395	1	-1	0.785300610228389
chr21	44246276	44801811	0.654112375958405	3.147294924358	3	1	0.96476137450861
chr22	10510202	12626751	-0.667150769925496	1.25949834825143	1	-1	0.87276588490979
chr22	15176952	19674842	-0.811159902211528	1.13984692988311	1	-1	0.929299350817509
chr22	19714552	19903030	0.874132092920883	3.66581020431621	4	1	0.51118718591455
chr22	19911234	23783559	-0.815238681010194	1.13662891257731	1	-1	0.93016681419466
chr22	23786710	23831850	4.75594607354661	54.0396368114539	54	2	0.999999215439144
chr22	23831852	23942860	-0.621559583856037	1.29993583747387	1	-1	0.83837353921028
chr22	23957664	29359982	-0.790622089172363	1.15618952822316	1	-1	0.924478479580058
chr22	29362986	30119173	0.362100304536765	2.57059139116655	3	1	0.791038295345085
chr22	30121626	31403373	-0.829828692724917	1.1251920833641	1	-1	0.933045073975681
chr22	32039432	35635112	-0.822115335980472	1.13122402374159	1	-1	0.931566190959054
chr22	35656331	38094007	-0.770459917043968	1.17246112053076	1	-1	0.918935066608056
chr22	38605241	41162683	-0.728244428278609	1.20727603169163	1	-1	0.904187995953664
chr22	41162700	41695105	-0.729989756459154	1.20581638929611	1	-1	0.904894312725566
chr22	41699429	50799120	-0.761798300363224	1.17952148672521	1	-1	0.916278661187008
chrX	2789563	58510623	0.964726810313478	3.90338782501912	4	2	0.91159477081662
chrX	62510624	124364504	0.964756847422745	3.90346909493677	4	2	0.911663676183394
chrX	124365706	156027976	0.941360988251372	3.84067793064195	4	2	0.842052656369844
