Chromosome	Start	End	Segment	CNF	CN	Call	ProbCall
chr1	184171713	184335949	3.31304226054064	19.8771947582087	20	2	1
chr1	235540052	235915521	3.58919242268751	24.0704702610968	24	2	1
chr5	180684765	181007384	0.50028034254311	2.82897679427167	3	1	0.822744872490959
chr8	43251710	43378510	1.1682700237395	4.49484081564853	4	2	0.956377356487476
chr9	134849297	134850356	-1.00000000000001	0.999999999999993	1	-1	0.9093725986708
chr11	87606782	87816524	-1.41553852204509	0.74973958333333	1	-1	0.900995221342184
chr14	22332921	22545098	-1.13412965298618	0.911219386945103	1	-1	0.91458838157693
chr14	105857512	105907241	-1.01916213016873	0.986805642367773	1	-1	0.910594611622239
chr14	105909906	106038365	1.03743760097687	4.10515757664936	4	2	0.776637407072192
chr14	106671771	106686562	-0.370869568727795	1.54663249664687	2	-1	0.679314139993382
chr15	20826453	20901609	-1.92903353447242	0.525210063710071	1	-1	0.70427951512454
chr17	15782340	15817742	-0.823222662504987	1.13035609688908	1	-1	0.888923992950887
chr17	36012503	36439566	0.875783980695271	3.67000996586902	4	1	0.598718965539465
chr20	18113466	18265879	0.987288948250443	3.96491228070175	4	2	0.659483471775516
chr22	22689830	22905025	0.711392990647718	3.27476865303534	3	1	0.795943110133042
