Chromosome	Start	End	Segment	CNF	CN	Call	ProbCall
chr1	1713654	1738493	-0.97379151278134	1.01833235071027	1	-1	0.833225888671562
chr1	25258956	25384851	-2.54333016046225	0.343092582162188	0	2	0.604872745347512
chr1	65190791	65228136	1.14112421709376	4.41105643109717	4	2	0.948648890546245
chr1	145343174	145393227	0.722410052931282	3.29987197398396	3	1	0.902747017117021
chr1	146083757	146098060	0.887934841613906	3.70105055282812	4	1	0.616393419218986
chr1	146098869	146108429	0.421066174075302	2.67783333900033	3	1	0.608569968582683
chr1	146109791	146120693	1.33958388993602	5.06156628045229	5	2	0.964798957517111
chr1	152600663	152614198	-8.47467317375055	0.00562210777761525	0	2	0.707307518206545
chr1	158724131	158809077	0.677664074955705	3.19909553161148	3	1	0.921672758932636
chr1	182858118	182883568	0.440510346867923	2.71416861000741	3	1	0.694719473423872
chr2	86027838	86280133	1.07945448709636	4.22647374272514	4	2	0.91635907564728
chr2	88782870	88804828	-1.12215269668677	0.918815629711992	1	-1	0.820452200170596
chr2	89884977	90280808	-0.677014953499634	1.25091611433043	1	-1	0.711707243282847
chr2	97507567	97576429	-0.695769980363822	1.23475945811493	1	-1	0.728990348830658
chr2	171479977	171785595	0.647703772616596	3.13334531453147	3	1	0.928046956974242
chr2	174380083	174387854	-1.57982429970694	0.669045252885722	1	2	0.453458702016653
chr3	5178161	5184814	8.51740448769814	732.865422567841	733	2	0.999999768726217
chr3	93714064	93906186	0.635170315616959	3.10624218202095	3	1	0.92937216255661
chr3	98149921	98391234	1.06071904728034	4.17194184443593	4	2	0.896148258483959
chr3	155925197	156121046	0.921688975272107	3.7886634118858	4	1	0.488939804094966
chr3	160285745	160375948	-0.769644266755869	1.17312417724708	1	-1	0.779192785454459
chr3	160527853	160536920	-0.841915270999495	1.11580485124896	1	-1	0.809563257994133
chr4	54723519	54727332	2.78648619057997	13.7989462041549	14	2	0.993510176888219
chr4	102799469	102809943	0.499337839599824	2.82712924636648	3	1	0.857587336227347
chr4	190065242	190072028	-3.66024141609825	0.158193100490214	0	2	0.515604707833987
chr4	190072322	190076047	2.12707517338246	8.73661958631087	9	2	0.985282618310249
chr4	190076725	190081914	-2.34810250645081	0.392808347500999	0	2	0.624954524360384
chr4	190082202	190196187	0.939693840920432	3.83624228926678	4	2	0.554327000570833
chr5	17491204	17655459	5.13301845259142	70.1814793103908	70	2	0.999809127707102
chr5	34178929	34193613	1.43743353099782	5.41677261610911	5	2	0.968219356358638
chr5	69632197	71183461	-0.713410931864947	1.21975303089139	1	-1	0.743288230584712
chr5	72893151	72905528	1.13911305482739	4.40491156374858	4	2	0.948110461489399
chr5	80331635	80360170	2.60054583612103	12.130321107526	12	2	0.991759539483147
chr5	103005017	103011255	0.68937823654847	3.22517677133591	3	1	0.917898254140925
chr5	112821838	112836688	5.68888399412782	103.170306261627	103	2	0.999927755810557
chr5	171391180	171410525	0.895292280260293	3.71997333556112	4	1	0.590456325560816
chr6	25690998	25727371	0.710743075582907	3.27329374523938	3	1	0.908927253453684
chr6	29100865	29262987	1.0198740737318	4.05548391902161	4	2	0.823367237069141
chr6	29736660	29945584	0.903900321849041	3.74223542525057	4	1	0.558665606367041
chr6	31166186	31529986	1.60406600834721	6.07997759949595	6	2	0.973391538826916
chr6	31869475	31880461	0.701249128636679	3.25182389355085	3	1	0.913266195491807
chr6	31980317	32045432	-0.698861629420669	1.23211624149769	1	-1	0.73162331173221
chr6	32442878	32764826	7.40337671020213	338.585577355981	339	2	0.999997393879635
chr6	33080482	33086681	-5.43652945547608	0.0461818745545032	0	-2	0.521489982170669
chr6	33092941	33129196	2.3337234609725	10.0820943889243	10	2	0.988516375954832
chr6	110888893	110893664	1.10886233313948	4.31351009735544	4	2	0.936648538307778
chr6	137871517	137881396	2.10910866918594	8.62849335946772	9	2	0.984967299702511
chr7	6048684	6054756	-1.38685547020573	0.764794752562798	1	-1	0.656706497916968
chr7	50319018	50400774	7.32947681063708	321.678746815496	322	2	0.999996962019742
chr7	63496149	64992993	0.558928856245847	2.94635007441639	3	1	0.91655128172127
chr7	92577659	92834147	1.43954562746438	5.42470854480973	5	2	0.968289771875923
chr7	99649912	99861962	0.500589760540105	2.82958359625184	3	1	0.859652002625374
chr7	103184008	103214223	-1.74206063746461	0.597884768352012	1	2	0.606952206612006
chr7	144187237	144380108	-0.542636911641167	1.37302994326284	1	-1	0.460984998764245
chr8	7257550	7362983	1.16501393353142	4.48470762515739	4	2	0.953619502894781
chr8	7372994	7581981	-0.841762517338345	1.11592299977999	1	-1	0.809514039372888
chr8	7779222	7952767	-0.960603271300955	1.0276840047675	1	-1	0.832399253147016
chr8	12128332	12173330	1.16760703001866	4.4927756760918	4	2	0.954031101633009
chr8	12173371	12425983	-1.39595859161569	0.759984241035079	1	-1	0.646226278597656
chr8	39285132	39668206	2.35916309186108	10.2614527795333	10	2	0.988867850242837
chr8	60780950	60816090	7.38033511511116	333.220907921067	333	2	0.999997265993412
chr8	94739418	94765332	0.68074417905537	3.20593278616889	3	1	0.920753602000123
chr8	123777150	123780154	-1.21714145768881	0.860268276312812	1	-1	0.787818340299509
chr9	21968066	21974385	2.12365435740065	8.71592847499915	9	2	0.985223027571395
chr9	34837642	34895641	0.593608520857415	3.0180328746584	3	1	0.927618407032507
chr9	36840509	37034074	6.86818250475908	233.646320078492	234	2	0.999992250167625
chr9	41919991	42619525	0.474017739935292	2.77794442999757	3	1	0.804624276929248
chr9	83842230	83978287	0.554563017472226	2.9374473989327	3	1	0.914286766201949
chr9	105521091	105526500	1.1076114188078	4.30977161288854	4	2	0.936004744883071
chr10	4972106	5159866	0.51626875570393	2.86050279831659	3	1	0.881850776395509
chr10	37149806	37201378	-1.11329926100656	0.924471493323672	1	-1	0.822412651736657
chr10	87864277	87964934	7.46755891737032	353.988557724934	354	2	0.999997720503841
chr10	94733241	95065033	0.707179518809148	3.26521846011239	3	1	0.910625228512138
chr11	100859586	100933354	0.969161682227675	3.91540537483962	4	2	0.667924391487501
chr12	9154568	9437300	0.55896122214863	2.94641617456027	3	1	0.916567209023452
chr12	9437444	9573460	-3.10779738262722	0.232000949892568	0	2	0.553818746765912
chr12	31114708	31615139	0.516148252496668	2.86026388062682	3	1	0.881703965454406
chr12	40479065	40491243	-0.581963093802401	1.33610825750852	1	-1	0.567320188864837
chr12	40518691	40520563	-0.73971176396122	1.19771797278737	1	-1	0.761707697600218
chr12	43796896	43802346	2.05296002179799	8.29912951400285	8	2	0.98394387413844
chr12	56107061	56114006	0.636874920754115	3.10991450745814	3	1	0.929238666115191
chr12	64566693	64611410	6.69971678281181	207.8957971885	208	2	0.999989186358439
chr12	111403225	111439011	7.00983662890494	257.751431334616	258	2	0.999994164956199
chr13	18171403	19131386	0.506574868630349	2.84134667889519	3	1	0.868897906325353
chr13	27089774	27116660	2.0065002630865	8.0361264374776	8	2	0.983052114741522
chr13	40976205	41017372	7.16330491964812	286.681484427008	287	2	0.999995725621834
chr13	48304140	48479697	6.91173744339317	240.807654860822	241	2	0.999992895200955
chr13	52532562	52661682	1.11187223128966	4.32251877804395	4	2	0.938132293568786
chr13	57141246	57169212	1.69956159271772	6.49604484776466	6	2	0.976025354414028
chr13	75302095	75310247	1.80234087754813	6.97571393150227	7	2	0.978611584252398
chr14	35654227	35760891	0.608026304281915	3.04834523985553	3	1	0.929396677229384
chr14	35760919	35775846	-1.257006056083	0.836822729897666	1	-1	0.766691723035912
chr15	19810202	22564583	-1.23352477839778	0.850554285242651	1	-1	0.779739250084387
chr15	27926086	27990824	-0.796736254266295	1.15129994654271	1	-1	0.792352377089341
chr15	28745534	28764223	-1.3844056663475	0.766094534385784	1	-1	0.659460190776093
chr15	32488326	32528678	-1.49715663745838	0.708501770048089	1	-1	0.504190624332218
chr15	82812954	82819574	-2.100633524931	0.466311681209467	0	2	0.65066028255422
chr15	92832588	92915320	6.40240907866173	169.179280199819	169	2	0.99998075688732
chr15	101805611	101978886	0.407017594028161	2.65188386078946	3	1	0.53816207381249
chr16	20480913	20535464	2.33854017845183	10.1158116729121	10	2	0.988583661559542
chr16	81011859	81017877	-1.02614491013331	0.982040950138686	1	-1	0.833396075936456
chr17	7670087	7674149	2.22147002011844	9.32736788240431	9	2	0.986846718701569
chr17	10359889	10539934	0.407899415072244	2.65350527193528	3	1	0.54272825330178
chr17	12024637	12141397	7.36620129807071	329.972342966088	330	2	0.999997184585001
chr17	18953521	19272559	0.666811867869412	3.17512165052787	3	1	0.924510601528996
chr17	31095295	31374064	6.39351378352914	168.139372465224	168	2	0.999980426639716
chr17	36315089	36454130	0.665845299802371	3.17299511423737	3	1	0.924733726388383
chr17	46337327	46704895	0.734026477630614	3.32654944475209	3	1	0.895563949387629
chr17	67692519	67743984	-0.524535340170309	1.39036595353612	1	-1	0.40171283193172
chr18	51047024	51078532	4.97282129736774	62.8056000493497	63	2	0.999749867783527
chr19	1208034	1226795	4.85611856111547	57.9251737372335	58	2	0.999696235459537
chr19	4885131	4893153	5.5495461763247	93.6720138185144	94	2	0.999907385246433
chr19	4893408	4921971	5.57538611075147	95.3648768773812	95	2	0.999911533033245
chr19	20948611	21119134	0.50722855484128	2.84263438692671	3	1	0.869847435454134
chr19	54193524	54223009	-1.07812943167449	0.947285080916165	1	-1	0.828608381850408
chr19	54664181	54739706	0.421291883345278	2.67825231811472	3	1	0.609653214629415
chr19	54808898	54817564	0.515762462645952	2.85949912215768	3	1	0.881231657453528
chr19	54818359	54855942	-0.546352660866881	1.36949817085271	1	-1	0.472441650327606
chr19	54865686	54885596	3.62145116597385	24.614749730231	25	2	0.997939171868633
chr20	6200249	6214618	2.77868268411725	13.7245094955325	14	2	0.993443993704343
chr21	8786388	8987008	-0.91112407531975	1.06354120180227	1	-1	0.826389464316203
chr21	10570404	10768737	-0.763295970095643	1.17829765426417	1	-1	0.775759751903135
chr22	23786710	23831850	5.39739746328841	84.2963034916443	84	2	0.999878978188629
chr22	41160639	41162683	4.10580191747948	34.4349557373415	34	2	0.998997237883707
chrX	2794523	46501223	0.937054587046254	3.82923071609602	4	2	0.543918404244214
chrX	46501228	58510623	0.83803707724468	3.57523253167823	4	1	0.757992564703316
chrX	62510624	115156719	0.929899591434025	3.81028679493304	4	2	0.515787773541293
chrX	115163673	123645399	0.824571128741798	3.54201698130188	4	1	0.78609203172784
chrX	123665601	124364504	0.792541445912918	3.46424615563626	3	1	0.838461435084581
chrX	124365706	156027976	0.929301648626812	3.80870790165252	4	2	0.513447392734282
