Chromosome	Start	End	Segment	CNF	CN	Call	ProbCall
chr1	16734779	16951246	0.821537133735617	3.53457592860953	4	1	0.8618136897638
chr1	25246375	25385885	-1.57356035150815	0.671956454419993	1	2	0.485343419652645
chr1	121729147	121969146	-1.44513449431607	0.734515838681275	1	-1	0.563367575945419
chr1	143189147	143289146	-1.94938222800686	0.517854163184073	1	2	0.659096658863406
chr1	145305842	145325899	0.436775975345379	2.70715215330816	3	1	0.7423732100211
chr1	145326419	145341635	-0.877755774450882	1.08842667957107	1	-1	0.841166222104551
chr1	145355944	145358817	-0.844033204173781	1.11416800752479	1	-1	0.831071069399269
chr1	146088484	146098060	1.00990435265196	4.02755517377251	4	2	0.537360547131596
chr1	146109791	146124906	2.33286235187511	10.0760784309447	10	2	0.993446085195294
chr1	149536490	149548954	-0.692221494207198	1.23780023914807	1	-1	0.737480068440746
chr1	152580092	152614198	-6.60072550465871	0.0206069456478299	0	2	0.54321803803248
chr1	182858118	182883568	0.744177290105522	3.35003760461884	3	1	0.912078490406051
chr1	246849550	246902603	0.655541922883482	3.15041508176567	3	1	0.934637576510099
chr2	95875869	95940034	-1.2341248408468	0.850200586404773	1	-1	0.796458125347459
chr2	97152442	97191307	-0.872317077403454	1.09253759337059	1	-1	0.839733492206167
chr2	97504815	97576429	-1.00643039337088	0.995552709579356	1	-1	0.856364810670393
chr2	117821679	117850955	0.788564357041872	3.45470939183626	3	1	0.888125452198233
chr2	169563092	169631058	0.615389590537377	3.0639432807023	3	1	0.936301473375536
chr2	171690075	171747887	0.400739722404932	2.64036928823616	3	1	0.596760182756618
chr2	201537364	201565882	0.862402229214933	3.63612609115305	4	1	0.814837229877445
chr3	5178161	5184814	8.3263797220271	641.977854890199	642	2	0.999999970963308
chr3	52256113	52267104	0.443275221632397	2.71937520709053	3	1	0.763408363739542
chr3	93714064	93906186	0.558460036526488	2.94539278090343	3	1	0.926095480962369
chr3	98149921	98391234	0.935745458280704	3.82575757575758	4	1	0.672357485869422
chr3	155922139	156121046	1.00293494328115	4.00814567339825	4	2	0.51404766202386
chr3	160100986	160282697	0.485141891720437	2.79944704843609	3	1	0.861022515648873
chr3	186669893	186725297	0.681999699185078	3.208723996362	3	1	0.930686310977114
chr4	9160776	9176074	2.5394224791907	11.6271247883198	12	2	0.99515449721481
chr4	9191058	9210821	-0.627392415436202	1.29469079292023	1	-1	0.656086981376999
chr4	9211027	9222080	1.03478456735586	4.09761536376069	4	2	0.620772908711931
chr4	9250438	9359889	1.00990435265196	4.02755517377251	4	2	0.537360547131596
chr4	9363096	9469954	-0.748424261355607	1.19050669895505	1	-1	0.783540720130198
chr4	54723519	54727332	2.72773015434512	13.2482523599747	13	2	0.996349687618615
chr4	68497034	68669987	0.384515424097307	2.61084249079171	3	1	0.519069043092034
chr4	184635358	184644495	-1.1844541581354	0.879981953018137	1	-1	0.821256652667609
chr4	190066847	190092527	1.242020740808	4.73059200952483	5	2	0.960177049104533
chr5	17491204	17675659	1.05292899765104	4.14947552447552	4	2	0.679406413065558
chr5	34124738	34213813	1.7840241991374	6.88770903716969	7	2	0.986021787976759
chr5	72893474	72905396	1.45497000043182	5.48301720423706	5	2	0.978627285522297
chr5	80331635	80360170	2.82003756650152	14.1236157023104	14	2	0.996831568210289
chr5	103005017	103011255	0.377931435116311	2.59895460521358	3	1	0.486583145653875
chr5	112827041	112836688	5.94280692283762	123.024933195588	123	2	0.999990614494148
chr5	171389950	171410525	0.854511883649139	3.61629377915925	4	1	0.825395945347377
chr5	178767282	178946574	0.41740222286996	2.67104118813622	3	1	0.669793567857858
chr6	29826895	29942597	1.13229174191145	4.38413353600587	4	2	0.871253328139531
chr6	29942602	30064843	-0.723007707560384	1.21166618711815	1	-1	0.764811936284473
chr6	31166958	31403835	2.07874769158149	8.44880728814943	8	2	0.990616224601932
chr6	31410567	31415203	-3.37907299374927	0.192232877561186	0	2	0.513411403136309
chr6	31979303	32045432	-0.524007247628684	1.39087498439079	1	-1	0.393042630099533
chr6	32288537	32396616	-1.07068457176797	0.952186069979276	1	-1	0.851725780117508
chr6	32443676	32750107	5.10340065305231	68.755377693981	69	2	0.999945432391747
chr6	32756406	32805175	0.43863039789617	2.71063413092394	3	1	0.748547446885566
chr6	33092941	33176788	0.633468115152252	3.10257936437897	3	1	0.936242133344548
chr6	110888893	110893664	1.25205864271551	4.76362102534879	5	2	0.962872241317444
chr6	137871517	137881396	1.99707636989018	7.98380436807398	8	2	0.989500334597448
chr7	35119633	35162006	-1.5466114290914	0.684626276786906	1	2	0.449989559618893
chr7	50319018	50400774	7.11634203947937	277.499630353261	277	2	0.999999369741758
chr7	92813890	92834147	7.64683084658698	400.82560084339	401	2	0.999999830391287
chr7	142063493	142094610	-0.591465018350913	1.3273372539052	1	-1	0.588772697854014
chr7	143511795	143722727	0.540768167875775	2.90949379213745	3	1	0.917930902113385
chr7	144187237	144380108	-0.733488600822983	1.20289556961769	1	-1	0.772915260056103
chr8	6977737	7393314	0.640483777509003	3.11770359985716	3	1	0.935905420267668
chr8	7763344	7774055	0.872373080860822	3.6613433732996	4	1	0.800332286056042
chr8	7990519	8023092	0.403100984296966	2.644694324424	3	1	0.607609494487872
chr8	12128332	12173330	1.17997560604223	4.5314589198953	5	2	0.927977530500797
chr8	12358847	12388769	-2.53102001499734	0.34603262835162	0	2	0.592060265842974
chr8	39375698	39668206	3.58871199782229	24.0624560052266	24	2	0.99909031225073
chr8	54055096	54086105	1.67895872973853	6.4039352893174	6	2	0.983963405300068
chr8	60780950	60816578	7.34002856440522	324.040103772075	324	2	0.999999635105487
chr8	94739418	94761889	0.952491867449867	3.8704246627143	4	1	0.627152696858018
chr8	123780034	145074357	0.397535387667844	2.63451133635037	3	1	0.581816606629574
chr9	21968066	21974385	2.24442402849897	9.47695789763912	9	2	0.992562270369355
chr9	34837642	34895641	0.780592423141331	3.43567226832052	3	1	0.893277669387616
chr9	36840509	37034074	6.90113572938339	239.044554257151	239	2	0.999998943893637
chr9	64118053	64428670	-0.737969645999585	1.19916514370826	1	-1	0.776213223999498
chr9	105521091	105526500	1.32736953556661	5.01889420574606	5	2	0.973331785730953
chr10	26607836	26704810	-0.848433756542464	1.11077471611392	1	-1	0.832557442523452
chr10	37149615	37201378	-1.30567047256272	0.809066126872699	1	-1	0.743763815880599
chr10	47483864	48057480	0.570628688657433	2.97034125607536	3	1	0.93001717272148
chr10	48067302	48180982	-0.790280017682844	1.15646370007113	1	-1	0.808276190673964
chr10	87864277	87964934	7.21072538906305	296.261098127382	296	2	0.999999498919566
chr10	94720342	95065033	0.550079304566132	2.92833235712492	3	1	0.922633973190976
chr10	133421397	133568459	0.45741122300817	2.74615150868492	3	1	0.803405574930177
chr10	133664925	133778707	1.00990435265196	4.02755517377251	4	2	0.537360547131596
chr11	1608345	1630553	1.81062746547871	7.0158965023523	7	2	0.986504964972145
chr11	32635622	32655066	-1.04497015465544	0.969309869050706	1	-1	0.854557062650232
chr11	55467143	55856213	0.446382068180413	2.72523769701033	3	1	0.772868651920075
chr11	89933168	89973954	0.969812898820473	3.91717314448775	4	1	0.575593847758125
chr11	100859586	100933191	0.785237773148747	3.44675265750583	3	1	0.890326462348228
chr11	110247763	110264786	0.797402784353381	3.47593904853373	3	1	0.881903468956368
chr11	123940549	123995018	0.673552865058901	3.18999213071623	3	1	0.932184554772277
chr12	12211	18243	-1.39896956515479	0.758399771588956	1	-1	0.635681935479178
chr12	21376220	21452094	-0.778384765100925	1.16603834723533	1	-1	0.801939520900442
chr12	31114708	31178958	0.829226292342608	3.55346451442368	4	1	0.854334920632283
chr12	40474955	40494219	-1.15049438085599	0.900941676187412	1	-1	0.833772954501382
chr12	43795608	43800432	2.66100844295489	12.649499892981	13	2	0.995960871468796
chr12	64566693	64611410	6.60417378590184	194.573818415818	195	2	0.999997879882353
chr12	111403225	111439011	6.6667239136778	203.195397408134	203	2	0.999998166598232
chr12	112406850	112504889	0.52205956230206	2.87200759090133	3	1	0.905130970332141
chr13	18171403	18477492	0.723330845475199	3.30197877222077	3	1	0.919945451410064
chr13	19032432	19131386	0.993227302392712	3.98126610231873	4	1	0.49951894529229
chr13	35098200	35123576	0.458906524831009	2.74899927207593	3	1	0.807188914560285
chr13	40976205	41017372	6.92198095210737	242.523536015708	243	2	0.999998994988681
chr13	48304140	48479697	6.68631066095048	205.972891103631	206	2	0.999998248431749
chr13	52229215	52279999	3.66507215039629	25.3703611329698	25	2	0.999201709348568
chr13	57141246	57169212	1.36501409879674	5.15157686179048	5	2	0.975506849900077
chr13	75302095	75310247	1.48749956386894	5.60805136731445	6	2	0.979511532206844
chr14	19474471	19698966	1.17465873786157	4.51478954251389	5	2	0.923404683594071
chr14	35654227	35760891	0.702349658026063	3.25430542498197	3	1	0.926135839668937
chr14	104947834	104952018	-1.23123631779852	0.851904539112688	1	-1	0.798137015469864
chr15	19790202	22299296	-0.948577322703696	1.03628632774567	1	-1	0.853711581113583
chr15	65752325	65898926	0.453610155686982	2.7389257488167	3	1	0.793410068441543
chr15	82812954	82819574	-6.34804031145167	0.0245515801216955	0	2	0.521928451359779
chr15	84186783	84516815	0.39720754068483	2.63391272164794	3	1	0.580274305331923
chr15	92832588	92915320	6.52474962327317	184.151536351487	184	2	0.999997453239187
chr16	11761	44541	0.726285240777168	3.30874759430062	3	1	0.918940566020757
chr16	20488316	20535464	3.35878365336997	20.5175086067328	21	2	0.998661645712643
chr16	31884406	31916172	1.15396390960692	4.45048914771405	4	2	0.901717283928903
chr17	7670087	7674149	2.15555169516005	8.91077982956057	9	2	0.991568432801705
chr17	12024637	12141397	7.20377292960869	294.8368274771	295	2	0.999999490350284
chr17	21883115	22062160	-4.52892470555375	0.0866338891693752	0	-2	0.536298313154516
chr17	31095295	31373680	6.17093048280588	144.100395287418	144	2	0.999994325099635
chr17	37874182	38195978	-0.79401794727637	1.15347125566837	1	-1	0.810162734997014
chr17	45429903	46332613	-0.539913552161493	1.37562424455443	1	-1	0.447666772333616
chr17	46334772	46694009	0.847006524079245	3.59752951711202	4	1	0.834732540836458
chr18	51007323	51078532	4.73766123177375	53.3590557607178	53	2	0.999887648232796
chr19	1208034	1226795	4.99561306047004	63.8056847211138	64	2	0.999932298691854
chr19	4885131	4921971	5.59408731778125	96.6091089852222	97	2	0.999980157526893
chr19	54451212	54455561	-1.50169301177014	0.706277473593242	1	-1	0.460072332653157
chr19	54747401	54786503	-0.945085609551195	1.03879745920769	1	-1	0.853341843465106
chr19	54786508	54798097	1.00990435265196	4.02755517377251	4	2	0.537360547131596
chr19	54803451	54818525	-1.62638081342184	0.647799467161861	1	2	0.548385395205523
chr20	6200249	6214618	2.97810828593852	15.7590458858703	16	2	0.997523996564712
chr21	8776388	8987008	-0.55313245630249	1.3630774550618	1	-1	0.489420255647475
chr21	13398865	13427926	-1.18592403166716	0.879085849923868	1	-1	0.82063906289555
chr22	11319687	11972641	-0.77099647536602	1.17202514703406	1	-1	0.797738095304057
chr22	18202302	18529550	0.722308807907246	3.29964040467438	3	1	0.920285075321127
chr22	18610094	18873894	0.62592759659906	3.08640545122894	3	1	0.936413786763088
chr22	23786710	23831850	5.51862283518689	91.6855730644286	92	2	0.999976743438097
chr22	23941098	23983664	0.692369757077738	3.23187132023771	3	1	0.928537213923453
chr22	41160869	41173780	0.746826080031371	3.35619392769124	3	1	0.910942161767209
chrX	2789563	9030403	0.840639954466325	3.58168870629809	4	1	0.842142666616028
chrX	9032104	24930575	0.789180169429811	3.4561843445426	3	1	0.887709769780906
chrX	24930776	45700995	0.942017208642584	3.84242528845851	4	1	0.655988907377659
chrX	45700996	58550623	0.774616658066094	3.4214708547703	3	1	0.896873126159096
chrX	62470624	77830957	0.937827938219732	3.83128391086915	4	1	0.666998041392308
chrX	77841163	124364504	0.800230487624223	3.48275862068966	3	1	0.879792669245622
chrX	124365706	133027291	0.81199635097547	3.51127830931177	4	1	0.870337554417208
chrX	133027292	155685512	0.871434918498181	3.65896323206965	4	1	0.801754666164798
