Chromosome	Start	End	Segment	CNF	CN	Call	ProbCall
chr2	88885396	92135200	2.3767797711757	10.3875230351453	10	2	0.999998805563941
chr6	25726131	27893843	1.30686563608815	4.94806905998951	5	2	0.999915373558518
chr14	103550344	106879812	1.83007499855769	7.11111111111112	7	2	0.999988654872104
chr17	40993429	41397592	4.29617085015436	39.2921947605395	39	2	0.99999999987032
chr19	53632055	53761222	-4.06199971325728	0.11974192607713	0	-2	0.955130828398922
chr21	5011798	8227646	-0.845360712439671	1.11314326777167	1	-1	0.818407927333179
chr22	10510202	12626642	0.267466356940819	2.40738412277899	2	2	0.572448804312917
chr22	15176843	17115694	-0.84468704676634	1.11366317079658	1	-1	0.817710594054295
chr22	17116298	22923034	1.03896734623037	4.1095127422928	4	2	0.999775874509818
