Chromosome	Start	End	Segment	CNF	CN	Call	ProbCall
chr1	152079556	153262122	1.97846549695442	7.8814741528568	8	2	0.992748490020525
chr2	88885396	92125200	2.37119537996858	10.3473926773336	10	2	0.995338892524527
chr6	26017084	28944537	0.557317555784841	2.94306122615385	3	1	0.909289452486788
chr6	28969129	30697535	-0.424132579162405	1.49057340147075	1	2	0.408757000056099
chr7	142300923	142544685	3.52185280904218	22.9727682537862	23	2	0.998551114934039
chr7	142554835	142789040	-5.15429027709277	0.0561608944376853	0	-2	0.999183431723145
chr7	142791693	143754730	0.448114009244006	2.72851128235089	3	1	0.813904840101215
chr14	18247823	20784293	-0.782747693191339	1.16251739747184	1	-1	0.696849774165177
chr14	20801227	22320691	1.94207068677919	7.68513544592564	8	2	0.992437173825091
chr14	104117404	106879812	1.68708435644755	6.44010565217131	6	2	0.989796247963122
chr19	53632055	53761222	-4.2201908060522	0.107306486616832	0	-2	0.993986415694019
chr21	30165563	34423966	0.419904293929812	2.67567760353292	3	1	0.726108294759536
chr22	15176843	17070675	-0.59160296883809	1.32721033999645	1	-1	0.545185400840895
chr22	17080700	22923034	0.667855658339125	3.17741968359302	3	1	0.882539569868404
