Chromosome	Start	End	Segment	CNF	CN	Call	ProbCall
chr1	20177752	55466024	0.599899936385967	3.03122288371161	3	1	0.919689314641644
chr1	65218842	65228136	1.33583147287413	5.04841836754408	5	2	0.989481598534509
chr1	72274924	72362730	2.25146357150117	9.52331314107711	10	2	0.998143943115911
chr1	88981594	89464597	0.426310096402859	2.68758446534592	3	1	0.620916684645274
chr1	121609147	121969146	-1.20478693999178	0.867666816412827	1	-1	0.928582123391593
chr1	143189147	143279146	-1.92633406454015	0.52619371998955	1	2	0.491852134728978
chr1	143279147	145328315	0.409972718395028	2.65732137732537	3	1	0.560211273290905
chr1	145328911	145342588	-0.604110369115829	1.31575386332204	1	-1	0.802846587303651
chr1	145343174	145393227	1.11904837319313	4.34407307849874	4	2	0.944274197279737
chr1	146067370	146091424	-0.567858786661234	1.34923459315455	1	-1	0.732867889968489
chr1	158622892	184909528	0.552373739992266	2.93299322787396	3	1	0.888320695242114
chr1	238310870	248937047	0.793563899531915	3.46670217465134	3	1	0.892090135182507
chr2	12980996	52558648	0.514019605452821	2.85604677125218	3	1	0.842011142787591
chr2	52558649	69844265	0.496195559175701	2.82097828230222	3	1	0.811567640821567
chr2	69847422	88785013	0.541724481783296	2.91142303683452	3	1	0.877733730351232
chr2	94145094	94197798	-0.994897939298269	1.0035427397104	1	-1	0.940589466483217
chr2	94199299	95829273	0.57706514738505	2.98362278097819	3	1	0.90746559203215
chr2	95950686	97142923	0.540203416705896	2.9083550771561	3	1	0.876091444865519
chr2	97513141	97576429	-0.533152098617058	1.38208648999164	1	-1	0.642952240959726
chr2	97578868	108730934	0.482599126579419	2.79451733925993	3	1	0.78374650257006
chr2	108731235	135622776	0.478909226452644	2.78737909155818	3	1	0.775456698140649
chr2	135631705	171050257	0.699727862763392	3.24839677878261	3	1	0.932444276009281
chr2	171050282	171055336	-1.21144179789193	0.863673663281836	1	-1	0.927727861208121
chr2	171056360	198124168	0.696160295404011	3.2403739069876	3	1	0.932901241722511
chr2	198124169	205825328	0.496687719467805	2.82194079364214	3	1	0.812497054561354
chr2	205825329	222941790	-0.679012808303203	1.24918503529037	1	-1	0.883972907414631
chr2	222941991	229662023	-0.840019115965966	1.11727233391694	1	-1	0.932900161820084
chr2	229662024	242175633	-0.647149809457506	1.27708114020038	1	-1	0.857822653921616
chr3	5178161	5184814	8.62292372705292	788.476379848327	788	2	0.999999999994586
chr3	90049834	90714686	0.534170794667819	2.89621919581379	3	1	0.869237184944656
chr3	98133074	98730677	0.609696106675406	3.05187549460702	3	1	0.923611170295239
chr3	155925197	156047434	1.17140738724239	4.50462617823896	5	2	0.974572446317568
chr3	162794160	162914159	-1.41072443708194	0.752245545129688	1	-1	0.87895793092232
chr3	162914160	165261042	0.478554787185973	2.78669437633895	3	1	0.774643279437798
chr3	165261043	198228341	1.28624484369991	4.87784813893903	5	2	0.988184671976195
chr4	10202	9155617	0.530177218978798	2.88821315399571	3	1	0.864388278658887
chr4	9160776	9229728	1.21710579294704	4.64959737293274	5	2	0.983755157698712
chr4	9229823	18840684	0.420725669297221	2.67720139155045	3	1	0.600719848548423
chr4	19410685	34773186	0.440572591385981	2.71428571428571	3	1	0.669455476170462
chr4	34773187	34833186	-6.41820332003666	0.0233861256130929	0	2	0.701992597976583
chr4	34833187	41789019	0.505442568329633	2.83911752068472	3	1	0.828168903237201
chr4	49322214	49654578	-1.31834512223862	0.801989291118608	1	-1	0.908165948764771
chr4	68474618	68668276	0.798402606516422	3.47834879232439	3	1	0.888042834592156
chr4	94836411	153066050	-0.749695897772224	1.18945781153945	1	-1	0.916066760399384
chr4	153066251	171824915	-0.745265110983168	1.19311647469226	1	-1	0.914740172925141
chr4	190066847	190196187	0.854768710365334	3.61693760443284	4	1	0.817185420519622
chr5	8240249	22065522	0.508951968990903	2.84603216919932	3	1	0.834007570385009
chr5	80331635	80360170	2.20211526487348	9.20307040154705	9	2	0.99794823850094
chr5	112827227	112836688	6.31406371122204	159.130184853038	159	2	0.999999968916257
chr5	171391180	171410525	1.00772359824295	4.02147178567234	4	2	0.680156088988763
chr5	178767282	178802648	0.792101787909929	3.46319059541809	3	1	0.893262870909894
chr6	60202	31983423	0.997958175841454	3.99434286553731	4	2	0.641334076957341
chr6	32339520	32370597	-0.745058506089247	1.19328735027382	1	-1	0.914676672390127
chr6	32490365	32775175	5.07320176106176	67.3311294765838	67	2	0.999998414758885
chr6	33092941	33176577	0.8354395461057	3.56880121924316	4	1	0.847149424010335
chr6	110888893	110893664	1.15444925012958	4.45198659938223	4	2	0.968066919312817
chr6	137871517	137891596	1.3228329391526	5.00313693488113	5	2	0.989194347130528
chr7	13744	6792021	-0.54649598341343	1.36936212670581	1	-1	0.680091268768167
chr7	6823258	39854839	-0.730196793828047	1.20564335817509	1	-1	0.909690671672811
chr7	39855040	50309369	-0.690168050567448	1.23956330251384	1	-1	0.890995507375729
chr7	50319018	50400774	6.23917138345786	151.080262303782	151	2	0.999999960024695
chr7	50400975	53787335	-0.808892484796844	1.14163978335994	1	-1	0.928786060131298
chr7	53787536	55582519	-0.693358453236712	1.23682513788213	1	-1	0.89283575730169
chr7	60880237	62710236	-0.732721728946664	1.2035351448368	1	-1	0.910599190686657
chr7	92813890	92834147	7.34291910344177	324.689991303245	325	2	0.999999999185381
chr8	64084	7541818	-1.55907928196737	0.678735189652527	1	-1	0.790010245786595
chr8	7546985	7567454	0.900781706895453	3.7341547247627	4	1	0.713684550031729
chr8	7569936	15378019	-1.48778625657213	0.713118503394475	1	-1	0.841022218489135
chr8	35506098	43977107	1.21507268477313	4.64304957426309	5	2	0.983511425533371
chr8	45937108	60612202	0.550947242147638	2.93009459676127	3	1	0.886991616322535
chr8	60731109	60816578	7.57063062460338	380.204190971587	380	2	0.999999999652783
chr8	60819991	141539014	0.521993140480792	2.87187536643382	3	1	0.853628358654766
chr8	141539015	141719014	-0.527029602799349	1.38796423895068	1	-1	0.624942064856676
chr8	141719015	145074357	0.667617107378465	3.17689433774109	3	1	0.934255645049268
chr9	12193	55762	0.864529766135234	3.64149222828585	4	1	0.799289934860204
chr9	55763	7798232	-0.610852302065993	1.30961949035813	1	-1	0.813289915559681
chr9	7798479	21967405	-0.744469252715815	1.19377483528833	1	-1	0.914494741572019
chr9	21968066	21974385	1.45146535489241	5.46971383103531	5	2	0.991482945840789
chr9	21974406	32012497	-0.747055345172661	1.19163685970644	1	-1	0.915284207357784
chr9	32012498	36297368	-0.634861200931506	1.28800554022182	1	-1	0.844768811268185
chr9	36840509	37034074	6.80734038026671	223.997742180675	224	2	0.999999994337467
chr10	10202	20572393	0.841607384268948	3.58409128919691	4	1	0.838325051041258
chr10	47483864	48053737	0.427842700902086	2.69044105842552	3	1	0.6263482439227
chr10	48057264	48180982	-1.09290168202938	0.937634993002088	1	-1	0.938210321211288
chr10	87864277	87964934	7.16671305963315	287.359524883095	287	2	0.999999998442288
chr10	133679261	133778707	0.854768710365334	3.61693760443284	4	1	0.817185420519622
chr11	55683518	55727206	4.03225656563901	32.7235319413565	33	2	0.999970897038458
chr11	65627369	83261980	0.78829813576125	3.45407195129638	3	1	0.89620835126222
chr11	83265756	95110385	1.07981963982627	4.22754361799815	4	2	0.891105170805338
chr11	95110386	95193591	-0.732468558495244	1.20374636499342	1	-1	0.910509292077946
chr11	95193792	106887094	1.06303586054944	4.17864691728288	4	2	0.855995682986294
chr11	106887095	113365045	0.46297631584935	2.75676504886448	3	1	0.735852335276393
chr11	113366175	123995018	-0.657165533784903	1.26824587336358	1	-1	0.867144373234183
chr11	123995219	124093942	-0.936242403840823	1.04518447194758	1	-1	0.939552081508459
chr11	124094143	126503811	-0.67164880819557	1.25557759633707	1	-1	0.87878914070212
chr11	126503812	135066987	-0.782139827295876	1.16300731637418	1	-1	0.924021742490766
chr12	12211	18243	-1.94689926073312	0.518746189580363	1	2	0.508964772114648
chr12	9480523	9595430	-3.47494130945649	0.179874014840544	0	-2	0.513569876922854
chr12	21354920	21440510	-1.29117847544986	0.817234222389184	1	-1	0.914319512504566
chr12	40440567	40525231	-0.611908376586744	1.30866117993831	1	-1	0.814858363890278
chr12	43796896	43804659	1.29981371481102	4.92394181792715	5	2	0.988605235042902
chr12	43805443	55126314	-0.57380768619416	1.34368252904617	1	-1	0.746028711569041
chr12	55129724	56107328	-0.559610472007386	1.35697066038063	1	-1	0.713505039535218
chr12	56107582	58047073	-0.54637057721415	1.3694811636185	1	-1	0.679756570421453
chr12	58047074	63663759	-0.750022213140133	1.18918880495092	1	-1	0.916161855204398
chr12	63668045	64561652	-0.530015406323525	1.38509467681405	1	-1	0.633796774696218
chr12	64566693	64611410	6.33171100649713	161.088646499143	161	2	0.999999970713181
chr12	64611611	65655222	-0.704084334098916	1.22766391756564	1	-1	0.898528365171088
chr12	65655223	72843406	-0.67977944329761	1.24852140608794	1	-1	0.884486472897649
chr12	72843407	87018435	-0.784582476487782	1.16103987679709	1	-1	0.924514603048716
chr12	111403225	111439011	6.79917672177783	222.733804222058	223	2	0.999999994171849
chr13	18507493	19082753	-0.710637208045338	1.22210038244466	1	-1	0.901662354062616
chr13	19082754	19131386	0.653842529492924	3.14670629892756	3	1	0.933438087408877
chr13	19131587	35123576	-0.702854895838526	1.22871055614534	1	-1	0.897912488257491
chr13	35123777	40959055	-0.781659063086897	1.16339494192894	1	-1	0.923923213625469
chr13	40959256	41017372	6.38662483682034	167.338411721453	167	2	0.999999975682648
chr13	41017573	48304121	-0.716230013356322	1.21737191380048	1	-1	0.904150202358854
chr13	48304140	48479697	6.60926701004323	195.261946818634	195	2	0.999999988673031
chr13	52218390	52279999	0.742452633503774	3.34603522556099	3	1	0.921598656402274
chr13	57141246	57173577	2.01271545761273	8.07082110771387	8	2	0.997008250790941
chr13	90261387	114346545	0.501088246190944	2.83056145400458	3	1	0.820575730019755
chr14	18228380	19617155	-1.50216097848732	0.706048415654643	1	-1	0.832133509926618
chr14	19617399	19639708	1.54222986992794	5.82488622269137	6	2	0.992756641227976
chr14	19639709	24734512	-0.576862985451899	1.34083992677448	1	-1	0.752526337105504
chr14	24734513	30581198	-0.877580792059115	1.08855870127265	1	-1	0.936390696339202
chr14	30586466	35310217	-0.651860782898774	1.272917763293	1	-1	0.862346004296134
chr14	35654444	35760891	0.397871469231466	2.6351251277631	3	1	0.512601077029758
chr14	35760919	49665219	-0.710104408437568	1.22255179791054	1	-1	0.901416597782307
chr14	49666211	77943650	-0.667913557720436	1.25883259699788	1	-1	0.87597781276305
chr14	77943651	88505399	-0.858779815509582	1.10283746556474	1	-1	0.934815126595108
chr14	88507852	100829278	-0.706672471805829	1.22546351147972	1	-1	0.899795589914447
chr14	100834697	105960353	-0.644606670631976	1.27933432523138	1	-1	0.855273684427067
chr14	105969912	106874939	-1.07894647167275	0.946748757812848	1	-1	0.938865144513956
chr15	19780202	39985888	-0.751772304357627	1.18774710936032	1	-1	0.916665938595579
chr15	39987941	45036398	-0.620020164185421	1.30132366704151	1	-1	0.826319563395508
chr15	64171796	76545220	0.780877123828228	3.43635032899586	3	1	0.901535936980419
chr15	76545221	82541122	0.977665086149529	3.93855135205405	4	2	0.5575521088318
chr15	92832588	92915320	6.89644203057816	238.268104689715	238	2	0.999999995871942
chr16	26546472	29560318	0.600974764631197	3.03348202914882	3	1	0.920155378917614
chr16	29561484	31483304	0.422008263157742	2.6795825523472	3	1	0.605413203929624
chr16	46388210	59504426	-0.679541428952581	1.24872740285838	1	-1	0.884327538301038
chr16	59504427	66828104	-0.759244141958668	1.18161157024794	1	-1	0.918710159367734
chr16	67066669	70818610	-0.56611637657031	1.35086511113168	1	-1	0.728885417029948
chr16	70991293	89244432	-0.666726145073299	1.25986910783527	1	-1	0.875057195263024
chr16	89244433	90222476	-0.503008503693657	1.41126752493408	1	-1	0.549530878952753
chr17	2030036	3165105	-0.603741029372721	1.31609074838088	1	-1	0.802252578749282
chr17	3165106	3829439	-0.633521611886606	1.2892020504714	1	-1	0.843229247114688
chr17	7670087	7674149	2.45463333357226	10.9634756767085	11	2	0.998782026031075
chr17	10539939	12024635	-0.66015694339357	1.26561890629209	1	-1	0.869718736486295
chr17	12024637	12141397	6.74937495819537	215.176237870784	215	2	0.999999993054494
chr17	12141598	18388355	-0.587601070922007	1.33089700527338	1	-1	0.773969551413043
chr17	19030573	19242559	0.849229388768725	3.60307676369717	4	1	0.826482554066556
chr17	21873115	22062160	-4.15680964269958	0.112125813492421	0	-2	0.523793234769601
chr17	31095295	31373680	6.39011285184331	167.743476568089	168	2	0.99999997596897
chr17	37925964	38252573	-1.14791248887897	0.902555473090268	1	-1	0.934514083454784
chr17	44804655	44960438	0.610784928675951	3.05417965684555	3	1	0.924003229628203
chr18	10202	15410430	-0.68369310895149	1.24513907402471	1	-1	0.887035178730966
chr18	27942043	28947250	0.763927785003706	3.39621498188235	3	1	0.911817064936085
chr18	29977251	37442195	-0.70718737886281	1.2250262137822	1	-1	0.900043054586344
chr18	37442196	45433949	-0.839414490642648	1.11774067455886	1	-1	0.932832082082072
chr18	45433950	51047660	-0.692586302781839	1.23748728107943	1	-1	0.892396858011807
chr18	51047824	51078532	4.4532977843917	43.8133245244007	44	2	0.999990640137744
chr18	51078733	57838967	-0.729559883535353	1.20617573415738	1	-1	0.909457255258756
chr18	57839168	63624250	-0.70804444287591	1.22429867674255	1	-1	0.900451596883569
chr18	63671401	80257594	-0.759601790609235	1.18131868131868	1	-1	0.918803800085427
chr19	60571	205252	0.787463907798824	3.45207523654624	3	1	0.896834443737462
chr19	205453	1208030	-0.558873354942921	1.35766415538347	1	-1	0.711711867769499
chr19	1208034	1226795	4.15787873171369	35.7006573063064	36	2	0.999979127245691
chr19	1229154	4881806	-0.510266426545633	1.40418553690496	1	-1	0.572991438873794
chr19	4885131	4921971	5.24260509941752	75.7201361196394	76	2	0.999999045310856
chr19	4929146	6990903	-0.54924882632212	1.36675170348537	1	-1	0.687367154259293
chr19	27248209	27558208	0.483549471437497	2.79635877491492	3	1	0.785829281880908
chr19	27558209	32953665	-0.643415078664582	1.28039142613774	1	-1	0.854052756113466
chr19	53193287	54707685	-0.492350730051248	1.42173173485743	1	-1	0.514362045131308
chr19	54707686	54739706	2.21361576053035	9.27672619471677	9	2	0.997995469713001
chr19	54747401	54783606	-2.8446061080415	0.278431412945097	0	2	0.529651887294221
chr19	54786383	54817564	0.508024014599021	2.84420216437884	3	1	0.832487666857566
chr19	54818359	58599432	-0.496926207112162	1.41722988501645	1	-1	0.529544283281906
chr20	60202	3123575	-0.657811005795447	1.26767857806536	1	-1	0.867707705238302
chr20	6179806	6235426	0.978153122193447	3.93988391376452	4	2	0.559584958578415
chr20	32079663	64327990	0.578526959305198	2.98664747130679	3	1	0.908391538141753
chr21	5011785	5154746	0.449929630976203	2.73194725655247	3	1	0.698703013712021
chr21	8149957	9299257	-0.899149914697924	1.07240517424242	1	-1	0.93783581201083
chr22	10510202	12896951	-0.644687412402571	1.27926272809878	1	-1	0.855355794697936
chr22	15156952	16322840	-1.09202721893966	0.938203495500453	1	-1	0.93825457298941
chr22	16322841	16398156	1.12357124431893	4.35771318416222	4	2	0.948325354310944
chr22	16405302	18384118	-0.564125337100732	1.3527307046813	1	-1	0.724263865761224
chr22	18489092	23783559	-0.61993361936518	1.30140173357514	1	-1	0.826202633078267
chr22	23786710	23831850	4.9629280211052	62.3763842188591	62	2	0.99999780584262
chr22	23831852	41162683	-0.612328411762709	1.30828022367104	1	-1	0.815477206608513
chr22	41162700	41695105	-0.522931859565075	1.39191213216816	1	-1	0.612578609857873
chr22	41699429	50799120	-0.610337226727018	1.31008713813785	1	-1	0.812518410950512
chrX	10202	2782139	-0.510066979094316	1.40437967397357	1	-1	0.572353394906486
chrX	3818758	3930481	1.67245756422565	6.37514238571451	6	2	0.994285936550547
chrX	35424959	36205183	0.492968634168732	2.81467555573727	3	1	0.80534234182474
chrX	44877054	45111334	7.22458719757575	299.12137493821	299	2	0.99999999873961
chrX	49336818	49592097	-0.679965382757298	1.24836050275798	1	-1	0.884610315954722
chrX	58270624	58550623	1.02332670057441	4.06520103895685	4	2	0.738353056745567
chrX	64096389	64189402	1.29725150026099	4.91520469850016	5	2	0.988530924566932
chrX	65820241	65967438	1.28387887735921	4.86985520481646	5	2	0.988103674195883
chrX	77523223	77717095	7.35975089851984	328.500304706174	329	2	0.999999999234701
chrX	97848494	97918939	1.00515863491439	4.01432837465565	4	2	0.67010698383172
chrX	120115583	120151344	1.31114518593273	4.96276859504133	5	2	0.988910864153268
chrX	124334305	124364504	-4.36966005614367	0.0967456056868156	0	-2	0.519215982405815
chrX	135160357	135215179	1.88856958330178	7.40535852025117	7	2	0.996194247491648
chrX	137997499	138387498	-0.624314561872562	1.29745584184087	1	-1	0.83198152211025
chrX	138387499	138483580	0.463148279377777	2.75709366391184	3	1	0.736313444507381
chrX	150086467	150116700	4.71210741514633	52.4222515905685	52	2	0.999995471660389
chrX	154144167	154292147	1.57578188677888	5.96194012573683	6	2	0.993182156148083
chrX	155585513	155997841	-0.519478221260067	1.39524819377307	1	-1	0.601979426417189
chrX	156001522	156027976	0.786661360030198	3.45015543730731	3	1	0.8974301263577
