Chromosome	Start	End	Segment	CNF	CN	Call	ProbCall
chr1	152079556	153726353	0.723586564365011	3.30256410256411	3	1	0.734228513516645
chr2	88931665	92135200	1.98823155151482	7.9350073066656	8	2	0.981224852685143
chr3	167959283	198228376	0.950992696922608	3.86640481605352	4	2	0.809560519691146
chr5	10202	46416170	0.720931714859808	3.29649230769232	3	1	0.736277288212442
chr6	25701984	28964737	0.957383536582815	3.88357017850538	4	2	0.825304175640192
chr7	142389201	142536292	3.02231795835862	16.2494384645651	16	2	0.986653337831332
chr7	142544211	142789040	-6.75707609893188	0.0184904468595056	0	-2	0.99999980406188
chr8	64090	7039439	-1.38904243101764	0.763636289388797	1	-1	0.84706695097087
chr8	15258540	41512521	-1.11547721741993	0.923076923076927	1	-1	0.89219897129105
chr9	12133	43206105	-1.08126150208202	0.945230769230771	1	-1	0.892489226467845
chr12	12309	34710158	0.997033023894723	3.99178224852072	4	2	0.898086633116672
chr14	20801227	22320691	1.14962125017009	4.43711286287696	4	2	0.965108451359638
chr14	104117404	106879812	1.82251032896529	7.07392208626354	7	2	0.979415221691845
chr17	40993429	41397592	4.02891168395896	32.6477504695999	33	2	0.985867726799191
chr19	27243626	39493785	1.18469611096492	4.54631015808991	5	2	0.96706057049308
chr19	39498894	44931386	-0.618750244814231	1.30246964982527	1	-1	0.477167998299647
chr19	53632055	53766632	-3.75093250173074	0.148554838291108	0	-2	0.995738886304329
chr20	87249	26371726	0.602273583499346	3.03621421968668	3	1	0.718962409619434
chr20	30099564	64327972	0.600042234588553	3.03152187887597	3	1	0.716648764161058
chr21	5011798	7681742	-0.724572118040162	1.21035300874935	1	-1	0.7166950051603
chr21	30289144	30747233	2.14512443586562	8.84660823457757	9	2	0.982628226616081
chr22	15166843	17353177	-0.654728363965343	1.27039015384616	1	-1	0.569918484685029
chr22	45435863	50801309	-1.25586708989553	0.837483638193469	1	-1	0.879586559321515
chrX	120872602	121050080	-2.54168450498094	0.343484164801778	0	-2	0.917286604507713
chrX	135421942	136816574	-0.669891756833893	1.25710768981929	1	-1	0.606303199091325
