Chromosome	Start	End	Segment	CNF	CN	Call	ProbCall
chr1	873350	10171392	0.700830293819576	3.25087998001014	3	1	0.719991026775156
chr1	16563952	16872074	-1.096882871631	0.935051108850111	1	-1	0.892383500656642
chr1	21290344	21609694	0.799527972946776	3.48106311791631	3	1	0.723008240317462
chr1	25246375	25390915	-1.7718248840909	0.585676176312829	1	-1	0.576449477135359
chr1	39511199	70862453	0.575371472436295	2.98012216443468	3	1	0.619108531456242
chr1	109681834	109700399	-1.63937836591447	0.641989512147385	1	-1	0.710721499716397
chr1	143219147	146328246	0.639127788899042	3.11477464791163	3	1	0.684284316247901
chr1	148595958	149479042	0.689892439062138	3.22632648734082	3	1	0.715538101187199
chr1	152600663	152614198	-6.23639911283953	0.0265269181751475	0	2	0.574673774880394
chr1	248558762	248650963	-1.15133519439303	0.900416753571404	1	-1	0.891178626119804
chr2	55640544	55672984	-0.870446157486186	1.09395534018788	1	-1	0.833335642450822
chr2	95848829	95978191	-0.662143232980924	1.26387761251188	1	-1	0.5694206532494
chr2	97127083	97191307	-0.860764354255519	1.10132147015462	1	-1	0.826820112628036
chr2	97511107	97576429	-1.5630890675007	0.676851351540914	1	-1	0.766785878848687
chr2	122465581	125414559	-2.1467460742151	0.451642740789917	0	2	0.450775028107492
chr3	5178161	5184814	8.43680121313064	693.043074889666	693	2	0.999999999984355
chr3	10092142	20334235	0.765556217781377	3.40005060207718	3	1	0.729840076269553
chr3	155922139	156121046	1.55605847455606	5.88098770582392	6	2	0.989563787297865
chr3	169566162	198228341	0.841492550351982	3.58380601833215	4	1	0.701224487429248
chr4	9175859	9350088	-0.881526594631793	1.08558553704247	1	-1	0.840216981712074
chr4	49212214	49654578	-0.977795700416914	1.01550989671926	1	-1	0.878844001084144
chr4	68537635	68668276	1.23663546767893	4.7129666340596	5	2	0.946662926062763
chr5	80331635	80360170	2.30427786761558	9.87840328356751	10	2	0.997595109087681
chr5	112827227	112836688	5.32465726771755	80.1514807104539	80	2	0.999998957035133
chr5	180948273	181002863	-3.24287675766468	0.211264642630722	0	-2	0.601576296976856
chr6	29791232	29943037	1.87314529137206	7.32660730439475	7	2	0.994324262331615
chr6	31166958	31354627	1.62628057644949	6.17432137028288	6	2	0.990924808825946
chr6	31355052	31356634	-2.10852147295225	0.463769075122394	0	2	0.438986080025672
chr6	32255707	32370597	-1.20642745150457	0.866680739402345	1	-1	0.886551629603011
chr6	32517622	32762016	1.24433575979787	4.73818904237698	5	2	0.950991902113426
chr6	32763305	32829633	-1.27831450600048	0.82455377716022	1	-1	0.875805423984987
chr6	33092941	33175658	0.784400051853039	3.44475183274899	3	1	0.727150781626544
chr6	110888893	110893664	1.4047859662309	5.29556994894116	5	2	0.984345444023751
chr6	137871517	137881396	1.18483245630087	4.54673983827889	5	2	0.901968893959565
chr7	6796504	6822434	0.646110565092672	3.12988698566507	3	1	0.689635846456096
chr7	50151414	50400774	7.10270891495237	274.889676084092	275	2	0.99999999730219
chr7	63496149	74812826	0.819285633370412	3.52906409678844	4	1	0.714739098299628
chr7	74819482	91767044	0.695582759117474	3.23907698773145	3	1	0.717954277019277
chr7	92813890	92834147	7.7360366730624	426.392033366	426	2	0.999999999748349
chr7	100733980	100738579	-2.73286783764105	0.300853315798	0	-2	0.55947854536268
chr7	101539662	103175566	0.543086552494616	2.91417305433561	3	1	0.574584204264597
chr7	129948846	142065587	0.725899044637551	3.30786199166397	3	1	0.727186337763446
chr7	142065627	142094610	-4.22817289758514	0.106714424505211	0	-2	0.622814519577062
chr7	142094659	152236148	0.726503878074322	3.30924906580311	3	1	0.727307944338214
chr7	152238663	159294947	0.740678433296653	3.34192286127362	3	1	0.729448125533501
chr8	39284724	39648558	1.87729646449	7.34771905197128	7	2	0.994369328423827
chr8	51407958	60853656	0.879524177984601	3.67953683705622	4	1	0.666225156087186
chr8	60854325	94866268	0.805621488133174	3.49579718846592	3	1	0.720813996669987
chr8	94867099	134521041	0.951279441953712	3.867173365555	4	1	0.550929571601474
chr8	134532837	142226736	0.560236010437425	2.94902082535022	3	1	0.599200300870873
chr9	21968066	21974385	2.32194192733949	10.0000958797116	10	2	0.997681358712572
chr9	36840509	37486196	6.73273621193924	212.708844486676	213	2	0.999999989850962
chr10	37149615	37199805	-0.791849045232319	1.15520665197457	1	-1	0.765107220233616
chr10	87864277	87964934	6.67506061038333	204.372972827178	204	2	0.999999987572831
chr10	119108072	119136675	1.83869803082363	7.15374171442634	7	2	0.993937324694608
chr10	133675951	133778707	0.964684509568086	3.9032733768584	4	1	0.521665993703618
chr11	4786837	4890637	-0.681126645397132	1.24735606932744	1	-1	0.603705873750902
chr11	21925359	31265615	0.621587676535922	3.07713486688622	3	1	0.669316086943596
chr11	31290619	44360263	0.979294356745141	3.94300176638796	4	1	0.487224467221926
chr11	66468094	89420293	0.738453341282278	3.33677253205672	3	1	0.729202741753725
chr11	89420967	90222867	0.695567707449422	3.23904319454862	3	1	0.717948170926365
chr11	90222908	107334964	1.0154984725427	4.04320253110082	4	2	0.484709215083786
chr11	124015527	124093942	-0.76280345193012	1.17869997911674	1	-1	0.730181599345119
chr11	127749664	135036987	1.00938494932723	4.02610542246465	4	2	0.465909478392772
chr12	9480523	9601613	-2.52617925999691	0.347195640966091	0	-2	0.533429224851172
chr12	47904865	48253558	1.19478973840512	4.57822935240683	5	2	0.913071341681086
chr12	64566693	64611410	6.90905733281501	240.360719076944	240	2	0.999999994572195
chr12	111403225	111439011	6.97420071167501	251.462718134246	251	2	0.999999995703785
chr13	18171403	18212094	-1.87072408502871	0.546872307897938	1	-1	0.449476016245048
chr13	27075271	27116660	1.51895160432596	5.73165432806019	6	2	0.988696274451519
chr13	40976205	41017372	6.57815316215882	191.09591947678	191	2	0.999999982578847
chr13	48304140	48479697	6.38718684968596	167.403612375955	167	2	0.99999996640592
chr13	52280200	52525388	-0.735354142054498	1.20134111704206	1	-1	0.692112799656852
chr13	52532562	52657490	2.74616879691359	13.4186608573572	13	2	0.999065340349152
chr13	57141246	57173577	1.59760255993606	6.0527994899811	6	2	0.990402964734651
chr14	35654227	35760891	0.878197898494365	3.67615576785073	4	1	0.667722920873353
chr14	105721775	106874939	-0.692579840291421	1.23749282436292	1	-1	0.623665822085772
chr15	19810202	22564583	-1.05448784751421	0.962936221952536	1	-1	0.890546515383392
chr15	92832588	92915320	6.10909328941256	138.054422021851	138	2	0.999999914437668
chr16	3290022	4208127	-2.02823624161977	0.490309207183356	0	2	0.404525438885401
chr17	7670087	7672818	3.48019672784896	22.3189418952452	22	2	0.99983145069193
chr17	12024637	12141397	6.80321752748586	223.35852781648	223	2	0.999999992087604
chr17	18355667	18842345	-0.857828928501056	1.10356459046475	1	-1	0.824748570545644
chr17	31095295	31373680	5.85940840101905	116.114827470745	116	2	0.999999806157015
chr17	36167487	36457734	-1.00363053417848	0.997486669188236	1	-1	0.884226015160226
chr17	45410005	46332613	-1.09040080772691	0.939261768436478	1	-1	0.892274529044268
chr17	67719737	67724269	-6.36010027659161	0.0243472007684066	0	2	0.597143605697177
chr17	78064682	83240389	0.888458170457923	3.70239332991427	4	1	0.655575481771053
chr18	743009	4535660	0.709740527806611	3.27101988048527	3	1	0.723029124994114
chr18	51047824	51078532	4.75783504125523	54.1104390135627	54	2	0.99999439603915
chr19	1208034	1226795	4.15809071440231	35.7059033750396	36	2	0.999970396092045
chr19	4839043	4929352	5.59591310577845	96.7314490547183	97	2	0.999999550590727
chr19	27278209	39336181	0.803875469938761	3.49156896746135	3	1	0.721474440850563
chr19	54633602	54729816	0.95212513667791	3.86944093199205	4	1	0.549153257746567
chr19	54735207	54851279	-1.85836380181762	0.551577762108692	1	-1	0.466136661503745
chr20	6200249	6214618	2.07446813698712	8.42378220907603	8	2	0.996169279120245
chr22	23786710	23831850	5.0239295310902	65.0704006281183	65	2	0.999997421396408
chr22	41160869	41168971	2.6233532089679	12.3236115565319	12	2	0.998776599647866
chrX	2789563	58510623	1.18642558597997	4.55176345510306	5	2	0.903839134227311
chrX	62510624	156027976	1.87221884938497	7.32190395579064	7	2	0.994314159676239
