Chromosome	Start	End	Segment	CNF	CN	Call	ProbCall
chr2	88016353	92125200	2.16043397129445	8.94098620221866	9	2	0.999999887666565
chr2	107902996	143897361	-0.681351082428156	1.24716203586216	1	-1	0.727838068171114
chr6	24365650	27893843	0.677116747577397	3.19788209396469	3	1	0.906853394371643
chr7	142554835	142789040	-1.96737791921295	0.511434745126891	1	-1	0.763018736488285
chr7	142791693	159323577	0.616610871358493	3.0665380906461	3	1	0.889592896112916
chr8	45954792	145066685	0.423612235016855	2.68256333830105	3	1	0.509601401150729
chr11	127407850	135075899	0.654047935947169	3.14715434912542	3	1	0.903499308909666
chr14	20801227	22503814	1.80581250753639	6.99252015720183	7	2	0.999996115811824
chr14	102539643	106154163	0.811219283419582	3.50938756615883	4	1	0.855985333429949
chr14	106163582	106879812	0.799650534412656	3.48135885770148	3	1	0.865949831724274
chr17	40993429	41397592	4.17542121504052	36.1374102371995	36	2	1
chr19	51394487	53758318	-1.19107527778004	0.875952607910571	1	-1	0.876655832399145
chr21	5011798	8227646	-0.564206352077188	1.35265474381218	1	-1	0.463960416594809
chr21	30165563	30747233	2.42596995667291	10.7478035863688	11	2	0.999999993865872
chr22	22409765	22923034	2.20521525585949	9.22286676027635	9	2	0.999999930146668
chrX	62486334	101691685	0.451491267592288	2.73490603758496	3	1	0.604070297428596
chrX	101720339	156027877	1.1054362749906	4.30327868852459	4	2	0.890687694673258
