Chromosome	Start	End	Segment	CNF	CN	Call	ProbCall
chr2	87301657	92115200	1.74119012452273	6.686216751557	7	2	1
chr6	95123	28047367	0.554333948151361	2.9369810317206	3	1	0.93466237646631
chr8	110810095	145066685	0.619606322685794	3.07291172331488	3	1	0.950849706380073
chr14	102539643	106879812	1.99748144672761	7.98604635837708	8	2	1
chr15	19810202	22258848	0.55402564494798	2.93635346741131	3	1	0.934407242628421
chr17	40993429	41315695	4.462596758725	44.0966379174111	44	2	1
chr21	5011798	8227646	-0.849704880696845	1.10979647005059	1	-1	0.859165475093046
chr21	30020234	30747233	2.71409636048709	13.1236431042443	13	2	1
chr22	15186843	17115694	-1.11688787484612	0.922174785845837	1	-1	0.89907219269993
chr22	17116298	27205126	0.455349500001952	2.74222984822863	3	1	0.522433423822501
