Chromosome	Start	End	Segment	CNF	CN	Call	ProbCall
chr1	827386	6485439	0.430216187590505	2.69487094939981	3	1	0.632121819840384
chr1	72255521	72362730	1.13688843312417	4.39812446717819	4	2	0.973833940038815
chr1	101690731	103188478	0.564531052172454	2.95781342537017	3	1	0.89501898082155
chr1	121679147	121969146	-1.47030696842471	0.721810998592257	1	-1	0.763170173971283
chr1	143189147	143269146	-1.87509109467446	0.545219438990777	1	2	0.641506918832203
chr1	143269147	145623805	0.436176879160648	2.70602820972887	3	1	0.652364066743327
chr1	146082814	146098060	0.99483103168212	3.98569421981354	4	2	0.693530694333617
chr1	151986486	153509315	0.516169964826486	2.86030692746507	3	1	0.841406117262155
chr1	158595404	159016104	0.786369603053883	3.44945778110609	3	1	0.894806226167466
chr1	185909218	186360933	0.511524561962536	2.85111170020823	3	1	0.834300874073763
chr2	10202	23703448	0.763489492887454	3.39518336527363	3	1	0.910265676960824
chr2	23703609	48765865	0.398320210917499	2.63594489519946	3	1	0.511889115517576
chr2	48765866	52238648	0.771537534501717	3.41417624521073	3	1	0.905429962361227
chr2	89176933	92135093	0.50819642034827	2.84454207412544	3	1	0.828960244036653
chr2	97515790	97540454	-1.65763520181753	0.633916532147057	1	-1	0.439204176869335
chr2	158025531	160981321	1.65483656429512	6.29775033150708	6	2	0.995532096321035
chr2	160981322	165045470	0.630703045787127	3.09663865546219	3	1	0.927339428283209
chr2	165045471	174436469	1.54950959355571	5.85435241153721	6	2	0.994583129140617
chr2	178534269	178872328	0.778021433197686	3.42955509686525	3	1	0.901073721772205
chr2	181040175	181719139	1.33078752614801	5.03079891859404	5	2	0.991978186273585
chr2	181719140	185853413	0.500582059405454	2.82956849191898	3	1	0.815920714151317
chr2	195754251	195853562	1.35026661746529	5.09918477778528	5	2	0.99226265954392
chr2	196843880	197023962	0.892292038988184	3.712245284802	4	1	0.711258915990493
chr2	203835268	214487013	0.495559194109682	2.81973423826117	3	1	0.806666548360791
chr3	5178161	5184814	8.55680041243343	753.153652713702	753	2	0.999999999993208
chr3	98055234	98660477	0.712376265513157	3.27700134613137	3	1	0.929065679191661
chr3	156019674	156047434	8.27084975413558	617.73735083663	618	2	0.999999999978769
chr4	4104550	4157180	1.70034144424343	6.49955724629191	6	2	0.995893467205773
chr4	9160776	9224983	1.05379847418107	4.15197706422161	4	2	0.881352817355896
chr4	9225078	9272867	-1.34563426635557	0.786961920616286	1	-1	0.864209018971693
chr4	9325132	9341331	1.70034144424343	6.49955724629191	6	2	0.995893467205773
chr4	9344115	17705950	-0.726095343104878	1.20907576923922	1	-1	0.871202538684047
chr4	34783187	34833186	-6.10337569455873	0.0290891369838739	0	2	0.625063779639724
chr4	54723519	54727332	3.20088424092569	18.3904418956789	18	2	0.999824898565621
chr4	68471414	68669987	0.727670619622317	3.31192641614097	3	1	0.925319865078683
chr4	190037393	190196187	0.890462995441154	3.70754189577639	4	1	0.716723650075541
chr5	13917136	17486136	-0.66925452779074	1.25766306877769	1	-1	0.81142065700773
chr5	17491204	17675659	0.660482448730586	3.16122220864034	3	1	0.932096377785027
chr5	17675660	46426302	-0.643499964777132	1.28031609195402	1	-1	0.769164932312846
chr5	50116303	80321501	-0.775085359259772	1.16870809811253	1	-1	0.899175475482938
chr5	80331635	80360170	1.51998657630798	5.73576762282443	6	2	0.994286413250714
chr5	80360371	112827226	-0.671039734583512	1.25610778505385	1	-1	0.81393980388479
chr5	112827227	112836688	5.79082108853092	110.723764470129	111	2	0.999999858736789
chr5	112836944	139317807	-0.771604790524807	1.1715310645331	1	-1	0.897658070090764
chr5	139318764	140725958	-0.78749321896851	1.15869975563132	1	-1	0.904132815904574
chr5	141433404	171391965	-0.70781924850669	1.22448979591837	1	-1	0.856028899785853
chr5	171392780	171410525	0.432418444631078	2.69898777960943	3	1	0.639695624213795
chr5	171420163	175015702	-0.778077313178775	1.16628686748643	1	-1	0.90043377035692
chr5	175015703	178782448	-0.714912574931242	1.2184840996735	1	-1	0.86230085447698
chr5	178782649	181472427	-0.646055210245425	1.27805045277685	1	-1	0.773882288956987
chr6	60202	29097474	-0.768325876309667	1.17419671341493	1	-1	0.896173700798533
chr6	29807500	29985606	2.49977582124155	11.3119506111379	11	2	0.999163659965809
chr6	29985607	31166373	-0.738498162598063	1.19872592225826	1	-1	0.879821878519853
chr6	31282276	31356454	-1.15096967743488	0.900644909404172	1	-1	0.923856829780903
chr6	31356512	31377419	2.79159214978461	13.8478696989997	14	2	0.999555410604264
chr6	31377420	32214180	-0.763317381688236	1.17828016682476	1	-1	0.893798535678147
chr6	32214181	32442692	-1.22732371271058	0.854218049466601	1	-1	0.90917137383078
chr6	32442878	32805175	6.16843595233998	143.851449927767	144	2	0.999999958093223
chr6	33177021	58451655	-0.700166565713815	1.23100228031976	1	-1	0.848661943056224
chr6	105833154	105863230	7.32995380126935	321.785119342214	322	2	0.999999999247408
chr6	110888893	110892531	3.34115380366105	20.2683087198873	20	2	0.999874308148483
chr6	123503596	123530640	0.649346316800571	3.13691473765151	3	1	0.930895508055824
chr6	137871517	137881396	1.77189237309781	6.83003216695563	7	2	0.996408428178352
chr7	50319018	50410974	7.40706275573993	339.451760115272	339	2	0.999999999432289
chr7	56126540	58110236	0.569110257130311	2.96721662682395	3	1	0.898508846266989
chr7	61090237	61520236	-1.54440840237052	0.685672514619884	1	-1	0.660793852688616
chr7	63020237	65023193	0.509203093987395	2.84652761141366	3	1	0.830598117299714
chr7	73251443	73269146	-0.953846232029971	1.03250857834258	1	-1	0.932476207628062
chr7	92813890	92844347	7.99464452987742	510.102913237668	510	2	0.999999999937708
chr7	99649912	99861962	0.55515843006578	2.93865995881994	3	1	0.887133826254351
chr7	102480350	102668659	0.957180786370503	3.88302443645321	4	2	0.529129836650202
chr7	116771415	116775151	2.43386749219239	10.8068000540705	11	2	0.99903897917077
chr8	7228788	7393314	1.26560358791097	4.80855555800205	5	2	0.990728308652365
chr8	7393315	7541818	-0.920999584282174	1.05628592972445	1	-1	0.9303775114379
chr8	7546985	7774055	0.674136248560016	3.19128233068249	3	1	0.932673249381772
chr8	7779222	7973239	-0.997884763555281	1.00146724553086	1	-1	0.933618814200617
chr8	8131458	25435599	-0.68020737326742	1.24815112651971	1	-1	0.826120177842853
chr8	25436108	25468492	0.645521095189953	3.12860840824048	3	1	0.930327281936764
chr8	25469873	30921171	-0.802505252206563	1.14670536146147	1	-1	0.909295420405913
chr8	30921372	34773924	-0.674609084921957	1.25300390867975	1	-1	0.818830237216859
chr8	34773925	36153538	1.72669516723744	6.61937574667391	7	2	0.996090446364774
chr8	36153539	36383538	-0.798077001886004	1.1502304997234	1	-1	0.907859227136957
chr8	36383539	36966180	0.515571957060524	2.85912155477599	3	1	0.840513780126279
chr8	36966181	39375131	-0.851708856248253	1.10825597741847	1	-1	0.921399086775843
chr8	39375698	39522152	1.70034144424343	6.49955724629191	6	2	0.995893467205773
chr8	39522153	42253481	-0.722346834572238	1.21222135703654	1	-1	0.868345736425155
chr8	45937108	60773394	0.521236903110769	2.87037037037037	3	1	0.848709730199093
chr8	60780950	60853656	5.3879721612957	83.7473805413255	84	2	0.9999995085145
chr8	60854325	65723663	0.647731332887316	3.13340517241379	3	1	0.930665483852634
chr8	65724196	68988524	1.27265733568218	4.83212352670353	5	2	0.990905101744327
chr8	68988525	93734479	0.56985560833095	2.96875	3	1	0.899055501624851
chr8	93734566	102984912	0.395833594716383	2.63140551741719	3	1	0.501886896140263
chr8	102984913	114575977	0.641523210621726	3.11995065273793	3	1	0.929646025686235
chr8	114575978	131914679	0.415037499278842	2.66666666666666	3	1	0.577116685217994
chr8	131924025	141165449	0.575348992497893	2.98007572881325	3	1	0.902906616717991
chr8	141166136	145074357	0.746583007620815	3.35562850713861	3	1	0.918580382684079
chr9	12193	121605	0.728426901681859	3.31366303204966	3	1	0.925096969092166
chr9	21968066	21974385	1.87780043769429	7.35028626144702	7	2	0.997063580332909
chr9	36840509	37034074	6.75243674202989	215.633384185182	216	2	0.999999994143413
chr9	60526462	60666461	-1.20235365339941	0.869131480422796	1	-1	0.914909050675836
chr9	67867182	101848248	-0.725450048171165	1.20961669088949	1	-1	0.870719509577723
chr9	105521091	105526500	1.02422598308174	4.06773581151749	4	2	0.801971762408204
chr9	109085925	120083240	1.96319821717003	7.7985084392443	8	2	0.99751036184838
chr9	120083241	123697088	0.460677783697051	2.75237640963843	3	1	0.726526574470921
chr9	125843707	126696486	1.39650396084753	5.26525703344544	5	2	0.992878086946317
chr9	126696687	128446065	0.451676475571159	2.73525715748187	3	1	0.701016426933033
chr9	134288290	138331075	0.424963043318842	2.68507622264105	3	1	0.613621918428886
chr10	39001403	39631402	-0.730962806027466	1.20500338066261	1	-1	0.874732538533759
chr10	41701403	41771402	-1.55587609946937	0.680243843922444	1	-1	0.641611356825568
chr10	48025813	48180982	-0.753061422355418	1.18668627373038	1	-1	0.888496144312299
chr10	67559922	69300910	-0.564375603555239	1.35249606482625	1	-1	0.560054240201208
chr10	87864277	87964934	7.06668898964766	268.111443928208	268	2	0.999999998057185
chr10	94720342	95067776	0.446426328340064	2.72532130532837	3	1	0.685198719710645
chr10	133675951	133778707	1.70034144424343	6.49955724629191	6	2	0.995893467205773
chr11	60202	1102715	0.667624198945795	3.17690995380327	3	1	0.93251959948386
chr11	47422474	48124083	-0.619870989321944	1.30145823104255	1	-1	0.719541224028903
chr11	54778057	55178056	-0.86667390169072	1.09681947920077	1	-1	0.923980737133842
chr11	55178057	55459178	0.401819301032883	2.64234583418522	3	1	0.525854932210516
chr11	55467143	56812955	0.491152011173027	2.81113358303655	3	1	0.798100977841015
chr11	56971291	57028563	0.772802938777486	3.41717217182619	3	1	0.904613168481671
chr11	57917347	57938388	4.90120943682345	59.7641918450834	60	2	0.999997929235516
chr11	79792435	87081866	1.49142961530898	5.62334910975885	6	2	0.993985577115071
chr12	9111937	10071515	0.517057517274894	2.86206714248361	3	1	0.842718543982784
chr12	20430582	21239226	0.577208220146503	2.98391868295727	3	1	0.904141048750868
chr12	31114469	31159056	1.13932555480528	4.40556042752329	4	2	0.974813836565112
chr12	34439925	34709924	-0.828728572850173	1.12605042016807	1	-1	0.91652983425448
chr12	38316896	41080240	0.527396042852697	2.88265072277646	3	1	0.85699031326197
chr12	58697074	64316628	0.609392539541715	3.05123339658444	3	1	0.920658149070044
chr12	64318585	73303406	1.46633863434615	5.52639481476301	6	2	0.993709539534807
chr12	105107708	107233125	2.33319494839963	10.0784016211544	10	2	0.998814907955728
chr12	107233126	108026083	0.473931188332411	2.77777777777778	3	1	0.760400638943591
chr12	111403225	111448535	6.48466793036221	179.105760717223	179	2	0.999999985368065
chr12	119022286	121415324	0.626233910297857	3.08706082787807	3	1	0.926181756167245
chr12	121416043	125945030	1.63399910115075	6.20744296674451	6	2	0.995357222755704
chr13	18171403	18409024	1.08510475074372	4.24305903297252	4	2	0.934022222399152
chr13	40811080	40969255	-0.643780546060334	1.2800671150105	1	-1	0.769688891342954
chr13	40976205	41017372	6.6331839418539	198.525971029881	199	2	0.999999991170078
chr13	48304140	48479697	6.67289573061816	204.066524751658	204	2	0.999999992294616
chr13	52229215	52279999	0.55249836172309	2.93324659429545	3	1	0.884703375957813
chr13	52280200	52525388	-0.54408207696185	1.37165525096308	1	-1	0.490238475909448
chr13	52532562	52577286	1.98620523575209	7.92387013382473	8	2	0.997619606434487
chr13	57141246	57173577	1.45971157252896	5.50106737443707	6	2	0.993634738252295
chr14	19128101	19996793	0.831381794306897	3.55877764320521	4	1	0.844823299091526
chr14	35317124	35761049	0.499041565113563	2.82654872155629	3	1	0.813138945260686
chr14	104034936	104948845	0.492711185029736	2.81417332128993	3	1	0.801179817527105
chr14	104948929	104952018	-0.980337127079768	1.01372256675416	1	-1	0.93337822147084
chr14	106389724	106480942	-0.610376445321474	1.31005152487492	1	-1	0.696436704839855
chr14	106481279	106874939	0.566205954814798	2.9612493048917	3	1	0.896321992057085
chr15	20024960	22299296	-0.976853904418623	1.0161730412989	1	-1	0.933297272286725
chr15	41559290	42169944	0.392883641857467	2.62603044423734	3	1	0.489950184622089
chr15	84156828	84527015	0.71876308028381	3.29154079913086	3	1	0.927674038678426
chr15	92832588	92915320	6.55416193619162	187.944376160469	188	2	0.999999988437776
chr17	62040	3154905	-0.823485227503508	1.13015039510691	1	-1	0.915241145651486
chr17	3155106	6896445	-0.813634236559743	1.13789367909763	1	-1	0.912615649137629
chr17	6896646	7669912	-0.67133297012803	1.25585250031984	1	-1	0.814348883274848
chr17	7670087	7672818	2.92816707512315	15.2228552423331	15	2	0.999672290595885
chr17	7673076	10357945	-0.767418783246596	1.17493522056681	1	-1	0.895753360352676
chr17	10539939	12024635	-0.608809242675522	1.31147540983607	1	-1	0.69244613675719
chr17	12024637	12141397	6.67770672395419	204.748166705742	205	2	0.999999992420995
chr17	12141598	18278417	-0.665694651187206	1.2607702074642	1	-1	0.806247721893077
chr17	18280552	18950916	-0.959696591234941	1.02833006885652	1	-1	0.932733137630137
chr17	19232560	20350989	-0.850998279444443	1.10880196595755	1	-1	0.921265789591124
chr17	21873115	21983114	-4.22890657664259	0.106660168940871	0	-2	0.511274493200268
chr17	26941914	31094507	-0.76869934038097	1.17389279365457	1	-1	0.896345525479673
chr17	31095295	31373680	5.59201123001192	96.4701851376645	96	2	0.999999736953044
chr17	31373685	38168843	-0.761414451880894	1.17983535608512	1	-1	0.892860509705649
chr17	38211309	40615648	-0.856547266864069	1.1045454109475	1	-1	0.922280066572489
chr17	41690703	45406143	-0.848798977901	1.11049355669043	1	-1	0.920846705749191
chr17	45410005	46332613	-1.86872386875288	0.547631041726341	1	2	0.638607099168097
chr17	46512641	63507463	-0.766890979061494	1.17536514453547	1	-1	0.895506808046749
chr17	63507664	64973572	-0.773371800113617	1.17009705432826	1	-1	0.898435768562437
chr17	64973773	79083125	-0.749578484194815	1.18955461937206	1	-1	0.886550723131065
chr17	79083410	83206056	-0.540433200718424	1.3751288436496	1	-1	0.477379162021268
chr17	83206057	83240389	0.730644120867062	3.31875958099132	3	1	0.924422102862475
chr18	14331895	15410430	0.549211547705973	2.92657154394939	3	1	0.881576254455066
chr18	28977251	31472452	0.462787099033682	2.75640350877193	3	1	0.732209989198484
chr18	51027323	51078532	5.1317779387948	70.1211590961428	70	2	0.999998942434295
chr19	242894	1208030	-0.600848675922308	1.31873192884285	1	-1	0.671409201714034
chr19	1208034	1226795	4.29369123222532	39.2247196894547	39	2	0.999988775168676
chr19	1229154	3600471	-0.679567313507739	1.24870499863402	1	-1	0.825309620339605
chr19	4885131	4921971	4.94564713166175	61.6336844095533	62	2	0.99999817839709
chr19	6107734	7819235	-0.701576904032903	1.22979947493249	1	-1	0.850068815089878
chr19	7819236	11638092	0.433880539325695	2.70172444667821	3	1	0.644662814175117
chr19	11638093	12527655	0.812071228896565	3.51146055437101	4	1	0.870061338628791
chr19	13912332	17517886	0.977846142578624	3.939045666356	4	2	0.621033837622464
chr19	17861952	18532708	-0.855513669014816	1.10533702995761	1	-1	0.922095716783012
chr19	19599293	20509319	-0.765419196383276	1.17656481923551	1	-1	0.894811543989106
chr19	20827503	22623672	0.723307863842343	3.3019261732603	3	1	0.926534562908724
chr19	22623673	24448208	-0.807165027302289	1.14300758134537	1	-1	0.910734219643636
chr19	27248209	28908208	-0.734210772487016	1.20229358535599	1	-1	0.876980348225151
chr19	29513390	33444036	3.33255778381664	20.1479029791947	20	2	0.999871705400303
chr19	33444037	43812657	-0.811294951071762	1.13974023524581	1	-1	0.911950375617313
chr19	44477340	48363994	-0.943037564091031	1.04027318011491	1	-1	0.931911599340261
chr19	54819797	54852447	-2.76136650482541	0.294968641954282	0	2	0.57266839924628
chr19	54853811	54875462	1.70034144424343	6.49955724629191	6	2	0.995893467205773
chr19	54885115	55072307	-0.739468302596603	1.19792011021035	1	-1	0.880445684508683
chr20	1588394	1611704	2.97242416359068	15.6970784489047	16	2	0.999703509325485
chr20	6200249	6214618	2.71489483807951	13.1309085588528	13	2	0.999473711094871
chr20	49640508	51922742	-0.824225434538043	1.12957069483666	1	-1	0.915427474757984
chr20	52591963	55340802	0.722890408954483	3.30097087378641	3	1	0.92664452500929
chr20	55340803	59865925	1.10517968974952	4.3025134127135	4	2	0.954730082603372
chr20	63566843	64327990	-0.530420396666465	1.38470591049457	1	-1	0.44193052667719
chr22	10510202	10630201	-0.825181845629465	1.12882211256894	1	-1	0.915666056383871
chr22	11319687	12062641	-0.675989186543979	1.25180584129987	1	-1	0.820669865351849
chr22	15156952	15206951	-1.62839307238692	0.646896551724138	1	-1	0.501849527433402
chr22	15935286	16272840	-1.00147212398234	0.998980121841815	1	-1	0.933634149560751
chr22	16312841	16574596	0.532011328146086	2.89188729631112	3	1	0.862786751765963
chr22	16579356	23783559	-0.66691495120092	1.25970423900551	1	-1	0.808043661999832
chr22	23786710	23831850	4.5424764500392	46.6070550066287	47	2	0.99999430241328
chr22	23831852	31439797	-0.745739208179139	1.19272445820433	1	-1	0.884314988139941
chr22	39836203	41162683	-0.986170952747379	1.00963165378654	1	-1	0.933488977819527
chr22	41162700	43207616	-0.907937129783669	1.06589318488289	1	-1	0.929205456940208
chr22	44466161	50799120	-1.44332713965118	0.735436589413526	1	-1	0.791682934092459
chrX	2794523	58550623	1.20611470845039	4.61430928864359	5	2	0.987956243603024
chrX	62650624	124364504	1.21531450072421	4.64382787980765	5	2	0.988629842185833
chrX	124365706	155705512	1.29878453736659	4.92043047103901	5	2	0.991448768742525
chrX	155705513	156027976	0.483546791789428	2.79635358098951	3	1	0.782301668403061
