Chromosome	Start	End	Segment	CNF	CN	Call	ProbCall
chr2	88446786	92135200	2.22349235693116	9.34045194105506	9	2	0.999950509095325
chr6	25726131	28944537	0.61436507621215	3.06176822681009	3	1	0.919870773610877
chr14	104117404	106879812	1.56052869996518	5.89923834861721	6	2	0.99968835500256
chr15	19810202	22258848	0.518737416047129	2.86540172344357	3	1	0.908023437917771
chr17	40360654	41397592	1.64789219047256	6.26750912048794	6	2	0.999754579849794
chr19	53632055	53766632	-4.22863771711001	0.10668004789976	0	-2	0.995303053838974
chr21	5011798	8227646	-0.864022166828705	1.09883733394909	1	-1	0.850493781889322
chr21	8249504	10800035	0.292960838415175	2.45030415003237	2	2	0.92751562045173
chr21	30098037	31038476	3.33365413821256	20.1632198942	20	2	0.999998024267541
chr22	10510202	12626642	0.44741138869004	2.72718276780298	3	1	0.800071652309347
chr22	15176843	17081456	-0.992127027999769	1.00547204559224	1	-1	0.943435016955792
