Chromosome	Start	End	Segment	CNF	CN	Call	ProbCall
chr1	65218842	65228136	1.05579063903084	4.15771433787407	4	2	0.883143434934955
chr1	72245521	72362730	1.45183854741124	5.4711289050878	5	2	0.99685040443495
chr1	120828970	120840630	-0.976910492653555	1.01613318373412	1	-1	0.938951475201793
chr1	121699147	121969146	-1.02838265286797	0.980518901803777	1	-1	0.939192968410174
chr1	143189147	143279146	-2.19525241775482	0.436710033326759	0	2	0.58754106240857
chr1	143279147	145306094	1.16826010151184	4.49480990219888	4	2	0.987064056584109
chr1	145306682	145310878	-1.28544131323705	0.820490586429934	1	-1	0.880834330659785
chr1	145350220	146098060	0.797999511536793	3.47737706300036	3	1	0.880399167199228
chr1	146098869	146108429	0.429546143783191	2.69361963689755	3	1	0.603803158866627
chr1	146109791	149513084	0.773763717891032	3.41944863429707	3	1	0.897444420003841
chr1	149554446	149823975	0.978060730676481	3.93963160805502	4	2	0.605568713652697
chr1	168769573	173658406	0.50908141525833	2.84628754178958	3	1	0.800307435414967
chr1	198319802	220598340	0.507445508012132	2.84306189579024	3	1	0.797537229954038
chr1	220599785	248937047	0.412400338787371	2.661796611483	3	1	0.544995137993456
chr2	10202	13955152	0.508468276014681	2.8450781387289	3	1	0.799274713032835
chr2	95819274	95940034	-0.880289662117679	1.08651669145476	1	-1	0.928111552516771
chr2	97127083	97191307	-0.764560376975867	1.17726542295867	1	-1	0.875979803859596
chr2	97504815	97580598	-1.43275243804383	0.740847015133861	1	-1	0.738159972080064
chr3	5178161	5184814	8.55747913211867	753.508059194291	754	2	0.999999999999996
chr3	86637106	90714686	0.539769548469986	2.90748056582134	3	1	0.844140243684079
chr3	93714064	103524220	0.709299049655626	3.27001907100112	3	1	0.91791300164256
chr3	103524421	149902239	0.675160309692734	3.19354838709677	3	1	0.918196712375782
chr3	149911855	160304054	0.703367882155124	3.25660305672503	3	1	0.918423681715457
chr3	160307551	198228341	0.73314619433804	3.32452031689023	3	1	0.913751233055483
chr4	4104550	4157180	4.97970656119629	63.1060562450847	63	2	0.999999935496447
chr4	6824280	9222080	0.405739236031821	2.64953509314411	3	1	0.520974905140045
chr4	58570577	63831897	-0.63351602222537	1.28920704544018	1	-1	0.641940163958088
chr4	68507034	68669987	0.880438332827694	3.68186909178294	4	1	0.750451565819215
chr4	91535511	121182836	-0.695091205423714	1.23534053793375	1	-1	0.789060411248054
chr4	190065242	190081914	-1.61716964743364	0.651948700056581	1	2	0.467160569074064
chr5	10202	17486136	-0.817406275597287	1.13492245300735	1	-1	0.908439766497629
chr5	28758586	34144737	-0.847325672844888	1.11162819111733	1	-1	0.919628419170427
chr5	34223814	42411576	-0.861565433281841	1.10071011390053	1	-1	0.923710721692735
chr5	50116303	72893353	-0.939896418210074	1.04254060988602	1	-1	0.936674765168987
chr5	72893474	72900985	1.45249563753969	5.47362135395101	5	2	0.996855140944266
chr5	72900990	80321501	-0.833347819466309	1.12245077769958	1	-1	0.914889297472367
chr5	80331635	80360170	1.64482799616038	6.25421144861855	6	2	0.997988635196198
chr5	80360371	112827226	-0.859822341951739	1.10204081632653	1	-1	0.923247637333225
chr5	112827227	112836688	5.01016650907919	64.4525935897162	64	2	0.999999942623952
chr5	112836944	139317162	-0.899515497055537	1.07213345864662	1	-1	0.931674128209428
chr5	139317502	139322101	1.2878513685054	4.88328293185437	5	2	0.995249109960672
chr5	139322402	171405504	-0.881667947329862	1.0854791785099	1	-1	0.928397040743222
chr5	171406265	171410525	1.1352702559996	4.39319414275938	4	2	0.976647812430186
chr6	12175382	29944684	0.478049607928886	2.78571874829078	3	1	0.739150902010428
chr6	29944935	31166373	0.395619037455664	2.63101420451799	3	1	0.483555121276437
chr6	31166958	31322275	0.802953401838277	3.48933811778966	3	1	0.876054543577109
chr6	31322276	31356634	-1.1646624515788	0.892137229007664	1	-1	0.92400753853371
chr6	31356689	31897840	0.445657464526466	2.72386927103503	3	1	0.654199733336292
chr6	32490365	32805175	2.20879219661943	9.24576181245612	9	2	0.999506358355957
chr6	32813105	58451655	0.457760282659658	2.74681601964094	3	1	0.688555768741292
chr6	60231656	64387388	0.506716250810619	2.84162514070551	3	1	0.796286989392319
chr6	110888893	110893664	1.21887557593723	4.65530462732594	5	2	0.993055005178832
chr6	123218812	123278415	-0.797264354740666	1.15087858876143	1	-1	0.898360234724659
chr6	137871517	137891596	1.61908609274722	6.14360768732047	6	2	0.997862708520143
chr7	35119633	35162006	-0.599944695236305	1.31955849420867	1	-1	0.531685587404173
chr7	50319018	50400774	7.35695273438099	327.863782841192	328	2	0.99999999999797
chr7	60880237	61310236	0.625011149803642	3.0844454887218	3	1	0.906886933260883
chr7	61310237	61520236	-2.48351330697452	0.357616868257601	0	2	0.544003121073808
chr7	61580237	63126517	0.408843264826915	2.6552418341792	3	1	0.532237638999708
chr7	63126718	74812826	0.504521819290075	2.83730613251838	3	1	0.792467216418598
chr7	74819482	92805028	0.484705387887138	2.79860017193662	3	1	0.753864275157301
chr7	92813890	92834147	8.10355677562853	550.102548186212	550	2	0.999999999999953
chr7	92834348	97739991	0.432893001158775	2.69987572398509	3	1	0.61468924703253
chr7	97740192	103197405	0.496468318054986	2.8215116726544	3	1	0.777689385566674
chr7	103198524	103257786	-0.64254927678942	1.28116005566333	1	-1	0.668321490101881
chr7	103258368	142065587	0.480579770831505	2.79060855953673	3	1	0.744851477508033
chr7	142065627	142094610	-0.935984112831372	1.04537161192674	1	-1	0.936315965820241
chr7	142094659	159334947	0.479811036267605	2.78912199047397	3	1	0.743133493305913
chr8	64084	7247261	-0.874469117916141	1.09090909090909	1	-1	0.926850327361935
chr8	7393315	17227435	-0.936050772095907	1.04532331198046	1	-1	0.936322284770282
chr8	17972444	30921171	-0.874469117916141	1.09090909090909	1	-1	0.926850327361935
chr8	30921372	38631470	-0.87106253132869	1.09348806095155	1	-1	0.926068938061826
chr8	39365132	39668206	5.33804514103256	80.8987295324242	81	2	0.999999984147241
chr8	60781266	60816090	7.357027834918	327.880850472499	328	2	0.999999999997971
chr8	86461106	86466884	0.475863457208106	2.78150067791294	3	1	0.734118242849704
chr9	4712984	36823679	0.472259852354772	2.77456163600095	3	1	0.725603825174414
chr9	36823880	37486196	6.74243036268885	214.142948695845	214	2	0.999999999962431
chr9	60526462	60686461	-2.92364457455231	0.263587785877045	0	-2	0.505969449501364
chr9	60746462	61442942	0.597384166750112	3.02594164744424	3	1	0.8937792157873
chr9	61886231	63333426	0.492215063311426	2.81320573463434	3	1	0.769388697699192
chr10	39571403	39631402	-5.09632542393959	0.0584632797587548	0	2	0.558878811052915
chr10	78801180	79525081	0.527456522751845	2.88277157026983	3	1	0.828313108728621
chr10	87864277	87964934	7.26739997879975	308.130990337751	308	2	0.999999999996862
chr11	1608345	1630553	1.13399491431344	4.38931227739638	4	2	0.976058604153467
chr11	55467143	55727206	0.718012040954466	3.28982773214297	3	1	0.916794205840958
chr11	57917347	57928388	5.64509582877643	100.085962154194	100	2	0.999999995446673
chr12	12211	21373777	0.487276168681278	2.80359152582732	3	1	0.759305496909836
chr12	21452099	31113087	0.494252212983913	2.81718091236874	3	1	0.773408063972176
chr12	31114469	34709924	0.506556722884879	2.84131094159249	3	1	0.796012226450528
chr12	64566693	64622708	6.8052110938544	223.667385773336	224	2	0.999999999971903
chr12	111403225	111439011	7.05405441564268	265.773677534646	266	2	0.999999999991267
chr13	19082754	19131386	0.679512786025586	3.20319757264559	3	1	0.918512952312338
chr13	27075650	27116660	1.8560647116586	7.24037646072061	7	2	0.998791617132999
chr13	40976205	41017372	6.90268105042228	239.300740407402	239	2	0.999999999982164
chr13	48304140	48479697	6.56243882186768	189.025730789136	189	2	0.999999999914423
chr13	52280200	52515388	-0.587630557920313	1.33086980357408	1	-1	0.487827461386949
chr13	52515389	52587486	0.592351164177276	3.01540370456635	3	1	0.890757713769204
chr13	57141246	57173577	2.47923049025507	11.1519994515483	11	2	0.999760621795865
chr14	18228380	19484470	-1.30691881350105	0.808366357689933	1	-1	0.868092443018034
chr14	22506493	22873037	-0.997935397141121	1.00143209812515	1	-1	0.93943428003552
chr14	35654227	35760891	0.453981444082663	2.73963072262407	3	1	0.678162174726765
chr14	65989548	75374485	-0.693279203603147	1.23689308060626	1	-1	0.785802381104963
chr14	105902538	106874939	-0.658398671028137	1.26716230893124	1	-1	0.710652355755328
chr15	19780202	28121596	-1.06342078496691	0.956992295454144	1	-1	0.937582259144034
chr15	28123973	46731335	-0.874469117916145	1.09090909090909	1	-1	0.926850327361936
chr15	92832588	92915320	6.10147736373118	137.327558835151	137	2	0.999999999339671
chr15	92924286	97808904	-0.801095931585918	1.14782608695652	1	-1	0.900465258400795
chr15	101849806	101978886	0.581007912332363	2.991787924874	3	1	0.883138539460568
chr16	11761	44541	0.779700605133642	3.43354912553249	3	1	0.893860426382566
chr16	1554744	4292990	-0.800023200672798	1.14867988237487	1	-1	0.899885404330889
chr16	5366805	8251014	-0.897576624281272	1.07357529338533	1	-1	0.931353818705427
chr16	18332449	18411910	0.42385214553156	2.68300946769573	3	1	0.58481367684244
chr16	32345055	32618359	-1.25605623508106	0.837373846719773	1	-1	0.895273645592611
chr16	34268687	36258209	-0.883408949185651	1.08417004430002	1	-1	0.928750666006289
chr16	46388210	70811438	-0.594686060168377	1.32437707211279	1	-1	0.513097348335398
chr16	71175514	90222476	-0.624490864907796	1.2972972972973	1	-1	0.61405046737944
chr17	3984559	4513317	0.979296864667696	3.94300862074829	4	2	0.611178629360249
chr17	6468225	7273693	1.12121967934541	4.35061598179782	4	2	0.969099565164857
chr17	7670087	7672818	3.77154214169838	27.3134971862542	27	2	0.999995174202086
chr17	10359889	10539934	0.448448347075124	2.729143675359	3	1	0.662396266691959
chr17	12024637	12141397	7.30709612484535	316.727016939374	317	2	0.999999999997412
chr17	19030573	19242559	1.23107785583324	4.69484606624541	5	2	0.993696987963562
chr17	21903115	21983114	-4.20250508611816	0.108630032085482	0	-2	0.530498960881179
chr17	26941914	30215728	-0.877654152698807	1.08850334977418	1	-1	0.927551765712048
chr17	31095295	31373680	6.19693176792719	146.72102045771	147	2	0.999999999564152
chr17	36106225	38578771	1.05371035273407	4.15172346450543	4	2	0.878406306542499
chr17	38578972	39178135	0.535734821535368	2.8993606919418	3	1	0.839195190397459
chr17	39183567	46335606	-0.862592044112444	1.0999271355596	1	-1	0.923978936378998
chr17	46337327	46694009	0.655958538352118	3.1513249768908	3	1	0.915572482950042
chr17	46694480	47070343	-0.944535054302059	1.03919395640052	1	-1	0.937068966821161
chr17	47070344	49724541	0.465061513520822	2.76075241703421	3	1	0.707772515996747
chr17	49732511	51286579	1.01849667671264	4.05161383867864	4	2	0.774048293463675
chr17	51287973	53657637	0.681702078962845	3.20806212214405	3	1	0.918633442828268
chr17	53657638	56414966	-0.929644887195069	1.04997509840003	1	-1	0.935681679081437
chr17	56414967	57841388	0.693530335212488	3.23447224986658	3	1	0.918836765356701
chr17	58965650	59784138	-0.821684447637382	1.13156193579438	1	-1	0.910290891214248
chr17	59784139	64118813	1.04345781671131	4.12232376192465	4	2	0.852773573277072
chr17	66506574	67722640	0.736532054865947	3.33233179534644	3	1	0.912867919839924
chr17	67724078	68860888	0.49034197799569	2.80955565266604	3	1	0.765621436420286
chr17	68868135	69915996	-0.897446986827177	1.07367176687215	1	-1	0.93133210688999
chr17	69915997	70095996	0.789905077001541	3.45792140170288	3	1	0.886831150703858
chr17	70096829	71701585	-0.929610672108602	1.05	1	-1	0.935678073669639
chr17	71701586	75426453	0.844019091645599	3.59008771113535	4	1	0.825263095619951
chr17	75426454	77425424	-0.823121191894115	1.13043560222741	1	-1	0.910891984468159
chr17	77428913	81058110	0.960294674003556	3.89141453945371	4	2	0.524384694651484
chr17	82966065	83240389	1.09327701110026	4.26716238022971	4	2	0.945007356630339
chr18	20920431	28357250	0.451899222142475	2.73567950328127	3	1	0.672305140000113
chr18	29427251	41347020	-0.875663451065531	1.09000635700037	1	-1	0.927116602250453
chr18	41347021	46957243	0.474822366422596	2.77949419002051	3	1	0.73168645310221
chr18	46962822	47029808	-0.94578789859325	1.03829190639484	1	-1	0.93716975291948
chr18	47032850	50880151	0.457120364689139	2.7455979194105	3	1	0.686817133821431
chr18	50880152	51088732	2.10600421029414	8.60994612510023	9	2	0.999355548374503
chr18	66722459	80257594	-0.863732081579903	1.09905830133374	1	-1	0.924272909974817
chr19	1208034	1226795	4.63667987056136	49.7519052820841	50	2	0.999999765565606
chr19	4885131	4921971	5.25237216987911	76.2345019232508	76	2	0.999999977712857
chr19	13938146	20741802	0.968737256126538	3.91425367210814	4	2	0.56297500219102
chr19	27248209	28238208	0.415037499278844	2.66666666666667	3	1	0.55434177238614
chr19	28238209	33391442	2.88717423813443	14.7963993425922	15	2	0.999924423450158
chr19	37263428	40757659	1.77943498118758	6.86583402142964	7	2	0.998542918778437
chr19	40759352	41596681	-0.68885106512229	1.24069537279072	1	-1	0.777584775559005
chr19	42685003	54360208	-0.627804259897839	1.29432125180645	1	-1	0.624459906591988
chr19	54360907	54632179	-0.620733063791272	1.30068078415311	1	-1	0.602017075273379
chr19	54885115	55384241	-0.693985358945338	1.23628780720759	1	-1	0.787079219540386
chr20	1588394	1611704	3.69259889726811	25.8590773781134	26	2	0.999993743883935
chr20	30090650	64327990	0.48405771673036	2.7973440743139	3	1	0.752472364474734
chr21	5011785	5163737	0.674424500293853	3.1919200153925	3	1	0.918133156921352
chr21	5223938	5913937	-0.637036941411154	1.28606455225228	1	-1	0.652411298231871
chr21	5973208	6151891	0.760957951886516	3.38923095740796	3	1	0.904035244702403
chr21	6211892	6371891	-0.777747119698262	1.16655382923647	1	-1	0.886041955617169
chr21	6431892	6574148	0.833919570331646	3.56504322832137	4	1	0.840547708838648
chr21	6634149	10072871	-0.61165518601659	1.30889086794407	1	-1	0.572023449255029
chr21	38054522	44107505	0.756773665093977	3.37941532188774	3	1	0.905877284320171
chr21	44108908	44124717	0.450453877143085	2.732940171262	3	1	0.668185533277613
chr21	44125924	46691137	0.611415164624212	3.05551415530258	3	1	0.901134320533962
chr22	10510202	12896951	-0.87721463725467	1.08883501163009	1	-1	0.927456611125127
chr22	15156952	18199821	-1.22475604594793	0.8557397156662	1	-1	0.907501339948752
chr22	19420996	20074850	1.15093133181715	4.44114394365675	4	2	0.982612140085116
chr22	22871510	23787288	-1.61810920141972	0.651524257213583	1	2	0.468639795925658
chr22	23787345	23831850	3.80087671670842	27.8745520696885	28	2	0.999995621010064
chr22	23831852	23942860	-1.39174716682432	0.76220598052344	1	-1	0.79315497602043
chr22	23943061	24322931	-1.45968855198915	0.727143216893907	1	-1	0.69378249252477
chr22	24806361	25878048	-0.648438907387978	1.27594053368133	1	-1	0.684650907602177
chr22	25878249	27350532	0.605734569918281	3.04350675936125	3	1	0.898338996371207
chr22	27350533	28108460	-1.70498242303357	0.613449962502813	1	2	0.578698899065832
chr22	28108661	40886530	1.50483712504436	5.67585260577818	6	2	0.997211340696885
chr22	40888491	41162683	-0.774762843009275	1.16896939345041	1	-1	0.883898254676758
chr22	41162700	41695105	-0.816673378786933	1.1354991461633	1	-1	0.908113216021699
chr22	41699429	45370088	-0.852568284537764	1.10759597452715	1	-1	0.921212814477947
chr22	45371415	50799120	-1.45344698981743	0.730295886838363	1	-1	0.704677322436958
chrX	10202	2782139	-0.78380931570391	1.16166226133157	1	-1	0.890173209422009
chrX	3818758	3930481	1.72994346981	6.63429640486498	7	2	0.998358007967606
chrX	44877054	45131738	7.03391163734431	262.08875352075	262	2	0.999999999990391
chrX	64096389	64189402	1.16748683201251	4.49240137648745	4	2	0.986902815259103
chrX	65820241	65957238	1.20645087746742	4.6153846153846	5	2	0.992183350481166
chrX	77523223	77717095	7.17626568557598	289.26855349272	289	2	0.999999999995129
chrX	97848494	97898939	1	4	4	2	0.701848797078496
chrX	103876043	103962034	0.853494750126468	3.61374510656807	4	1	0.808944926949645
chrX	120116460	120141344	6.21602200106645	148.675384965432	149	2	0.999999999599095
chrX	135160357	135215179	1.82676468968302	7.09481314959184	7	2	0.998701574329486
chrX	147634849	147714848	-0.837819421378769	1.11897715191285	1	-1	0.91649138735606
chrX	150115861	150146900	3.8999329050177	29.8556672083975	30	2	0.999996854609479
chrX	154144167	154289775	1.33490297417877	5.04517032019556	5	2	0.995855949271008
chrX	155715513	155997841	-0.75857184394285	1.18216233129932	1	-1	0.870875240948498
chrX	156001522	156027976	0.563854188331693	2.95642604458077	3	1	0.869259394776291
