Chromosome	Start	End	Segment	CNF	CN	Call	ProbCall
chr1	247840927	248937043	-0.947257611631984	1.03723470851937	1	-1	0.99972458035345
chr2	85442494	92135200	-1.858723313148	0.55144032921811	1	-1	1
chr3	93713976	198228376	0.47987331318657	2.78924239129905	3	1	0.643335478453416
chr6	28170844	34715940	-1.46298863780308	0.725481817553429	1	-1	0.999999999858158
chr7	138175044	144451817	-1.39262638080392	0.761741614891542	1	-1	0.999999998606954
chr19	27263626	40444705	0.537689379530322	2.903291397315	3	1	0.816786482638841
chr22	15176843	24703503	-0.738710418430747	1.19854957324093	1	-1	0.978786894704565
chrX	253742	58536333	-0.532887881390085	1.38233963046172	1	-1	0.590174404998065
chrX	62486334	156027877	-0.518566785581375	1.39612993296975	1	-1	0.538560393624679
