Chromosome	Start	End	Segment	CNF	CN	Call	ProbCall
chr1	12848210	15835889	-0.496896415942214	1.41725915064161	1	-1	0.534718780119958
chr1	25243523	25390915	-1.7587954887935	0.59098954405975	1	-1	0.640223921286532
chr1	67415046	68647421	0.580102968135747	2.98991188586412	3	1	0.949178811515804
chr1	83937781	84791669	0.482431897693546	2.79419343370523	3	1	0.857571402246318
chr1	121599147	121959146	-1.18743696102059	0.878164450999427	1	-1	0.910654723203715
chr1	145305158	145332269	0.528007236394498	2.88387220805969	3	1	0.917336681595153
chr1	145332830	145352828	-0.71370758643363	1.21950224462034	1	-1	0.888456312687239
chr1	145353430	145359211	0.65546960514134	3.15025716537382	3	1	0.96274071657546
chr1	146070514	146087661	-0.962012219837617	1.02668084954649	1	-1	0.920706617609233
chr1	146088484	146098060	1.82718126640846	7.09686206546836	7	2	0.99982206796846
chr1	148537201	148575421	-0.523882649614309	1.39099511216563	1	-1	0.615487868926057
chr1	149536490	149553108	-1.02081564014649	0.985675286870606	1	-1	0.920501345889337
chr1	167338109	169131584	0.466468854904107	2.76344683039724	3	1	0.825313745484986
chr1	182858118	182883568	0.666224781837848	3.17382983882221	3	1	0.962770817710977
chr1	196774832	196832061	-4.44863776410031	0.0915917989010035	0	-2	0.51026332096573
chr1	196832262	197176697	0.399441672578939	2.63799471189968	3	1	0.599203493987729
chr1	199789352	202428965	0.413918833697254	2.66459973506918	3	1	0.660889413128444
chr2	46624108	48325945	0.463566154658564	2.75789236920149	3	1	0.818654365703215
chr2	95848829	95921757	-0.896195297311233	1.07460369414265	1	-1	0.918834422717909
chr2	97183406	97191307	-1.46322639120752	0.72536226937782	1	-1	0.849456284737206
chr2	97504815	97576429	-1.10264617477866	0.931323201590295	1	-1	0.917460279540148
chr2	171690075	171747887	0.466529944797239	2.76356384906097	3	1	0.825451143543566
chr2	180533657	192764747	-0.508437354062025	1.40596691539836	1	-1	0.570054624634329
chr3	5178161	5184814	8.36473875252792	659.275999857146	659	2	1
chr3	67400608	70175547	0.377770001702021	2.59866380595884	3	1	0.497427016129444
chr3	93734064	93906186	0.755443101112683	3.37630000278462	3	1	0.945253216243211
chr3	98149921	98660477	0.375649834064464	2.59484764502051	3	1	0.487099625588573
chr3	111365593	114339130	0.418396486420251	2.67288262666055	3	1	0.678634901013091
chr3	128971118	134915962	0.419793552923178	2.67547222689344	3	1	0.684033284012959
chr3	134925662	145940094	-0.528436812637934	1.38661107377795	1	-1	0.628355581789751
chr3	145940095	155919390	0.430631711313894	2.6956472354853	3	1	0.723605418652111
chr3	155922139	156121046	1.47155311841058	5.54640558514048	6	2	0.999428719551762
chr3	156142984	189269266	0.448567505306431	2.729369096085	3	1	0.779963147696847
chr3	189269267	198228341	-0.490695672132968	1.42336367960115	1	-1	0.515417198083707
chr4	7667021	9202770	0.489682284301365	2.8082712353761	3	1	0.869988277042862
chr4	9202855	9272867	-1.17190632427355	0.887668972690677	1	-1	0.912207443008966
chr4	9325132	9341331	1.98609986571147	7.92329141967914	8	2	0.999897084379972
chr4	9344115	9350088	-2.86827217780461	0.27390126272279	0	-2	0.558580678307531
chr4	9459599	9469954	-4.48084004902362	0.0895700331887516	0	-2	0.505109286335876
chr4	9483705	24241807	0.395131117972288	2.63012454592631	3	1	0.57970823226739
chr4	39976372	41943866	0.39678528770173	2.63314193175103	3	1	0.5872436535077
chr4	54723519	54727332	3.03048730578723	16.3417128952606	16	2	0.999998117625521
chr4	68497034	68669987	0.92439104128431	3.79576596033057	4	1	0.626759022417522
chr4	190066847	190092527	1.10670416414195	4.30706221754916	4	2	0.976974798287001
chr5	10202	1053514	0.529155937235159	2.88616931556017	3	1	0.91836895174515
chr5	17491204	17685659	2.46872977894905	11.0711238799302	11	2	0.999982331633518
chr5	34178929	34223813	1.62268823714756	6.15896631258958	6	2	0.999648566400616
chr5	57842971	60772167	-0.525513389144851	1.38942369954673	1	-1	0.620126285294402
chr5	62244274	69217974	-0.638596957481121	1.28467465557576	1	-1	0.837399340638812
chr5	72891729	72905396	0.63749512098437	3.11125171613896	3	1	0.961759851946415
chr5	72905398	80321501	-0.506148064277921	1.40819969548655	1	-1	0.563122423628814
chr5	80331635	80360170	2.3859340089279	10.4536438545916	10	2	0.999975840079498
chr5	103005017	103011255	0.560607679382951	2.94978065374476	3	1	0.94034811407096
chr5	103017293	112827226	-0.510473312071021	1.40398418816129	1	-1	0.576181957305415
chr5	112827227	112836688	6.23320261253545	150.456498711011	150	2	0.999999999999887
chr5	112836944	139317807	-0.481559908084471	1.43240562770775	1	-1	0.486769750325234
chr5	171392780	171410525	0.58400728392207	2.99801433993776	3	1	0.950607535192349
chr5	171420163	174995502	-0.542182369783138	1.37346260428264	1	-1	0.665433948245566
chr5	178767282	178968871	0.558438850745857	2.94534952852826	3	1	0.939169595512861
chr5	180948273	181002863	-2.30323845628398	0.405215578228473	0	2	0.494296665778883
chr6	70202	11104776	0.729641593827586	3.3164541800743	3	1	0.954170207729702
chr6	11104781	25798965	0.569291980740795	2.96759040455565	3	1	0.944654436793553
chr6	25800792	29725450	0.387406095072792	2.61607897691481	3	1	0.543725294902976
chr6	29725460	29943037	1.45983895286492	5.50155310338611	6	2	0.999407142687217
chr6	29943218	29975406	-2.70931584920087	0.305805053058675	0	-2	0.540934545729806
chr6	30953289	31647921	0.749625097263951	3.36271170387218	3	1	0.947623199177951
chr6	31648671	32254175	0.382160258529204	2.60658382913917	3	1	0.518673455783124
chr6	32255707	32394180	-0.716592941340574	1.21706570718409	1	-1	0.889614851032041
chr6	32394696	32763575	2.89813226394163	14.9092136587518	15	2	0.999996751007024
chr6	33007024	33086681	-0.570719439353603	1.34656190946948	1	-1	0.732657589200766
chr6	33162841	50318870	0.423746821523901	2.68281360163472	3	1	0.698944693165599
chr6	83990101	87233569	-0.474652012022754	1.43928070256029	1	-1	0.465071680192964
chr6	87243434	89059748	-0.564968015785649	1.35194080490988	1	-1	0.720240928221102
chr6	89080831	105853030	-0.51075141930489	1.40371356927361	1	-1	0.577016041553135
chr6	105853231	110887675	-0.477807835082352	1.43613578911883	1	-1	0.474980195975774
chr6	110888893	110893664	0.576772258438862	2.98301712184099	3	1	0.947876761155209
chr6	110893865	137871462	-0.508474921410943	1.40593030491555	1	-1	0.570168015685895
chr6	137871517	137881396	1.23287530978362	4.70069902094816	5	2	0.998433846770232
chr6	137881597	150804849	-0.5177096369628	1.39695966231305	1	-1	0.597637453917305
chr6	150808917	151092651	-1.49578971060416	0.709173380483395	1	-1	0.836094423724017
chr7	32620366	32838546	0.942026281299651	3.84244945234317	4	1	0.544380465928975
chr7	35104644	35162006	-1.05353459747083	0.96357268516216	1	-1	0.919674062286521
chr7	50319018	50400774	7.18200485040686	290.421580552629	290	2	1
chr7	65718587	74662693	-0.514893184841735	1.39968949284553	1	-1	0.58935013834256
chr7	74689010	74711184	0.467081103535073	2.76461982645526	3	1	0.826685679988079
chr7	74714858	77736554	-0.556766333124685	1.35964844026213	1	-1	0.701530171325859
chr7	92813890	92834147	7.76735193490185	435.748514205656	436	2	1
chr7	99649912	99861962	0.484372660094252	2.79795480707264	3	1	0.861023207783035
chr7	103210328	103254793	-0.717796830903949	1.21605052276094	1	-1	0.89008597686666
chr7	118360235	130097069	0.412278285514425	2.66157143066729	3	1	0.654221989560397
chr7	130116420	142400526	0.691021647937374	3.22885274725862	3	1	0.961278623596509
chr8	7254144	7362983	0.500566185689077	2.8295373588525	3	1	0.886323763444999
chr8	7372994	7985588	-1.09424586201465	0.936761791670989	1	-1	0.917923876739967
chr8	8015210	30921171	-0.555648259026561	1.3607025624971	1	-1	0.69888913392651
chr8	30921372	37338084	-0.588226415766306	1.33032024496931	1	-1	0.766861455055743
chr8	39375698	39648558	4.76300285623172	54.3046132207449	54	2	0.999999999472882
chr8	60780950	60816090	7.44339490249962	348.108903190618	348	2	1
chr8	94738368	94761889	0.821708383470239	3.53499551216578	4	1	0.895345271802633
chr8	106133745	115938132	0.457485539785912	2.74629297336186	3	1	0.803852243485496
chr8	115938133	127597184	0.722226012152458	3.29945104491994	3	1	0.956049541050324
chr8	127597185	145054157	1.07626176674925	4.21713079212397	4	2	0.949569716818806
chr9	12193	21967405	-0.562166059137849	1.35456905297685	1	-1	0.713980754117157
chr9	21968066	21974385	1.51964150391809	5.73439587183115	6	2	0.999509785631758
chr9	21974406	29879202	-0.540963802782445	1.37462318443409	1	-1	0.662261275825127
chr9	34837642	34895641	0.643820938451949	3.12492364357351	3	1	0.962241305316177
chr9	36840509	37034074	7.02760419038856	260.945405527619	261	2	0.999999999999999
chr9	105521091	105526500	1.37478960451061	5.18660177516864	5	2	0.999224772432761
chr9	133580537	137428147	0.484709266795729	2.79860769641584	3	1	0.861612181305266
chr10	10202	5160353	-0.481187105204551	1.43277581955662	1	-1	0.485598345384023
chr10	5160790	5642573	-0.621130752700966	1.3003222918725	1	-1	0.817210341677501
chr10	37149615	37197457	-1.3227591875052	0.799539277113073	1	-1	0.889975138372281
chr10	46131621	46868209	1.12488794661329	4.36169214710408	4	2	0.985752257003069
chr10	47461414	47997833	1.1840034093428	4.5441277977094	5	2	0.996630049890732
chr10	69693445	70529348	0.412699695079411	2.66234898618226	3	1	0.655942990174794
chr10	87864277	87964934	7.36908550751185	330.632677460972	331	2	1
chr10	94638310	95065033	0.626694117704885	3.0880457310187	3	1	0.960577397073955
chr10	116093686	133422061	-0.490526401776732	1.42353069162038	1	-1	0.514888176911018
chr10	133666043	133778707	1.98609986571147	7.92329141967914	8	2	0.999897084379972
chr11	32615924	32699330	-1.7743379133895	0.584656875483038	1	-1	0.622674708184869
chr11	55304391	56989541	0.47395957596136	2.7778324361071	3	1	0.84134032759556
chr11	65499035	67342075	0.443045164725647	2.71894160112921	3	1	0.763816000001286
chr11	67351951	68933999	0.778443533984534	3.43055865593706	3	1	0.933349114996252
chr11	68934465	100859581	0.436466431555721	2.70657137066115	3	1	0.743186753172625
chr11	100859586	102363013	0.791160637865118	3.46093210073627	3	1	0.924659543984005
chr11	102363598	111557694	0.49771978090596	2.82396024901424	3	1	0.882302581559063
chr11	122776974	123937605	0.413309346056417	2.66347427365237	3	1	0.658422580178258
chr11	123939543	124207711	0.439602634784387	2.71246145174532	3	1	0.753211757539648
chr11	124215141	135046987	0.459562108855837	2.75024874579867	3	1	0.809039318185708
chr12	9153091	9473785	0.380579254271279	2.60372892024157	3	1	0.511047190323416
chr12	9480523	9573460	-2.25484375793126	0.419038946270533	0	2	0.491379977749813
chr12	11022417	11133533	-0.93050358413345	1.04935033564056	1	-1	0.920110800203987
chr12	31114708	31616410	0.393393388528504	2.62695846211508	3	1	0.571723482416003
chr12	45348028	47667072	-0.557770518042717	1.35870238904648	1	-1	0.703883855649541
chr12	47667737	48865772	0.417075046216746	2.67043551388991	3	1	0.673467702053545
chr12	64566693	64622708	6.63507537824893	198.786417965582	199	2	0.999999999999991
chr12	111403225	111439011	6.90953096634169	240.439641913061	240	2	0.999999999999999
chr13	18171403	18409024	0.611333492354585	3.05534118478188	3	1	0.958046736302057
chr13	20086235	27075449	-0.564789753163328	1.35210786405695	1	-1	0.719846758106327
chr13	27089774	27116660	1.93435369998461	7.64413734504809	8	2	0.999876781063736
chr13	27117610	35070809	-0.546486599999645	1.36937103318492	1	-1	0.676451753355126
chr13	35142238	40959055	-0.556636490165827	1.35977081451039	1	-1	0.701224567413638
chr13	40976205	41017372	6.67538907709498	204.41950889954	204	2	0.999999999999993
chr13	41017573	42369504	-0.49360352001408	1.42049768463748	1	-1	0.52448904487244
chr13	42369705	48304121	-0.539184348806271	1.3763197230426	1	-1	0.657586795838283
chr13	48304140	48479697	6.44798597483687	174.609225392324	175	2	0.999999999999971
chr13	48479702	51367983	-0.605953486287895	1.31407399332682	1	-1	0.796133539726244
chr13	51368906	52279999	-0.472564256020809	1.44136502536864	1	-1	0.458525544072793
chr13	52280200	52577286	-0.668412396634431	1.2583974072199	1	-1	0.863474588355461
chr13	52577487	75299741	-0.486454160030293	1.42755451514646	1	-1	0.502136630914663
chr13	75302095	75310247	1.16025503044177	4.46993864974108	4	2	0.99423812610638
chr13	75312651	114346545	-0.504455730733622	1.40985253397128	1	-1	0.557970875066402
chr14	18248380	19464470	-0.628703328780859	1.29351489882951	1	-1	0.826466190767079
chr14	19464471	19976593	0.492024897152572	2.8128349416001	3	1	0.873728941858614
chr14	20002108	35651941	-0.508546570431644	1.40586048348737	1	-1	0.570384243129769
chr14	35654227	35760891	0.631646387109345	3.09866413026717	3	1	0.961177496408556
chr14	35760919	68007406	-0.5459782371474	1.36985364386004	1	-1	0.675165990568549
chr14	105228981	106005313	0.50220648804822	2.83275629021601	3	1	0.888564472213646
chr14	106675619	106874939	0.549637789118664	2.9274363214989	3	1	0.933924014603202
chr15	20837148	22573064	-0.59474698163232	1.3243211481065	1	-1	0.778239214233425
chr15	67894037	92826759	-0.555987409227034	1.36038272476623	1	-1	0.699692518255721
chr15	92832588	92915320	5.94679353650824	123.365359361806	123	2	0.999999999999349
chr15	92924286	101715028	-0.548910668581204	1.36707209818086	1	-1	0.682524636345792
chr16	31884406	31916172	0.982840099030426	3.95270448409293	4	2	0.660650983058689
chr16	70174267	70818610	-0.559733521373805	1.35685492749548	1	-1	0.708434540559532
chr16	70991293	74354001	-0.53577634005704	1.37957477970517	1	-1	0.648499584268723
chr16	74360587	74421281	0.582071955460797	2.99399529754698	3	1	0.949912191453806
chr16	74421482	78552537	-0.57833968879702	1.33946818170986	1	-1	0.748207979666365
chr16	78552738	90106388	-0.496117220888664	1.41802481459859	1	-1	0.532302834291556
chr17	62040	3154905	-0.563386759285255	1.35342340316886	1	-1	0.71672499500621
chr17	3155106	7669912	-0.526115914134183	1.38884354387646	1	-1	0.621831505383169
chr17	7670087	7673445	2.97645841987296	15.74103414189	16	2	0.999997644630679
chr17	7673480	10357945	-0.538139481958769	1.37731687884756	1	-1	0.654819361600192
chr17	10539939	12024635	-0.490385247412146	1.42366997774448	1	-1	0.514446955431222
chr17	12024637	12141397	6.83299097625718	228.015956360775	228	2	0.999999999999998
chr17	12141598	18440517	-0.511980183483453	1.40251851517142	1	-1	0.580692657470821
chr17	18441337	18877845	-0.695589982591694	1.23491352242555	1	-1	0.880135019580398
chr17	19222560	22751913	-0.568726980357817	1.34842288690941	1	-1	0.728422243396996
chr17	26951914	31094507	-0.576056249030019	1.34158991680571	1	-1	0.74365595146388
chr17	31095295	31373680	6.03533723764174	131.173932369313	131	2	0.99999999999962
chr17	31373685	37621515	-0.544760466280054	1.37101041785348	1	-1	0.672068954662161
chr17	37624320	38195978	-0.888379727066224	1.08044098525553	1	-1	0.918441180593942
chr17	38196291	42752902	-0.541109306441337	1.37448455318395	1	-1	0.662641331517365
chr17	62139867	64854618	0.412790291089823	2.66251617728155	3	1	0.656312227235053
chr17	64973773	83240389	0.457045548039176	2.74545553927721	3	1	0.802735313781345
chr18	10202	11096482	-0.546536388747864	1.36932377573188	1	-1	0.676577454174389
chr18	50895670	51078532	1.8292066290003	7.10683216497664	7	2	0.999823287139698
chr19	60571	1208030	-0.517139326047626	1.39751200276852	1	-1	0.595966219632107
chr19	1208034	1226795	4.49139825168557	44.9858148934977	45	2	0.999999997841602
chr19	4885131	4921971	5.91194647540801	120.421273999042	120	2	0.999999999999197
chr19	34685782	43802457	-0.511662684020391	1.40282720679772	1	-1	0.579744022955092
chr19	44328919	51719860	-0.531329787306623	1.38383334784837	1	-1	0.636386201437694
chr19	53678913	54360208	-0.619293124743302	1.30197962830908	1	-1	0.814841882416773
chr19	54360907	54635642	-0.482780637576681	1.43119411718237	1	-1	0.490604972125144
chr19	54818359	54855942	-2.08098231820722	0.472706851875137	0	2	0.443104290678397
chr19	54865686	54885596	1.98609986571147	7.92329141967914	8	2	0.999897084379972
chr19	54885621	58599432	-0.485431540773442	1.42856676112081	1	-1	0.498928499891602
chr20	87618	1578722	-0.576829884994204	1.3408706906734	1	-1	0.745208501008635
chr20	1588394	1611704	1.57516628754422	5.95939670335415	6	2	0.999589921887987
chr20	1619711	6179805	-0.562026699422339	1.35469990632438	1	-1	0.713665801895312
chr20	6200249	6214618	2.56657603666108	11.8480361020815	12	2	0.999987862437602
chr20	6215029	23879724	-0.547277856509697	1.36862019767562	1	-1	0.678444639541556
chr20	30090650	61743838	0.492281506335647	2.813335299231	3	1	0.874130950170734
chr20	61772899	64327990	0.746246312572279	3.35484546453941	3	1	0.948896879038466
chr21	35650336	38400731	0.504639636188461	2.83753784902721	3	1	0.891788103168173
chr22	10510202	11972641	-0.825312881986273	1.12871958915569	1	-1	0.913473227346051
chr22	18202302	18892950	0.955829883292849	3.8793901725506	4	2	0.522923710194536
chr22	23786710	23831850	5.41747530694604	85.4776480391963	85	2	0.99999999998547
chr22	23941098	23983664	0.847653095881018	3.59914218118064	4	1	0.857391387301077
chr22	41160869	41173780	0.856116730598945	3.62031876505085	4	1	0.841561834740142
chrX	2794523	3843428	0.412850036171586	2.66262644004395	3	1	0.656555581515094
chrX	3854827	3931802	5.90264544003061	119.647416881037	120	2	0.999999999999151
chrX	3932003	35604958	0.467164078100959	2.76477883422902	3	1	0.8268707433574
chrX	35626178	37447569	0.629558934086512	3.09418387745146	3	1	0.960936737638509
chrX	37453123	44876881	0.442848180539301	2.71857038481451	3	1	0.76322044519702
chrX	44877054	45111334	7.34044598723833	324.133873629335	324	2	1
chrX	45111353	51006859	0.426123929533589	2.68723767902527	3	1	0.707648425180812
chrX	51030594	51408681	0.584272381099823	2.99856527977045	3	1	0.950700848481926
chrX	51408882	58540623	0.40442674240105	2.64712577136352	3	1	0.621142370324683
chrX	62470624	65957238	0.612271928131021	3.05732925165058	3	1	0.958232092689269
chrX	65957439	75743055	0.602394658617975	3.03646903821193	3	1	0.956063805959554
chrX	75743364	77717095	6.15509506980449	142.527359001494	143	2	0.999999999999817
chrX	77717102	102514356	0.57219954879924	2.97357723577234	3	1	0.945957706719218
chrX	102514940	104024506	0.599481181240155	3.03034317182252	3	1	0.955328473916181
chrX	104039861	112162759	0.527721304480456	2.88330070169952	3	1	0.917076812169043
chrX	112162760	124364504	1.10835871205725	4.31200458480019	4	2	0.977956091805872
chrX	124365706	155695512	1.13502940082353	4.39246076862428	4	2	0.989084218818878
