Chromosome	Start	End	Segment	CNF	CN	Call	ProbCall
chr2	88931665	92135200	2.30078644689318	9.85452577589825	10	2	1
chr8	101397635	145066685	0.715746026529206	3.28466451649825	3	1	0.797120331915995
chr14	20801227	22503814	1.71458811544567	6.56405858642201	7	2	1
chr14	104117404	106879812	1.77211058789307	6.83106532139967	7	2	1
chr17	40993429	41397592	4.08519586645397	33.9466161488574	34	2	1
chr21	5011798	8227646	-0.710139764474941	1.22252183727702	1	-1	0.815152579275536
chr22	15176843	17081456	-1.11706011642507	0.922064695109132	1	-1	0.896266509050292
chr22	17084953	27205126	0.469023618337082	2.76834475225897	3	1	0.720910994896094
chrX	62486334	156027877	-0.604985294113303	1.31495616393715	1	-1	0.719417239914097
