Chromosome	Start	End	Segment	CNF	CN	Call	ProbCall
chr2	88016353	92135200	2.54027368724429	11.6339869610316	12	2	1
chr2	107902996	146194821	-0.609679061699945	1.31068494309627	1	2	0.395178928416378
chr6	24365650	27893843	0.881902671694061	3.68560809481526	4	1	0.703275246878126
chr11	127407850	135075899	0.570777293066351	2.97064723102388	3	1	0.782593331715379
chr14	104117404	106154163	1.67388479220937	6.38145230115513	6	2	0.999990372910423
chr14	106163582	106879812	0.799650534412655	3.48135885770147	3	1	0.792916516500725
chr17	40993429	41397592	4.17542121504051	36.1374102371992	36	2	1
chr21	30089716	30747233	2.51564583664463	11.4370718899879	11	2	1
chrX	101720339	156027877	1.02147709628417	4.05999259555023	4	2	0.576826260429764
