Chromosome	Start	End	Segment	CNF	CN	Call	ProbCall
chr1	484151	10164524	0.696687583279985	3.24155844155844	3	1	0.915828632455824
chr1	21334076	21622316	0.83031091184034	3.55613701687922	4	1	0.910659510373129
chr1	39467410	47942807	0.666213936902034	3.17380598079918	3	1	0.90564131592659
chr1	51090210	55582024	0.69823335788076	3.24503346842713	3	1	0.916225939591591
chr1	61432076	65436107	0.546917703374656	2.92192207516752	3	1	0.80626119325568
chr1	108219321	109381848	0.722682791812929	3.30049586776859	3	1	0.921085755006305
chr1	115764177	120095875	-0.633461018412344	1.28925619834711	1	-1	0.584500822966149
chr1	121127905	121531059	0.934833002116835	3.82333867758647	4	1	0.821034620804592
chr1	121531060	121976146	-1.86227970890822	0.550082644628102	1	2	0.427595834654464
chr1	143185147	143299146	-1.88339929004269	0.542088651533979	1	2	0.44939450131293
chr1	143299147	146254249	0.907107362950358	3.75056348610068	4	1	0.857193223068442
chr2	106509249	147933549	-0.669634630965831	1.25733175914994	1	-1	0.673988089535781
chr2	190477118	191394451	0.459648385979137	2.7504132231405	3	1	0.637843558838339
chr3	9566095	16779187	0.77254139765008	3.41655274080908	3	1	0.923016908216207
chr3	20537236	32682024	-0.803386019854657	1.14600550964187	1	-1	0.865913240628953
chr3	50584895	90721686	-0.803386019854657	1.14600550964187	1	-1	0.865913240628953
chr3	93706064	112951173	-0.862279708908225	1.1001652892562	1	-1	0.896796185554902
chr3	125334674	129628775	0.529796580659187	2.88745123303811	3	1	0.780925345256476
chr3	169505740	173023839	0.781576480866498	3.43801652892562	3	1	0.922201434914067
chr3	176682353	182954893	0.629573387421447	3.09421487603306	3	1	0.886667334717656
chr3	182954894	187331984	0.966382398101065	3.90786979138404	4	1	0.76387853946986
chr3	187331985	193453560	0.629573387421447	3.09421487603306	3	1	0.886667334717656
chr3	193454029	198235541	0.951848879236102	3.86870005503389	4	1	0.792565232166212
chr4	17897362	47447244	-0.74893823583228	1.1900826446281	1	-1	0.81333224757195
chr4	49217214	49657578	-0.746989964042764	1.19169086441813	1	-1	0.810875446517283
chr4	77894460	86736938	-0.633461018412344	1.28925619834711	1	-1	0.584500822966149
chr4	87511833	190204387	-0.955389113299707	1.03140495867769	1	-1	0.916742127864186
chr5	36982642	37530854	0.448834185512257	2.72987366286356	3	1	0.610171176148113
chr5	50110303	131939859	-0.862279708908223	1.1001652892562	1	-1	0.896796185554901
chr5	142232724	142930568	1.11100792663172	4.31992997435447	4	2	0.711956538294012
chr6	32252176	32486364	-0.595131439427989	1.3239682822957	1	-1	0.479263963758608
chr6	112370711	170745612	-0.641641494304238	1.28196644967112	1	-1	0.605865393991294
chr7	2680946	50306369	-0.633461018412347	1.28925619834711	1	-1	0.584500822966157
chr7	50306370	50505276	1.12061243342282	4.34878514588446	4	2	0.744740038342931
chr7	63017237	69652202	0.8519658087579	3.60991735537191	4	1	0.900873470440137
chr7	70266827	72822785	0.795116247894643	3.47043437418741	3	1	0.920256843658337
chr7	72822786	76658078	1.00154216480841	4.00427807486632	4	1	0.675929253564005
chr7	76658079	78158460	0.688467076475018	3.22314049586777	3	1	0.913528507106689
chr7	92796029	92838347	1.57218166379652	5.94708074548922	6	2	0.999507377775151
chr7	97821192	102693996	0.419006401481791	2.67401285583104	3	1	0.527636212719038
chr7	127990909	136300308	0.629573387421447	3.09421487603306	3	1	0.886667334717656
chr7	137389935	142065587	0.78668749181806	3.45021793114278	3	1	0.921571547173683
chr7	142065627	142094610	-4.52886682439368	0.0866373650048472	0	-2	0.503980735306301
chr7	142094659	144930905	0.629573387421447	3.09421487603306	3	1	0.886667334717656
chr7	147901538	159335947	0.7815764808665	3.43801652892563	3	1	0.922201434914067
chr8	60202	36860118	-0.599245303074433	1.32019834710744	1	-1	0.490770309679589
chr8	51333224	60765394	0.673173004171694	3.18915231793973	3	1	0.908378698346071
chr8	60765395	61041120	1.16154684581138	4.47394290655176	4	2	0.859264119092992
chr8	61041121	63771518	0.629573387421447	3.09421487603306	3	1	0.886667334717656
chr8	65105781	74450686	0.722682791812931	3.3004958677686	3	1	0.921085755006305
chr8	79586450	81700317	0.8519658087579	3.60991735537191	4	1	0.900873470440137
chr8	92918269	103424635	0.835576107342764	3.56913904737889	4	1	0.908582973361678
chr8	103424636	110225602	0.629573387421447	3.09421487603306	3	1	0.886667334717656
chr8	116031133	122349455	0.815792196204417	3.52052892561985	4	1	0.915476120548636
chr8	122349456	134036213	1.08900500605874	4.25454545454544	4	2	0.630830574304531
chr8	134036214	135979351	0.435290743462621	2.70436661676932	3	1	0.573706723502556
chr9	36835880	37036274	7.02315754431082	260.14236296425	260	2	0.999999999999949
chr9	60519462	60687461	-2.58690631621661	0.332884519012868	0	2	0.584644399529007
chr10	4784509	8501374	0.40902231290917	2.65557138785979	3	1	0.498478038103918
chr10	10829758	15331374	0.549548642728295	2.92725543620369	3	1	0.809849426793487
chr10	41694403	74633732	-0.63616938465395	1.28683815270033	1	-1	0.591635244171591
chr10	75278143	87859464	-0.646400463870202	1.2777446371021	1	-1	0.618023729109224
chr10	87859465	87964934	6.59515783639548	193.361644303707	193	2	0.999999999999464
chr10	87965008	133786907	-0.599245303074431	1.32019834710744	1	-1	0.490770309679583
chr11	3239250	21944358	-0.599245303074433	1.32019834710744	1	-1	0.490770309679589
chr11	31966846	37406649	1.12553088208386	4.36363636363637	4	2	0.760748122746454
chr11	40146550	40789549	0.536463983029967	2.90082644628099	3	1	0.791209181850329
chr11	42283942	44357263	0.985810206512608	3.96085038449398	4	1	0.718635416866989
chr11	66383858	79343082	0.839067135000537	3.57778609351592	4	1	0.907102928970898
chr11	85423418	87566630	0.62957338742145	3.09421487603306	3	1	0.886667334717658
chr11	89525461	92591839	0.629573387421447	3.09421487603306	3	1	0.886667334717656
chr11	92591840	96639401	0.951501482308814	3.86776859504133	4	1	0.793199888270739
chr11	96639402	100500571	0.504042505337588	2.83636363636364	3	1	0.735923192141553
chr11	100500572	102950306	1.0446108867003	4.12561983471077	4	1	0.533008084844329
chr11	102950507	107333252	0.629573387421452	3.09421487603307	3	1	0.886667334717659
chr11	127779664	135075987	1.02110946893007	4.05895816059211	4	1	0.615332203900702
chr12	47731774	48232558	0.88219237092075	3.68634825471944	4	1	0.880840411498206
chr12	64562653	64611410	6.86034975146152	232.381232938561	232	2	0.999999999999874
chr12	111403225	111441211	6.86473278482009	233.088300914547	233	2	0.999999999999877
chr13	18171403	40975255	-0.659933229773539	1.26581517655898	1	-1	0.651353735299544
chr13	40975256	41017372	6.50827945721733	182.061171295736	182	2	0.999999999999145
chr13	41017573	48302484	-0.633461018412344	1.28925619834711	1	-1	0.584500822966149
chr13	48302485	48488369	6.01168999964864	129.041383367814	129	2	0.999999999988556
chr13	48488370	114353745	-0.955389113299707	1.03140495867769	1	-1	0.916742127864186
chr14	19694967	20241522	-0.633461018412344	1.28925619834711	1	-1	0.584500822966149
chr14	105726584	106883139	-0.66729260847871	1.25937452676667	1	-1	0.668626421761055
chr15	19776202	22426826	-1.11066733877762	0.926159554730983	1	-1	0.919044886694212
chr15	32736439	73698024	-0.589067395680938	1.32954499686861	1	-1	0.462304668478373
chr15	92824760	92915320	5.96066163485539	124.556943273581	125	2	0.999999999985167
chr15	92915521	101981086	-0.732996691963257	1.20330578512397	1	-1	0.79188500632786
chr16	3122472	14678000	-0.646151403348105	1.27796524035393	1	-1	0.617392716998287
chr17	12021062	12141397	6.78196882085224	220.092903836557	220	2	0.999999999999806
chr17	19005244	19235559	0.576367423397976	2.98218017404298	3	1	0.842147243746747
chr17	31095295	31374064	5.82342209880394	113.25430643501	113	2	0.999999999970398
chr17	39920567	40200967	0.41900640148179	2.67401285583104	3	1	0.527636212719035
chr17	45268993	46313486	-1.3048724310885	0.809513793855857	1	-1	0.894102280731287
chr17	46313487	46682831	0.43242449396795	2.69899909670699	3	1	0.565758087527624
chr17	78029239	83246589	0.945075213149381	3.8505785123967	4	1	0.804528785029982
chr18	2445759	4130660	0.951501482308812	3.86776859504133	4	1	0.793199888270743
chr18	4130661	15410430	-0.633461018412344	1.28925619834711	1	-1	0.584500822966149
chr18	48896193	51036322	-0.631861742861355	1.29068617426718	1	-1	0.580261441891377
chr18	51036323	51080732	2.45974754271949	11.0024090645164	11	2	0.999967318669785
chr18	51080733	80262594	-0.862279708908225	1.1001652892562	1	-1	0.896796185554902
chr19	4847714	4921971	2.90433388510335	14.9734408904957	15	2	0.999992751931968
chr19	4922172	19911403	0.415448582068595	2.66742661726987	3	1	0.517311019639997
chr19	27849209	32016359	0.629573387421447	3.09421487603306	3	1	0.886667334717656
chr19	32016360	39350381	0.880944875729663	3.68316205533597	4	1	0.881839122850181
chr19	46279118	50600156	0.45627365919848	2.74398702402101	3	1	0.629354943424376
chr20	60202	26385584	-0.621488376746271	1.3	1	-1	0.552338476880109
chr20	30088650	39300768	0.419006401481791	2.67401285583104	3	1	0.527636212719038
chr20	62095048	64333190	0.438536369451344	2.71045746960681	3	1	0.582614493956378
chrX	2704194	4013002	1.03100064970193	4.08688217133947	4	1	0.581802612035054
chrX	8312897	25841499	1.04665312179249	4.13146407178763	4	1	0.525463945082914
chrX	29205699	39027682	0.629573387421447	3.09421487603306	3	1	0.886667334717656
chrX	39027683	42086232	1.36653898158765	5.15702479338842	5	2	0.997389373007196
chrX	42086233	44430893	0.536463983029968	2.900826446281	3	1	0.791209181850331
chrX	44430894	58554623	1.13575877475849	4.39468199784406	4	2	0.792171790374405
chrX	64729614	156030176	1.72268279181293	6.60099173553719	7	2	0.999682643489084
