Chromosome	Start	End	Segment	CNF	CN	Call	ProbCall
chr1	1637708	1725502	0.821682848029555	3.53493294393979	4	1	0.675795426155892
chr1	16563952	16784807	-1.11238286090376	0.925058904294627	1	-1	0.869458545165093
chr1	21319076	21618036	0.806836157460366	3.49874169548144	3	1	0.687115671501247
chr1	25229013	25390915	-1.37039041275392	0.773573129111923	1	-1	0.833512030308566
chr1	65218842	65228136	1.27758595099043	4.8486595262719	5	2	0.963200468107948
chr1	106018807	109237034	0.631422169540392	3.0981825863983	3	1	0.684816451507482
chr1	143189147	143289146	-1.77034965184124	0.586275367587823	1	-1	0.549958789124417
chr1	143289147	145330666	0.559076600478311	2.94665182115307	3	1	0.616318647992252
chr1	145331186	145341635	-0.66643562566844	1.26012283663336	1	-1	0.497393128243094
chr1	145354170	145362329	-1.1624986719255	0.893476276185837	1	-1	0.869710297104056
chr1	152580092	152614198	-5.71819173149413	0.037991178306851	0	2	0.572301251050863
chr1	158808424	159016830	0.646803361287048	3.13139034878165	3	1	0.694072260399368
chr1	248558762	248650963	-3.4381001307899	0.184526493135503	0	-2	0.607778240936815
chr2	97504815	97576429	-0.896916764554284	1.07406643746683	1	-1	0.798480565683056
chr2	122505581	125454559	-2.21020381016342	0.432207553189601	0	2	0.471219591816418
chr2	174380083	174387854	-4.85185162035677	0.0692591446042714	0	-2	0.558609808642208
chr3	5178161	5184814	8.52531471450965	736.894724209548	737	2	0.999999999999942
chr3	10043390	20544235	0.759196144292964	3.3850945819596	3	1	0.709758871567258
chr3	155922139	156057434	1.27601282031951	4.84337537562849	5	2	0.962616163792799
chr3	169626162	198228341	0.729577236737762	3.31630623988391	3	1	0.714521741541574
chr4	9202855	9350088	-1.44329926043367	0.735450801422418	1	-1	0.806585700565875
chr4	67492878	67495287	-0.783856524806405	1.16162424904627	1	-1	0.682646392078113
chr4	68517034	68668276	1.1664355095472	4.48912886087399	4	2	0.878487312601104
chr5	80331635	80360170	2.2967202936509	9.82679046365408	10	2	0.999174201699762
chr5	112827227	112836688	5.63362328669767	99.2932187386609	99	2	0.999999978490204
chr5	180948273	181002863	-2.96963898401226	0.255316913226726	0	-2	0.580582211395555
chr6	29791232	29943037	1.7655501211465	6.80007246790353	7	2	0.997054561686071
chr6	31166958	31312275	0.971263999601674	3.92111512285002	4	1	0.414870526672251
chr6	31312276	31356634	-2.28488200063884	0.410404370385405	0	2	0.476666517546296
chr6	32255707	32500364	-0.757963710983526	1.18266074808024	1	-1	0.646456825953316
chr6	32517622	32666711	3.69258831637491	25.8588877253283	26	2	0.999982649324734
chr6	33092941	33129196	4.28640839007037	39.0272090517367	39	2	0.999997364208077
chr6	110888893	110893539	1.55460629421175	5.87507103060902	6	2	0.994550092867346
chr6	122413485	123278415	-0.700298973630473	1.23088930636249	1	-1	0.555352611544197
chr6	137871517	137881396	1.35379922119183	5.11168601372371	5	2	0.981785003242992
chr7	50319018	50400774	7.22435257317387	299.07273301095	299	2	0.999999999971613
chr7	63304127	74812826	0.810164064035413	3.50682166018455	4	1	0.684768102237218
chr7	74819482	92570002	0.671291066210708	3.18499490851037	3	1	0.70522208266862
chr7	92575837	92854347	1.02773331841031	4.07763691280366	4	2	0.540274542371664
chr7	92854348	96689078	0.612748962452282	3.05834033998991	3	1	0.671164732700749
chr7	96694801	102688328	0.729996428429403	3.31726997093415	3	1	0.714500276714248
chr7	130051161	142065587	0.790851391120616	3.46019031730068	3	1	0.6969337920003
chr7	142065627	142094610	-4.73265089637607	0.075224639795609	0	-2	0.57053913446249
chr7	142094659	159324947	0.800857697340679	3.48427307446588	3	1	0.69106623664244
chr8	39375698	39552152	9.74738105407062	1719.03243895269	1719	2	1
chr8	51407958	60763394	0.722971171595142	3.3011556686177	3	1	0.71469032045044
chr8	60780950	60853656	5.77008781511069	109.143909402511	109	2	0.999999987318204
chr8	60854325	134066213	0.732716121164846	3.3235294117647	3	1	0.71432961471833
chr9	21968066	21974385	2.32110886792131	9.99432316331623	10	2	0.999222787608305
chr9	36840509	37486196	6.71371572749858	209.922897419977	210	2	0.999999999733131
chr10	10202	15089020	0.731885545657729	3.32161656976254	3	1	0.714387513529517
chr10	87864277	87964934	6.76209010947055	217.081069216398	217	2	0.999999999783187
chr10	119108072	119136675	2.11872266091682	8.68618488565154	9	2	0.998723961597081
chr10	133664443	133778707	0.491081221013549	2.81099564971952	3	1	0.51188611801109
chr11	21855359	27350432	0.555684309796059	2.93973133104489	3	1	0.612040073213742
chr11	27357371	32103349	0.727547322405436	3.31164338067674	3	1	0.7146074576439
chr11	32103363	37411649	1.11518347397956	4.33245112425269	4	2	0.788341385635637
chr11	37411650	42273941	0.56174021421741	2.95209718000386	3	1	0.619609024064573
chr11	42273942	44350263	1.11704181794826	4.33803537581264	4	2	0.792397255389744
chr11	66468094	89848304	0.769459890654736	3.40926298437643	3	1	0.70651580208271
chr11	89849077	107336772	1.00686063684197	4.0190670243636	4	2	0.473458961221456
chr11	123995219	124093942	-0.786983195259771	1.15910945331623	1	-1	0.686784109517399
chr11	127779664	135066987	1.0366775631873	4.10299547510302	4	2	0.568984039310144
chr12	9480523	9753679	-1.15476549171159	0.898278375052415	1	-1	0.869932447848784
chr12	47924865	48303558	1.17500904165226	4.51588592107699	5	2	0.88952140680193
chr12	64566693	64611410	6.17115218604271	144.122541325229	144	2	0.999999997431191
chr12	88050348	88139178	-0.699074793767575	1.23193420451544	1	-1	0.55329712353012
chr12	111403225	111439011	6.46262506763984	176.390012803646	176	2	0.999999999227502
chr13	27075271	27116660	0.977486252120948	3.93806316617133	4	1	0.398427253124569
chr13	40976205	41017372	6.59284368776656	193.051732032587	193	2	0.999999999553419
chr13	48304140	48479697	6.42329471189886	171.64627182215	172	2	0.999999999089689
chr13	52229215	52279999	3.52525503457193	23.0270075540719	23	2	0.999971248800185
chr13	57141246	57173577	1.65216177897933	6.2860849942909	6	2	0.996049978938323
chr13	75302095	75310247	1.48136198613691	5.58424402154924	6	2	0.992390353995254
chr14	35654227	35775132	0.913614226126154	3.76751753398667	4	1	0.549009121564718
chr14	105721775	106874939	-0.688844884754716	1.24070068782242	1	-1	0.535981924866359
chr15	19790202	22095503	-1.15722392373434	0.896748962565515	1	-1	0.869871617214819
chr15	34381719	34617022	-1.38216349558792	0.767286089221728	1	-1	0.829722413488553
chr15	92832588	92915320	6.03207474612771	130.877632521416	131	2	0.99999999549779
chr16	3316836	4228327	-2.10065876790692	0.466303522179855	0	2	0.447141791098239
chr16	20488316	20535464	1.53905847555415	5.81209577033894	6	2	0.994198365073222
chr17	7670087	7672818	3.38963245066647	20.9609536476396	21	2	0.99995706718067
chr17	12024637	12141397	6.77175446888013	218.540138546934	219	2	0.999999999792024
chr17	18383322	18862545	-0.733044536068622	1.20326588054779	1	-1	0.608646382858274
chr17	31095295	31373680	5.85944413339943	116.117703415035	116	2	0.999999991063904
chr17	45410005	46332613	-1.24566895653942	0.84342462181426	1	-1	0.8620199592477
chr17	78093556	78352151	1.22161143738664	4.66414111180953	5	2	0.933916712090947
chr18	724415	4145660	0.765804001729201	3.40063461345128	3	1	0.707768540293921
chr18	51047824	51078532	4.38264982093037	41.7194959080791	42	2	0.99999808402394
chr19	1208034	1226795	4.23458880999806	37.6502831589925	38	2	0.999996875244029
chr19	4839043	4929352	5.61780171735266	98.2102512920239	98	2	0.999999977142653
chr19	27848209	33137781	0.708313017605481	3.26778488989931	3	1	0.713937200465294
chr19	33142605	39356381	0.84441144812395	3.59106420699202	4	1	0.653998530196026
chr19	54601098	54632179	-1.62933401415448	0.646474776149353	1	-1	0.691868399730988
chr19	54632483	54729816	0.769551337822719	3.40947909195087	3	1	0.706483065341388
chr19	54735207	54852193	-1.73226640592146	0.601957523770635	1	-1	0.593017481343059
chr19	54852317	54909550	0.491081221013549	2.81099564971952	3	1	0.51188611801109
chr20	6200249	6214618	2.24049749846532	9.45119987809803	9	2	0.999051194362955
chr20	31544934	47817638	0.768098525589322	3.40604743134599	3	1	0.706995041344295
chr22	11339687	12072641	-1.08566226068764	0.942351855529942	1	-1	0.867532535673041
chr22	23786710	23831850	5.04463850584708	66.0111810701533	66	2	0.999999807184133
chrX	2794523	58550623	1.21939298656208	4.65697451319256	5	2	0.932304887526222
chrX	62470624	156027976	2.0798658687741	8.45535817062777	8	2	0.998599184299055
