Chromosome	Start	End	Segment	CNF	CN	Call	ProbCall
chr2	88446786	92115200	2.30536456593527	9.88584691366779	10	2	0.886694228780977
chr6	23586761	28944537	0.554130237023085	2.93656635400666	3	1	0.890450537372138
chr7	142681414	142789040	-9.87394363827018	0.002131458027862	0	-2	1
chr7	142791693	159313577	0.531480754272833	2.89082395465374	3	1	0.866999438551027
chr8	45954792	145066685	0.493851503380116	2.81639854696419	3	1	0.800192626529944
chr11	127778078	135075899	0.713360655115777	3.2792380952381	3	1	0.886506448404202
chr14	18257823	20784293	-0.753997150601342	1.18591684165683	1	-1	0.749093827837372
chr14	20801227	22320691	2.18447263613855	9.09121196977272	9	2	0.896804503146598
chr14	101952415	106879812	1.03966082100546	4.11148857806208	4	2	0.909852964581447
chr17	39927741	41397592	0.690296463549492	3.22723014154966	3	1	0.901331867925398
chr19	53632055	53766632	-3.68117781598046	0.155913978494624	0	-2	0.999353764952451
chr21	30089716	31038476	2.2139305160736	9.27875033665501	9	2	0.894522697149971
chrX	102937271	156027877	0.769272118248425	3.40881928433036	3	1	0.819454819692523
