Chromosome	Start	End	Segment	CNF	CN	Call	ProbCall
chr1	152514501	153726353	1.08172657358356	4.23313521957669	4	2	0.924517885029864
chr2	88931665	90295570	2.35326159044525	10.2195629236724	10	2	0.999999999999506
chr3	93713976	195443078	0.524184063422165	2.87624000173529	3	1	0.671853025320051
chr5	10202	21157891	0.577791704547132	2.98512574479781	3	1	0.773869331482594
chr6	25726131	28944537	0.539297533085882	2.90652946317152	3	1	0.705522456800291
chr7	142300923	142544685	3.36824194279593	20.6524630154984	21	2	1
chr7	142554835	142789040	-2.61263298822761	0.327001013380115	0	-2	0.908458976127378
chr11	108957717	135075899	-0.597353749295835	1.32193042762681	1	-1	0.569738241537574
chr14	20801227	22320691	1.36569861520698	5.15402171361639	5	2	0.999948963339252
chr14	96275045	106879812	0.748828000663738	3.36085430112397	3	1	0.850682143491274
chr15	21344547	22195317	0.846206320034786	3.59553466763171	4	1	0.749045401688244
chr17	40993429	41397592	3.77553815833621	27.3892557370457	27	2	1
chr19	53632055	53766632	-3.48412717818039	0.17873236677116	0	-2	0.97138981221506
chr21	5011798	8247846	-0.855869928901045	1.10506411113807	1	-1	0.910456609280148
chr21	30214005	30747233	1.15763862811448	4.46183953033267	4	2	0.984786208093878
chr22	15166843	17353177	-0.592664229745148	1.32623438979424	1	-1	0.556565410039451
chr22	31388732	37215891	-0.60021796161744	1.31930857526122	1	-1	0.577714112977872
