Chromosome	Start	End	Segment	CNF	CN	Call	ProbCall
chr1	25258956	25384851	-2.18415592574821	0.440081940378261	0	2	0.52768035604118
chr1	42490519	42581574	-0.702338385361352	1.22915053512757	1	-1	0.823268956430217
chr1	66487918	66579651	-0.712071942572809	1.22088562950199	1	-1	0.830305022357442
chr1	73257731	73482730	-0.816910639546394	1.13531242115886	1	-1	0.873384130706348
chr1	76884150	77004149	-0.852843058096286	1.10738504352743	1	-1	0.880576958010541
chr1	121614147	121974146	-1.31349711282997	0.804688816323538	1	-1	0.84231191100763
chr1	143189147	143299146	-3.14533917501417	0.226041696146017	0	-2	0.592229748006572
chr1	143299147	144340335	0.550653739177694	2.92949855673252	3	1	0.76045180098787
chr1	145343174	145393227	0.71280013181328	3.27796427624725	3	1	0.861772360422811
chr1	146083757	146098060	0.884258029629638	3.69163016889712	4	1	0.725646435541268
chr1	152566481	152614198	-7.63185953219576	0.010083501187567	0	-2	0.870446947706692
chr1	158802924	158824277	1.34938426054859	5.09606705351387	5	2	0.925315343286939
chr1	165574244	165619243	-1.0911883308374	0.938749194068339	1	-1	0.889213143901443
chr1	172791373	172881372	-0.839219611900595	1.11789166877654	1	-1	0.878122246408154
chr1	191960086	192020085	-1.3999593831604	0.757879619879204	1	-1	0.800961112861696
chr1	199224352	199364351	-0.799863439662532	1.14880709180905	1	-1	0.8690525477515
chr2	81043078	81153077	-0.864026964610513	1.09883367969587	1	-1	0.882374378933851
chr2	86027838	86287559	1.04044287671932	4.11371793680138	4	2	0.584239761088823
chr2	89800152	90235468	-0.532016514061602	1.38317479616766	1	-1	0.470834700040935
chr2	117562675	117592674	-1.77185718143141	0.585663065038008	1	2	0.385988841010962
chr2	126569560	126624559	-1.32046713775908	0.800810536980751	1	-1	0.839604834304334
chr2	154160736	154210735	-1.82502570860987	0.564472143504263	1	2	0.429877910856531
chr2	164230320	164295319	-0.589215194787271	1.32940879656883	1	-1	0.647864428115942
chr2	187523992	187553991	-2.79816368007801	0.287540348773672	0	-2	0.548865445174138
chr2	193524748	193839747	-0.852249600621065	1.10784066380736	1	-1	0.880476280634432
chr2	208732339	208772338	-7.89489393802956	0.00840291765630582	0	-2	0.87556823701057
chr2	241905630	242180833	-0.78161638885775	1.16342935510373	1	-1	0.863580364588788
chr3	5178161	5184814	8.51803041856483	733.183454169678	733	2	0.999962189016694
chr3	16953570	16978569	-1.11004735808871	0.92655764609343	1	-1	0.887567958782457
chr3	23281275	23311274	-1.05147500160376	0.964949266856408	1	-1	0.891559107401289
chr3	68378601	68532678	-0.538141010193001	1.37731541986861	1	-1	0.491790854654463
chr3	75376602	75599673	0.881275699910036	3.68400673750989	4	1	0.730254406116653
chr3	82786819	82817766	1.13225655313709	4.38402660391005	4	2	0.786097779095238
chr3	90654687	90719686	-1.3756632609447	0.770750988142292	1	-1	0.814415377587224
chr3	93709064	93844063	-0.846657982940445	1.11214277991072	1	-1	0.879500280246121
chr3	98149921	98360046	0.583078851104848	2.99608561669423	3	1	0.808203406771141
chr3	106564825	106699824	-0.732950672248724	1.20334416930799	1	-1	0.843011710110658
chr3	118182600	118287599	-1.14175621781605	0.906415088569658	1	-1	0.883986081120545
chr3	130043426	130082082	-3.77324572835031	0.146274913654172	0	-2	0.661978353909836
chr3	137540868	137620867	-0.782160771596935	1.16299043255753	1	-1	0.86375785843623
chr3	156019674	156037234	7.80843225963596	448.334670512854	448	2	0.999905740239509
chr3	162439160	163014159	-0.527666354389748	1.38735177865613	1	-1	0.455832973370188
chr3	163304160	163434159	-0.57300445594108	1.3444308417062	1	-1	0.603107597333605
chr3	192952997	193201885	-0.544507377872036	1.37125095190364	1	-1	0.513273537561222
chr4	4114550	4157180	3.30951982644069	19.8287224881048	20	2	0.986552948272872
chr4	9191379	9208469	-2.86961700984661	0.273646060095053	0	-2	0.558044181427187
chr4	10192046	10232045	2.82031917989957	14.1263728945904	14	2	0.978953979832514
chr4	11940369	12380368	-0.584543318516406	1.33372079623806	1	-1	0.635506850494911
chr4	45552470	45917469	-0.556793717094894	1.35962263285449	1	-1	0.55348379565866
chr4	54709762	54727332	1.34312636057889	5.07400999251129	5	2	0.924501109926155
chr4	72832883	72887882	-0.800969095677372	1.14792700361618	1	-1	0.869354727813867
chr4	111540937	111615936	-0.826324669954265	1.12792827533018	1	-1	0.875501194549582
chr4	111900937	112075936	-0.726718718537202	1.20855345142621	1	-1	0.83952454639716
chr4	126142691	126577690	-0.530321505733704	1.3848008297592	1	-1	0.464998297249383
chr4	135031516	135131515	0.614486500081383	3.06202593019141	3	1	0.838267519110778
chr4	152367996	152417011	-0.64374066891752	1.28010249748786	1	-1	0.758916039153382
chr4	164223065	164409668	-0.682324599178752	1.24632074678328	1	-1	0.806037310507958
chr4	166306113	166541112	-0.682324599178749	1.24632074678328	1	-1	0.806037310507955
chr5	17491204	17685659	1.02058183057378	4.0574739450351	4	2	0.533096369485022
chr5	24475254	24633749	0.490806589187207	2.81046059873931	3	1	0.620154524127046
chr5	34178929	34198813	1.51809050570653	5.72823430729693	6	2	0.937423362058618
chr5	46356303	46431302	-0.599335234507715	1.32011605415861	1	-1	0.673072639253775
chr5	64828001	64935833	-0.74121828823232	1.19646791691195	1	-1	0.847285434227928
chr5	69632197	71188461	-0.693737428405617	1.23650028443503	1	-1	0.816355248804295
chr5	80326702	80360170	2.16647931722707	8.97853035220733	9	2	0.962917197221755
chr5	101018194	101158193	-0.836038861774876	1.12035903475516	1	-1	0.877503929613199
chr5	112821838	112836688	5.68950992499451	103.215077670882	103	2	0.998831326303561
chr5	117270209	117495208	-0.569849869920339	1.34737378030625	1	-1	0.593806066588906
chr5	167485660	167655659	-0.66647016931508	1.26009266482599	1	-1	0.789197407921342
chr6	29807500	29885742	0.969926877939977	3.91748263025607	4	1	0.549909932034825
chr6	29887761	29960784	1.44951442529624	5.46232223792008	5	2	0.933700754198552
chr6	31166958	31529986	0.877102809435269	3.67336641157178	4	1	0.736537593843553
chr6	31980317	32045432	-0.675385257350974	1.25232997171406	1	-1	0.79905159536191
chr6	32442878	32810175	6.63024427790085	198.12186243395	198	2	0.999602624610671
chr6	33080482	33091881	-5.34066874649687	0.0493546988235464	0	-2	0.785538860248353
chr6	60231656	60336926	-0.798392355378341	1.1499791024746	1	-1	0.868645613665144
chr6	61365146	61475145	0.604328899631361	3.0405428041328	3	1	0.830086327989003
chr6	66463935	66633934	-0.727293661645153	1.20807191442746	1	-1	0.839856427954952
chr6	67098935	67643934	-0.608324017734968	1.31191657556135	1	-1	0.693654241662729
chr6	67904413	68244412	-0.544337868408103	1.37141207650932	1	-1	0.512706425193185
chr6	68689617	68789616	-0.544337868408106	1.37141207650932	1	-1	0.512706425193195
chr6	82711499	82861498	-0.699155795877472	1.23186503780616	1	-1	0.820791097607562
chr6	85811184	86061183	-0.708728653344826	1.22371818028183	1	-1	0.827976649953226
chr6	88355493	88455492	-0.590885948331965	1.32787012846462	1	-1	0.652174110273795
chr6	96269425	96414424	-0.797801816598689	1.15044992010764	1	-1	0.868480671458439
chr6	103288810	103323809	7.215206778622	297.182793650924	297	2	0.999803104194489
chr6	103323810	103658809	-0.589215194787271	1.32940879656883	1	-1	0.647864428115942
chr6	110888893	110893664	1.11002413994678	4.31698517952352	4	2	0.745733823018393
chr6	137871517	137891596	2.11710689757271	8.67646213590656	9	2	0.961357949786301
chr6	155881110	156289887	-0.605315303527758	1.31465540856373	1	-1	0.686954408092701
chr6	165517665	165570467	0.84819011752003	3.60048215737393	4	1	0.775030455666588
chr7	10502794	10572793	-0.92825114734359	1.05098993465524	1	-1	0.889554399561147
chr7	16202007	16226456	-1.0973620984576	0.934740560087458	1	-1	0.888713185499648
chr7	48650823	48690822	-2.34524617162413	0.393586823588225	0	2	0.510920584775982
chr7	50299370	50405974	7.11806271631739	277.830796699205	278	2	0.999778382733116
chr7	54496736	54531735	-0.74121828823232	1.19646791691195	1	-1	0.847285434227928
chr7	61095237	61225236	-1.46268368724808	0.725635182928813	1	-1	0.758248181910683
chr7	61225237	61275236	-2.85970888084291	0.275531872501921	0	-2	0.556778935137666
chr7	61275237	61440236	0.628332162971374	3.09155390931187	3	1	0.847304883718955
chr7	92805029	92839347	7.8247330248608	453.429053580041	453	2	0.999907661080779
chr7	99571470	99861962	0.472402070310444	2.77483516015004	3	1	0.564451139942727
chr7	103197285	103214223	-1.10006781207403	0.932989136519954	1	-1	0.888482302385843
chr7	103797468	103822467	-0.75271392707015	1.1869721397936	1	-1	0.852631615128255
chr7	118960235	119010234	-0.55530178787548	1.36102938194559	1	-1	0.548705870938657
chr7	119190235	119260234	-0.919542620804886	1.05735320127839	1	-1	0.888859102258019
chr8	7257550	7398314	1.14023350963819	4.4083339234742	4	2	0.798959223025192
chr8	7398315	7581981	-0.859388077373652	1.10237259075695	1	-1	0.881651458130393
chr8	7779222	7962967	-0.979539089174201	1.01428347034195	1	-1	0.892109198471478
chr8	12118735	12173330	1.19706463462995	4.58545417267255	5	2	0.866950932799881
chr8	12173371	12393969	-1.1428152607876	0.905749958200628	1	-1	0.883848085192319
chr8	24034825	24169824	-0.960309346478518	1.02789339940889	1	-1	0.891449656082205
chr8	39365132	39527152	8.215206778622	594.365587301848	594	2	0.999943923050636
chr8	51562226	51647952	-0.842432786303983	1.11540466790162	1	-1	0.878728985152568
chr8	60780950	60816090	7.38115609972034	333.410585630465	333	2	0.999839371494277
chr8	79095450	79240449	-0.5538762337126	1.36237490539063	1	-1	0.544111205280138
chr8	89038258	89073257	1.76513437779247	6.79811316427244	7	2	0.948522293042854
chr8	95885850	95930849	-1.3510554575925	0.784010315925212	1	-1	0.826509973362386
chr8	131160667	131390666	-0.601652529106784	1.31799735115546	1	-1	0.678541345925497
chr8	136767352	136807351	-4.72584382756223	0.075580410912901	0	-2	0.745183392765761
chr9	1482508	1597507	-0.636520909565627	1.28652464184081	1	-1	0.747537479580548
chr9	3415826	3514470	-0.78878950720926	1.15765911000914	1	-1	0.86584585482694
chr9	21968066	21974385	2.12450741473606	8.72108367768215	9	2	0.961595214954526
chr9	23870347	24220346	-0.556793717094894	1.35962263285449	1	-1	0.55348379565866
chr9	31062498	31147497	-1.0973620984576	0.934740560087458	1	-1	0.888713185499648
chr9	31147498	31257497	0.447134549502029	2.72665949808312	3	1	0.482086731346763
chr9	36840509	37034074	6.86984254629707	233.915320677228	234	2	0.999701083347695
chr9	42689078	42735776	-2.84227004400774	0.278882624378123	0	-2	0.554546107301887
chr9	60521462	60686461	-1.66079143762911	0.632531206074222	1	-1	0.528578671608951
chr9	64663148	64693147	-5.92947941054833	0.0328154855345477	0	-2	0.815948353890827
chr9	71009656	71114655	-0.769787440429093	1.17300776167838	1	-1	0.859479981008734
chr9	73307663	73447662	-0.539447358011815	1.37606883719837	1	-1	0.496227498871889
chr9	73447663	73567662	0.545515142709344	2.91908281848738	3	1	0.751116380280321
chr10	9014375	9044374	-1.70996581692934	0.611334623575291	1	-1	0.450728747849525
chr10	9533505	9603504	-0.586002060207553	1.33237292242608	1	-1	0.639413556303776
chr10	38832723	38896402	1.90263790154241	7.47792448069972	7	2	0.953912286992847
chr10	39376403	39451402	1.14775039937894	4.43136265522946	4	2	0.810292944643646
chr10	39451403	39636402	-1.57661515800764	0.670535138620243	1	-1	0.644819526429002
chr10	47353296	48057480	0.667564398128099	3.17677827117444	3	1	0.861654830030447
chr10	53426966	53481965	-0.518825866895867	1.39587923639728	1	-1	0.425217542559014
chr10	87864277	87964934	7.46900835345645	354.344379019128	354	2	0.999855895381202
chr10	107674668	107759667	-0.556793717094893	1.35962263285449	1	-1	0.553483795658657
chr11	48736120	48918724	0.455482837068858	2.74248330288923	3	1	0.509798288221247
chr11	48918725	48943724	-7.23593085586463	0.0132677647204829	0	-2	0.861316741658453
chr11	49300671	49484121	0.446123766287404	2.72474981078127	3	1	0.47871232731131
chr11	49484122	49768066	-0.638667981084528	1.28461141284269	1	-1	0.751017385529201
chr11	50750524	50820523	1.29807910287185	4.91802511661153	5	2	0.916441360101417
chr11	54525524	54590523	-1.29014805770872	0.817818125025256	1	-1	0.850690341111699
chr11	55329391	55459178	-0.570147630343885	1.34709572210452	1	-1	0.594691815675131
chr11	55459179	55651889	0.655008052655941	3.14924948431727	3	1	0.858690906555515
chr11	55652090	55676390	-0.843288646622434	1.11474316463029	1	-1	0.878887627160244
chr11	55676391	55727206	0.917373682666032	3.77734794756072	4	1	0.667671829845621
chr11	56817956	56937955	-0.609856355051389	1.3105238824134	1	-1	0.696993704112849
chr11	57909387	57918188	5.72104320674847	105.495906285189	105	2	0.998871685024491
chr11	60577871	60617870	-1.29334903998774	0.816005601068161	1	-1	0.849602354404343
chr11	96557402	96587401	-4.56416879147884	0.0845431225417356	0	-2	0.732921829195174
chr12	759551	794550	-0.629857179284617	1.29248077444192	1	-1	0.736200624669796
chr12	9480523	9638106	-2.65015665720321	0.318605558689313	0	-2	0.529460246273486
chr12	11092153	11159481	-1.45388108473611	0.730076179945769	1	-1	0.765000337614095
chr12	16431491	16456490	-2.68232459917875	0.311580186695821	0	-2	0.533722537665816
chr12	17591253	17636252	-1.26728709989991	0.83088049785552	1	-1	0.857933591975933
chr12	37249925	37349924	-0.519554924958882	1.39517401465048	1	-1	0.427743196088383
chr12	64561653	64611410	6.66967365964615	203.611277374722	204	2	0.999620708711969
chr12	72302193	72377192	-0.537934689843577	1.37751240433942	1	-1	0.491088942672752
chr12	111403225	111439011	7.00836998895624	257.489535057849	257	2	0.999746918340816
chr13	18171403	18497492	0.837770215508248	3.57457126613108	4	1	0.786867733973658
chr13	19077754	19131386	1.18403818984716	4.54423734890166	5	2	0.854763976209442
chr13	40976205	41017372	7.16434260312452	286.887759240533	287	2	0.999790507786969
chr13	48291485	48479697	6.8267730075833	227.035329761972	227	2	0.999685293014437
chr13	57119747	57173577	1.66013581523671	6.320925518501	6	2	0.944055603193017
chr13	64683258	64733257	0.650963533958653	3.14043309505606	3	1	0.857428057909889
chr13	67462883	67592882	-1.0325444582493	0.977694432006688	1	-1	0.892161316176263
chr13	73851552	74035303	-0.635769896983011	1.28719453235318	1	-1	0.746300662456128
chr13	84711726	84971725	-0.530321505733703	1.3848008297592	1	-1	0.46499829724938
chr14	19484471	19693966	1.43762853604918	5.41750483558995	5	2	0.9329690625885
chr14	24719513	24764512	-1.45797066150902	0.728009579073407	1	-1	0.761896063932023
chr14	27158965	27528964	-0.573004455941079	1.3444308417062	1	-1	0.603107597333602
chr14	35654227	35760891	0.562479069577953	2.95360944100695	3	1	0.780042745955057
chr14	40542428	40832427	-0.74006320788872	1.19742624138831	1	-1	0.846711112280639
chr14	41212428	41312427	0.656711353377567	3.15296980396571	3	1	0.859176639485755
chr14	47846207	48036206	-0.77418999966242	1.16943364215358	1	-1	0.861062288725275
chr14	106072808	106113525	-7.35255649595385	0.0122374222506042	0	-2	0.864194354900525
chr14	106714971	106754218	2.16350756332179	8.96005484620698	9	2	0.962824908660647
chr15	19780202	19810201	-4.3258048978286	0.0997316412248379	0	-2	0.713494799669076
chr15	20014116	22422826	-1.25120836844237	0.840192394483497	1	-1	0.862503691378097
chr15	39817913	39854402	-1.76125068374962	0.589984646595548	1	2	0.376681276273061
chr15	45746336	45786335	-2.1769799748074	0.442276356598466	0	2	0.528134933441641
chr15	92826760	92915320	6.36851556480118	165.251042717936	165	2	0.999460155366349
chr16	20480913	20488643	1.37179682253441	5.17585364136369	5	2	0.927826250648716
chr16	34474682	34734681	-0.568308338887095	1.34881422924901	1	-1	0.589195005825489
chr16	34734682	34779681	1.31767540082125	4.98528298713313	5	2	0.920504555038658
chr16	55583334	55613333	-1.13576989698301	0.910183982533184	1	-1	0.884743315882088
chr17	12024637	12141397	7.36682722893739	330.115536558748	330	2	0.999836510544168
chr17	19024616	19242559	0.880955447579788	3.68318904508696	4	1	0.730743380918426
chr17	21883115	21988114	-1.48967952123636	0.712183283876159	1	-1	0.735851597615131
chr17	31095295	31374064	6.38082110197995	166.666587883463	167	2	0.999467819002232
chr17	46337327	46724183	0.768314057944692	3.40655631800878	3	1	0.84235145508015
chr17	64967040	64973572	3.76989004448702	27.2822371319786	27	2	0.991333132732425
chr18	42686490	42721489	-1.69759135583206	0.616600790513835	1	-1	0.470772399819103
chr18	51047024	51093732	4.37965368583462	41.6329443241821	42	2	0.995276698219446
chr18	69026345	69294336	-0.821653954065927	1.13158585334344	1	-1	0.874473511668144
chr18	73376096	73511095	-0.682324599178752	1.24632074678328	1	-1	0.806037310507958
chr19	1208034	1226795	4.86496769154639	58.2815641479952	58	2	0.997143606683052
chr19	4885131	4921971	5.56092554532164	94.4137806164221	94	2	0.998652238598692
chr19	54724340	54744906	2.19582093506833	9.16300581606935	9	2	0.963817812750823
chr19	54856143	54900152	1.23635933178623	4.71206464530094	5	2	0.89400871481674
chr20	6200249	6214618	1.93348593364931	7.63954085700053	8	2	0.955053324574278
chr20	26283585	26323584	-6.55084871559452	0.0213318261302886	0	-2	0.840819559679013
chr20	26323585	26383584	1.31767540082125	4.98528298713313	5	2	0.920504555038658
chr20	64305239	64333190	-0.690996041191793	1.23885209723492	1	-1	0.814001557032179
chr21	5268938	5448937	-1.22981239448125	0.852745774114874	1	-1	0.867963707087739
chr21	10570404	10813737	-0.660031166195276	1.26572925042922	1	-1	0.78141143597989
chr22	12052642	12132641	1.35298646062244	5.1088070915189	5	2	0.92575928129923
chr22	16272841	16332840	6.42272552826143	171.578565912887	172	2	0.999493150000574
chr22	23786710	23831850	5.31376060467091	79.5483777593018	80	2	0.998233169580458
chr22	41160639	41162683	4.10862486341085	34.5024011653706	35	2	0.993792336667512
chrX	10202	130201	-8.8353929262809	0.00437836235775934	0	-2	0.888627604631307
chrX	2775031	26353378	0.934346761269743	3.8220502901354	4	1	0.633005774363378
chrX	26403379	26553378	1.31767540082125	4.98528298713313	5	2	0.920504555038658
chrX	26553379	29534539	0.803102227991487	3.48969809099318	3	1	0.819314087321831
chrX	29534540	33729655	0.979295307481695	3.94300436482841	4	1	0.525955382638438
chrX	33799656	38596600	0.961725896662798	3.89527692479306	4	1	0.570226935988304
chrX	38638389	42658232	0.890254177086569	3.70700529812462	4	1	0.716081595364533
chrX	42658233	45987426	1.31767540082125	4.98528298713313	5	2	0.920504555038658
chrX	46067427	50531010	0.886725019522943	3.69794820916747	4	1	0.721759992699134
chrX	50581011	51269039	0.906748154944889	3.74962977198557	4	1	0.687657286386925
chrX	51269040	55898565	0.863957433378344	3.64004789536704	4	1	0.755106724994108
chrX	55898566	55923565	-0.820540740893723	1.1324593452253	1	-1	0.874222060312643
chrX	55923566	56927795	0.862234348560453	3.6357029943134	4	1	0.757406215510374
chrX	56967796	58400623	0.97663848298618	3.93574972668404	4	1	0.532824488186177
chrX	58400624	58500623	0.783939478566697	3.44365228821367	3	1	0.833098509634842
chrX	62575624	62665623	1.25835315257194	4.78445021359757	5	2	0.90416834282069
chrX	62665624	62905623	1.16102692066591	4.4723308567056	4	2	0.828481279342827
chrX	62905624	63446980	1.0761741565371	4.21687470716149	4	2	0.672523299044692
chrX	63446981	63471980	-1.14175621781604	0.906415088569665	1	-1	0.883986081120547
chrX	63471981	63546980	0.832248573651004	3.5609164193808	4	1	0.792731892972826
chrX	63546981	63606980	-0.77620763829216	1.16779930829047	1	-1	0.861764680177972
chrX	63606981	64962290	0.923804866865581	3.79422403435661	4	1	0.654932362817962
chrX	64965336	66223530	0.953522218987853	3.87318985028263	4	1	0.589884160014764
chrX	66223531	66327039	0.6243367390553	3.08300395256917	3	1	0.844934399908649
chrX	66327040	66666221	1.07874157944157	4.22438574695112	4	2	0.678507472293594
chrX	66666222	66691221	-0.556793717094894	1.35962263285449	1	-1	0.55348379565866
chrX	66691222	67794199	0.995747305933887	3.9882263897065	4	1	0.482263621936555
chrX	67829200	69428781	0.93434676126974	3.82205029013539	4	1	0.633005774363384
chrX	69428782	69463781	-1.18233621889559	0.881274753615179	1	-1	0.877793097692732
chrX	69463782	73348730	0.925300919238737	3.79816062655041	4	1	0.651899401204024
chrX	73413731	74686261	0.902637901542406	3.73896224034985	4	1	0.69503433067205
chrX	74686262	74721261	-4.8574192326109	0.0689923765465108	0	-2	0.754635440236762
chrX	74721262	76243363	0.995747305933887	3.9882263897065	4	1	0.482263621936555
chrX	76243364	76441140	0.602523272855173	3.03673974722965	3	1	0.828485147827411
chrX	76441141	79056803	1.4696784942663	5.53920331903681	6	2	0.934867895239798
chrX	79136804	80929900	0.940654141489801	3.83879665584735	4	1	0.619274611693605
chrX	80950333	82192513	0.910091057577098	3.75832820115113	4	1	0.681512204124357
chrX	82192514	82467513	0.625797696183583	3.08612756346337	3	1	0.845822857382006
chrX	82467514	83287946	1.31767540082125	4.98528298713313	5	2	0.920504555038658
chrX	83287947	83784710	0.833529830684916	3.56408027288754	4	1	0.791395801450536
chrX	83784711	84266123	0.902637901542406	3.73896224034985	4	1	0.69503433067205
chrX	84266124	84386851	0.790730094079034	3.4598994081387	3	1	0.828529324965534
chrX	84386852	84416851	-0.697198270875778	1.23353763197476	1	-1	0.819220810310721
chrX	84416852	84770665	0.846812255003575	3.59704511697122	4	1	0.776654887311357
chrX	84770666	85124161	0.844382996146672	3.59099338684859	4	1	0.779474512906699
chrX	85124162	85184161	-0.541030997551153	1.37455916166191	1	-1	0.501587252039961
chrX	85184162	85997020	0.934346761269743	3.8220502901354	4	1	0.633005774363378
chrX	85997021	87432444	0.902637901542407	3.73896224034985	4	1	0.695034330672048
chrX	87462445	89444517	0.732712900100094	3.32352199142209	3	1	0.857182398954143
chrX	89444518	89529517	0.491211655815942	2.81124980477432	3	1	0.621324746974444
chrX	89529518	90648101	0.847355466041215	3.59839975011113	4	1	0.77601665244508
chrX	90648102	90763101	0.620494672760907	3.07480447397191	3	1	0.842476150532946
chrX	90763102	90793101	-0.660451128961697	1.26536085531964	1	-1	0.781937284122376
chrX	90793102	92298236	0.858770986663012	3.62698552253678	4	1	0.761936085957394
chrX	92445797	92664179	0.950007662822166	3.86376583789641	4	1	0.59809047798275
chrX	92664180	93019179	0.584321060207425	2.99866645842595	3	1	0.809673471554262
chrX	93019180	93064179	-0.706250438424231	1.22582205029014	1	-1	0.826192076962575
chrX	93064180	93895471	0.810098288548323	3.50666178048845	4	1	0.813575598491841
chrX	93895472	93930471	-0.589215194787269	1.32940879656883	1	-1	0.647864428115937
chrX	93930472	97055452	0.943645709815453	3.84676503240005	4	1	0.612604642250399
chrX	97055453	97589960	0.83517628538596	3.56815004942928	4	1	0.789657106992411
chrX	97589961	98558939	0.877102809435269	3.67336641157178	4	1	0.736537593843553
chrX	98603940	99483939	1.00693121244811	4.01926363904749	4	2	0.498097856964735
chrX	99483940	99513939	-0.73028680917802	1.20556813574753	1	-1	0.841550429407215
chrX	99513940	99593939	0.843315653293097	3.58833766019818	4	1	0.780695607010211
chrX	99593940	99623939	-3.17632913959457	0.221237961675542	0	-2	0.595943222350158
chrX	99623940	99868939	0.803102227991487	3.48969809099318	3	1	0.819314087321831
chrX	99868940	109605319	0.908045084066419	3.75300206508513	4	1	0.685288712295185
chrX	109654374	111012505	0.912618261217544	3.76491752480789	4	1	0.676779794798338
chrX	111117506	111501174	0.834957885161539	3.56760993127054	4	1	0.789889157669864
chrX	111536175	111928063	0.953488992321014	3.87310064798889	4	1	0.589962358153367
chrX	111928064	111987759	-0.570147630343884	1.34709572210452	1	-1	0.594691815675128
chrX	111987760	112152759	1.1656723073762	4.48675468841982	4	2	0.834307992510858
chrX	112152760	112232759	0.652764412608956	3.14435566361932	3	1	0.858009569695735
chrX	112232760	112600928	1.21188073679865	4.63278823046714	5	2	0.878723328236485
chrX	112600929	114177607	0.902637901542406	3.73896224034985	4	1	0.69503433067205
chrX	114177608	114207607	0.459571883821546	2.75026738014446	3	1	0.523228437568453
chrX	114207608	116888888	1.01501933094373	4.0418599432301	4	2	0.518784172145983
chrX	116953889	117248888	0.550336157611528	2.92885375494072	3	1	0.75988948626316
chrX	117288889	122181348	0.85390309370131	3.61476809369204	4	1	0.76809806504658
chrX	122181349	122397586	0.559037029480822	2.94657099994733	3	1	0.774608042552719
chrX	122397587	122502586	0.697307563968892	3.242951761327	3	1	0.863453655316707
chrX	122502587	124364504	0.902637901542406	3.73896224034985	4	1	0.69503433067205
chrX	124365706	125648329	0.886616535593672	3.69767015118709	4	1	0.721932325523634
chrX	125648330	125738329	-0.574428637095597	1.34310431859906	1	-1	0.607246327026451
chrX	125738330	125998329	0.867443237596707	3.64885352310923	4	1	0.750360695419931
chrX	125998330	127016799	1.01225709494317	4.03412865595115	4	2	0.511699205929298
chrX	127016800	127416799	0.469678494266299	2.7696016595184	3	1	0.555837369619444
chrX	127416800	127741799	1.31767540082125	4.98528298713313	5	2	0.920504555038658
chrX	127741800	127856799	0.969752097400939	3.91700806131888	4	1	0.550349525226214
chrX	127856800	127881799	-7.47985643875071	0.0112038902084078	0	-2	0.867152931631982
chrX	127881800	131444473	0.916601225238997	3.77532599601276	4	1	0.669169351161562
chrX	131489474	131946925	0.863957433378345	3.64004789536704	4	1	0.755106724994107
chrX	131946926	131976925	-1.48243922786598	0.715766422654937	1	-1	0.742114855653352
chrX	131976926	132322492	0.870995356844052	3.65784858559569	4	1	0.745393231588416
chrX	132379608	137181915	0.926215493605326	3.80056917550424	4	1	0.650032396720452
chrX	137181916	141743700	0.901925283577368	3.73711583924351	4	1	0.696293360385784
chrX	141743701	141803700	0.742267311573944	3.34560543696241	3	1	0.854036203427443
chrX	141803701	142254216	1.19816332643901	4.58894757886187	5	2	0.867897275411817
chrX	142254217	142614216	0.58070980665504	2.99116979227987	3	1	0.805330534935441
chrX	142614217	143199972	1.12699183921214	4.36805747444046	4	2	0.777137219551212
chrX	143199973	143244972	-0.750151413002329	1.18908231248657	1	-1	0.851495543900196
chrX	143244973	143870985	0.991285258950583	3.97591043818082	4	1	0.494291246915877
chrX	143870986	144869770	0.639603495708613	3.11580186695821	3	1	0.853020859255977
chrX	144869771	145144770	0.902637901542402	3.73896224034984	4	1	0.695034330672057
chrX	145144771	147154979	0.936755269418632	3.82843634352794	4	1	0.627815969119
chrX	147154980	151979880	0.904733816524878	3.74439806836171	4	1	0.691297165962655
chrX	151979881	152439829	0.595675300885346	3.02235955491492	3	1	0.821990019777338
chrX	152439830	155700512	1.00025505105976	4.00070721420351	4	2	0.481192303832417
