Chromosome	Start	End	Segment	CNF	CN	Call	ProbCall
chr1	1712347	1714397	2.07094536984599	8.40323814285069	8	2	0.990104543241306
chr1	25258956	25384851	-1.87946955485379	0.543567251461984	1	2	0.557188580720605
chr1	36714822	43488979	2.15446074094502	8.90404411764701	9	2	0.991287742306869
chr1	44565789	45221563	0.851871697136414	3.60968187657331	4	1	0.720577054962672
chr1	56929372	57971266	1.16477640733109	4.4839693209102	4	2	0.9540477501915
chr1	57971267	60087936	-1.03652587602512	0.974999999999996	1	-1	0.917775228527035
chr1	60087937	62884673	1.67968115797429	6.40714285714284	6	2	0.982443660534249
chr1	68637422	69297421	2.07119395432223	8.40468619283316	8	2	0.990108267986108
chr1	73472731	106818806	-1.01204062115381	0.991688807920523	1	-1	0.916891395325583
chr1	121594147	121974146	-1.78120657059061	0.581879945441241	1	2	0.519533859479428
chr1	143189147	143274146	-1.60463945497576	0.657635709812455	1	-1	0.466422231245183
chr1	143274147	146096582	0.548768729241785	2.92567340469389	3	1	0.80801565233056
chr1	149554446	158377187	0.493136399564775	2.81500288244352	3	1	0.707770868705532
chr1	158377188	158409678	-2.64059719969398	0.320723684210525	0	-2	0.518656098888208
chr1	158409679	205820702	0.425578580414669	2.68622207578796	3	1	0.496282479536001
chr1	229714619	233587944	-1.02081601484391	0.9856750308706	1	-1	0.917334973561229
chr1	239075870	248942247	0.438334067822247	2.71007742288645	3	1	0.543340957692086
chr2	72106900	85501804	0.479377486059254	2.78828394590494	3	1	0.672930149043237
chr2	97511107	97560805	-1.75897794879356	0.590914805372339	1	2	0.504092483211442
chr2	165465183	165933124	-0.966706274408204	1.02334579668137	1	-1	0.912008628369074
chr2	184243236	184303235	-1.08789067497694	0.940897404447793	1	-1	0.916345439305599
chr3	10202	2203706	-0.954063715833146	1.03235294117647	1	-1	0.909743468726099
chr3	5178161	5184814	8.09009565435758	544.993666687132	545	2	0.999999983762427
chr3	75376602	75584964	1.00094882939355	4.00263157894737	4	2	0.763531246948669
chr3	82156819	88321844	0.600904044590176	3.03333333333333	3	1	0.857483148469543
chr3	88321845	90719686	0.4329594072761	2.69999999999999	3	1	0.523822762777927
chr3	107983460	120426373	0.467910342687625	2.76620934462732	3	1	0.640522173039103
chr3	135854308	162794159	0.470418871658312	2.77102335755367	3	1	0.647874070035533
chr3	162794160	162909159	-1.87446911791614	0.545454545454546	1	2	0.556278131677609
chr3	162909160	192406055	0.484186990983832	2.7975947445935	3	1	0.68560741387256
chr3	192407962	198233541	0.770246127775951	3.41112146421789	3	1	0.851911588209263
chr4	35198187	38427477	0.478047296804642	2.78571428571428	3	1	0.669328531412155
chr4	47717062	49162213	0.497025245992782	2.82260107961418	3	1	0.716832521033094
chr4	51795751	51820750	-2.93321791003408	0.261844478822267	0	-2	0.549510519329237
chr4	51820751	90633546	0.494408832245964	2.81748676269306	3	1	0.710773363560825
chr4	190066847	190201387	0.715075484800382	3.28313821135696	3	1	0.879291128095165
chr5	10202	9044677	0.50758269750823	2.84333226254361	3	1	0.739746865353917
chr5	50111303	53625056	0.471268764173579	2.77265624999999	3	1	0.650331677586939
chr5	112827041	112836688	5.68492952322599	102.88790053845	103	2	0.999991016668314
chr5	154895960	169460853	-1.07218487082255	0.951196379659628	1	-1	0.917225669887725
chr5	171308320	174440534	0.466108899420302	2.76275743053738	3	1	0.635152531021988
chr5	174440535	181296050	0.780571871639324	3.43562332677667	3	1	0.842773863351132
chr6	2708115	15605415	0.444164481729161	2.72105191438423	3	1	0.563932159109962
chr6	15605416	32339137	1.03919338503056	4.11015666361852	4	2	0.861168937387622
chr6	32339520	32377037	-0.69438498153335	1.2359454062841	1	-1	0.627880957554129
chr6	32377038	47214409	1.03620525844868	4.10165246983903	4	2	0.855489328254496
chr6	47214410	52055801	0.752892165002325	3.37033539111062	3	1	0.864033727404896
chr6	52056639	58451655	0.515578126366036	2.85913378108272	3	1	0.755521897112497
chr6	60231656	63944578	0.519860120838156	2.86763244595313	3	1	0.763435751557265
chr6	105256973	105853030	-1.0173519873494	0.988044559929231	1	-1	0.917177355328399
chr6	105853231	110887675	-0.987206440762839	1.00890725510909	1	-1	0.914794450678675
chr6	110888893	110892531	3.04772580737584	16.5381483095182	17	2	0.99799159666785
chr6	110892786	111484880	-0.904458358169617	1.06846647514571	1	-1	0.895767065031954
chr6	158787003	165272830	0.548436624696041	2.925	3	1	0.80758371754225
chr6	165272831	170745612	0.752550947341507	3.36953835366421	3	1	0.864235569247182
chr7	13744	2759133	-0.925289984800146	1.05314932940288	1	-1	0.902746373782317
chr7	6823258	10397793	-1.0854973447433	0.942459582890584	1	-1	0.916504015715666
chr7	50319018	50400774	6.72518139907249	211.59788530071	212	2	0.999999312478452
chr7	61085237	61655236	-1.55777996138054	0.679346747760997	1	-1	0.562979667609767
chr7	74479255	76515398	0.541613343248925	2.91119876294629	3	1	0.798321537405569
chr7	80018566	92810028	0.472094624956675	2.7742438922391	3	1	0.652703646928014
chr7	92813890	92834147	8.09281596362034	546.022262396639	546	2	0.999999983890019
chr7	92834348	103792467	0.522889302063169	2.87365984881527	3	1	0.768816571257862
chr7	114189387	159334947	0.521205640726887	2.87030817174515	3	1	0.765847805064001
chr8	64084	37388084	-1.1157753012471	0.922886220350067	1	-1	0.91385523701232
chr8	39295132	40542522	0.997345912503921	3.99264807158709	4	2	0.751294763728387
chr8	45932108	60773394	0.511609967883657	2.85128048780486	3	1	0.747858057166553
chr8	60773395	60853656	5.11747636578214	69.4294754110367	69	2	0.999967100192411
chr8	60854325	112996390	0.507107177300057	2.84239523904797	3	1	0.73876659947182
chr8	112996391	136677351	0.739052444748809	3.33815847091834	3	1	0.871211175775229
chr8	136677352	136847351	-0.650114547095528	1.27445943377662	1	-1	0.506172809449023
chr8	136847352	145074357	1.1100020920834	4.31691920607143	4	2	0.935300832722914
chr9	21415016	32007497	0.470659243051214	2.77148508384834	3	1	0.648570852610935
chr9	32007498	36833879	0.759034410240291	3.38471511550064	3	1	0.860169635732833
chr9	36833880	38722386	1.18586654531133	4.54999999999999	5	2	0.958099971032907
chr9	38722387	42689077	0.491192672861567	2.81121281464531	3	1	0.703113399065934
chr9	42689078	42730776	-1.84936144877796	0.555030343644579	1	2	0.550302240774164
chr9	42730777	43221461	0.580925429199524	2.99161688041926	3	1	0.842431923618159
chr9	60521462	60686461	-1.4978570275779	0.708157894736839	1	-1	0.669042899226799
chr9	60741462	61468252	0.666773021194401	3.17503615688244	3	1	0.881826506074572
chr9	61523253	61648252	-1.76995663259494	0.586435102586975	1	2	0.512072067701331
chr10	10202	39511402	0.524648071040976	2.87716522285259	3	1	0.771859731963259
chr10	87864277	87964934	7.42928595704247	344.721138250065	345	2	0.999999895021465
chr10	104504862	109399667	-1.06755277164574	0.954255319148935	1	-1	0.91741242412466
chr11	32549376	43838566	-1.05889368905357	0.959999999999999	1	-1	0.917670987423551
chr11	55429179	55727206	0.846578466719035	3.59646226415093	4	1	0.734321527861957
chr12	64561653	64611410	6.35981518209962	164.257471171487	164	2	0.999998256191066
chr12	111403225	111439011	6.54797163642567	187.13967416842	187	2	0.999998916109508
chr13	18492493	25239310	-0.973447193401735	1.01857541899441	1	-1	0.913039803778681
chr13	40976205	41017372	6.77356197537521	218.814112090499	219	2	0.999999393581527
chr13	48304140	48479697	6.59796141824284	193.737768333423	194	2	0.99999904604024
chr13	57129747	57173577	2.17828460804042	9.05230132173611	9	2	0.991601201862471
chr13	59717041	114351745	-1.03652587602512	0.974999999999996	1	-1	0.917775228527035
chr14	18917869	19484470	-0.736016764772657	1.20078947368421	1	-1	0.722100985151026
chr14	19484471	19683966	0.999506288790379	3.99863137606302	4	2	0.75869726095783
chr14	106714971	106754218	2.8777800656579	14.7003649402272	15	2	0.997305805281454
chr15	19780202	22573064	-1.00063665956751	0.99955879857379	1	-1	0.916089265418209
chr15	22573067	23712546	0.462174969236186	2.75523422574812	3	1	0.623166875835416
chr15	58538302	62776919	0.474880017725962	2.7796052631579	3	1	0.660586065113433
chr15	82238220	87549188	0.444932048942181	2.7225	3	1	0.566594781117564
chr15	92826760	92915320	6.5484428193294	187.200803799709	187	2	0.999998917410375
chr16	12313336	26466471	0.548436624696036	2.92499999999999	3	1	0.807583717542244
chr16	34188427	36063209	-0.780240162547851	1.16453971174345	1	-1	0.796247878219655
chr16	36063210	36258209	0.468074839820841	2.76652476780185	3	1	0.641008753447936
chr16	58859427	65885899	-0.954063715833146	1.03235294117647	1	-1	0.909743468726099
chr16	68144091	90227676	-0.984011592480416	1.01114395597857	1	-1	0.914427163432339
chr17	62040	3154905	-0.957774775837735	1.02970082107901	1	-1	0.910455064341145
chr17	10110002	11171008	0.65535182861255	3.14999999999999	3	1	0.879991301044094
chr17	11171009	12021059	-0.992426722466488	1.00526319818951	1	-1	0.915344656527739
chr17	12021062	12141397	6.21154020020553	148.214234464407	148	2	0.999997477830546
chr17	12141598	12703955	-1.35636007243076	0.781132898200532	1	-1	0.827179639510516
chr17	15361957	20665579	-0.952157843589828	1.03371763221452	1	-1	0.90936233415976
chr17	21759347	22761913	-0.651227401788125	1.27347673040003	1	-1	0.509406929923146
chr17	31095295	31373680	6.04363278479766	131.930359745421	132	2	0.999996192439739
chr17	37919572	38195978	-1.09591367983952	0.935679480270083	1	-1	0.915750178417268
chr17	47699938	48184983	0.483708927547222	2.79666786389188	3	1	0.684371431516633
chr17	64967040	64973572	3.03877401703288	16.4358483260694	16	2	0.997959934039077
chr18	51037323	51093732	3.73933195652632	26.7104422219529	27	2	0.999432946510147
chr19	1199717	1226795	4.41203789323153	42.5780476372926	43	2	0.999850852584703
chr19	4876807	4921971	5.41651469046173	85.4207518104995	85	2	0.999983247785465
chr19	8277366	24413208	0.614294882183841	3.06161926073536	3	1	0.865328647736468
chr19	24413209	24448208	-1.15105426405151	0.900592105263152	1	-1	0.908983285062069
chr19	54786508	54909550	0.96483920890496	3.90369194499751	4	2	0.618270713684439
chr19	58339538	58604632	0.513105931592504	2.85423857959082	3	1	0.750785094454592
chr20	4886207	12104006	0.597346225176985	3.02586206896551	3	1	0.855109682318479
chr20	60201472	64333190	0.608878573825746	3.05014657643043	3	1	0.862356128300678
chr21	12968738	18746284	0.721501333668915	3.29779411764704	3	1	0.877619129020151
chr21	18746285	20208239	0.460973783445701	2.75294117647058	3	1	0.619436803200973
chr21	20208240	21963257	0.655351828612554	3.15	3	1	0.879991301044095
chr22	10510202	10680201	-1.1780649219415	0.883887754812523	1	-1	0.903875577980384
chr22	11369687	12032641	-0.830801425486987	1.12443368171331	1	-1	0.8521794418479
chr22	16307841	16393156	1.69442277276243	6.47294736574863	6	2	0.982806852294448
chr22	26493975	28456910	-0.866344199249719	1.09707016654211	1	-1	0.877571402760863
chr22	50206359	50804320	-0.965220991640388	1.02439989371226	1	-1	0.911765392864206
chrX	2782340	6128045	0.666478824891644	3.17438876527253	3	1	0.8817908099021
chrX	6128046	15464987	1.39793308211406	5.27047533583417	5	2	0.97388958547464
chrX	15464988	16845160	0.582090420021745	2.99403361691514	3	1	0.843429861161086
chrX	16845779	17957329	1.06300979752579	4.1785714285714	4	2	0.897162334048361
chrX	17957330	21994325	0.603861057988005	3.03955696729158	3	1	0.859360939226268
chrX	22794630	28331661	0.733016385697305	3.32422120166696	3	1	0.873734218265536
chrX	28331662	28396661	-0.773491470191326	1.17	1	-1	0.786600317597859
chrX	28396662	30399627	0.690009331577818	3.2265879068977	3	1	0.882722252174521
chrX	30399628	31942438	0.996029884813202	3.98900763514635	4	2	0.746689923163445
chrX	31942439	33389655	0.65387459320507	3.1467762348484	3	1	0.879686026112675
chrX	33389656	38521338	1.3962150944837	5.26420289285937	5	2	0.973822897846699
chrX	44438894	45146738	5.47881192387912	89.1901152992743	89	2	0.999985482407389
chrX	45151496	52088375	0.679681157974288	3.20357142857141	3	1	0.882794210074325
chrX	52088376	52173375	-0.877636396994827	1.08851674641148	1	-1	0.883804636207987
chrX	52173376	55778565	0.682133418819216	3.20902141838949	3	1	0.88284562830919
chrX	55803566	58550623	1.31195563790356	4.96555727554178	5	2	0.969983893130538
chrX	62465624	70396132	1.4270019519797	5.37774725274723	5	2	0.97497369703715
chrX	70396333	73594800	0.736633684759203	3.33256654797528	3	1	0.872264207039488
chrX	73644801	75665103	0.602833079583725	3.0373919317883	3	1	0.858717764301707
chrX	75665104	75690103	-5.9388606659696	0.0326027921405085	0	-2	0.585277229719735
chrX	75690104	76238363	0.853114761346997	3.61279341426352	4	1	0.717215002663543
chrX	76238364	76293363	-1.25891829736157	0.835714285714281	1	-1	0.88005116227666
chrX	76293364	77100719	0.963474123974883	3.89999999999999	4	2	0.611945714797764
chrX	77220720	78254916	2.37480260301343	10.3732970120317	10	2	0.993824822350577
chrX	78254917	82252513	0.621456791428379	3.07685571374035	3	1	0.868861150547058
chrX	82252514	84349669	1.69318993329353	6.46741834119301	6	2	0.982776733878102
chrX	84445806	84655665	0.660719917763235	3.16174259177353	3	1	0.88096912898389
chrX	97829602	97898939	1.28540221886224	4.87499999999997	5	2	0.968400076961777
chrX	105297755	105451447	0.741081702638432	3.34285714285713	3	1	0.870283284169304
chrX	109026616	109319736	-0.631608416466726	1.29091282894736	1	-1	0.45186064914646
chrX	109319737	109367550	0.953518971707911	3.87318113235042	4	2	0.564695877652929
chrX	112077760	116700534	0.771661380554534	3.41446934277386	3	1	0.850750367907829
chrX	116700535	117398888	0.498422215530399	2.82533554343803	3	1	0.720004922139409
chrX	117398889	121856348	0.658774789564321	3.15748261273077	3	1	0.880638548574183
chrX	121981349	124352001	0.658840499618725	3.15762642904221	3	1	0.880650155344139
chrX	124353130	124364504	-6.91688540670399	0.0165516011212326	0	2	0.51287204063989
chrX	124365706	127396799	0.584962500721151	2.99999999999999	3	1	0.845823518486481
chrX	127396800	127431799	-5.27589565324718	0.0516210875558047	0	-2	0.619888986734356
chrX	127431800	127751799	1.07102117330037	4.20183984268893	4	2	0.906172814432888
chrX	127906800	140241956	0.66818796189945	3.17815163972701	3	1	0.881989682600844
chrX	140241957	140391956	0.458215225844341	2.74768234429458	3	1	0.610747447453223
chrX	140391957	150016466	0.591577893484777	3.01378791019145	3	1	0.85098752445151
chrX	150016467	150076466	-1.05189138460041	0.964670808498605	1	-1	0.917792384326234
chrX	150076467	155398320	0.67968115797429	3.20357142857142	3	1	0.882794210074325
