Chromosome	Start	End	Segment	CNF	CN	Call	ProbCall
chr1	12080	19169	0.804394680051178	3.49282577095598	3	1	0.902324397645428
chr1	16757231	16951246	0.972201458340702	3.92366387922751	4	1	0.530191833460494
chr1	25258956	25385885	-0.63829763121168	1.28494122387693	1	-1	0.668404022806869
chr1	145332008	145352828	-0.927376749047538	1.05162711876566	1	-1	0.846084563885966
chr1	145353430	145372716	0.839102658099306	3.57787418948207	4	1	0.868609480000454
chr1	146067370	146087661	-0.663360398509607	1.26281176043058	1	-1	0.711449544315974
chr1	146088484	146098060	1.23781628580675	4.71682568561778	5	2	0.987642156144029
chr1	148592603	149472900	0.455860918979673	2.74320210982775	3	1	0.731888051861497
chr1	182853886	182883568	0.67048582402623	3.18321769532606	3	1	0.947306125301404
chr2	86865614	86878974	-1.19442474897798	0.87392128825659	1	-1	0.818316205878482
chr2	86879429	87187317	0.417852267223625	2.67187454132886	3	1	0.596194224172489
chr2	95796804	95982361	-0.629915792974341	1.29242826471115	1	-1	0.651329088958515
chr2	97515790	97576429	-1.44526463706431	0.734449582406934	1	-1	0.64707740783343
chr2	174350539	174387854	-1.28891158027518	0.818519345371416	1	-1	0.776804127039709
chr3	5178161	5184814	7.82229823863694	452.664462511121	453	2	0.999999999996698
chr3	52256113	52267104	0.574392567481628	2.97810076228284	3	1	0.923486690986906
chr3	93714064	93906186	0.770649239988564	3.41207471962354	3	1	0.923638113221638
chr3	98149921	98498495	0.76235747012983	3.39252035109983	3	1	0.927570437574144
chr3	155922139	156121046	1.40259940956797	5.28755003259545	5	2	0.993758340679519
chr3	156142984	160285921	0.457087496137047	2.74553536786795	3	1	0.735606761057444
chr3	160377363	195619161	0.455572937629265	2.74265458440868	3	1	0.731008610534402
chr3	195750877	198228341	0.464338401234203	2.75936901048218	3	1	0.756694710843066
chr4	9160776	9224983	0.823067617528504	3.5383275749585	4	1	0.885970026230924
chr4	9225078	9272867	-1.07406427874246	0.949958056903092	1	-1	0.844475871927255
chr4	9325132	9358652	1.40897609212881	5.31097262109621	5	2	0.993844293614149
chr4	9358659	9483824	-0.927917398845791	1.0512330954603	1	-1	0.84613626045236
chr4	54723519	54727332	2.43336246418306	10.8030177013132	11	2	0.99939931536179
chr4	190069025	190196187	1.49456728441727	5.63559245232445	6	2	0.994863382861085
chr5	17491204	17705659	4.89656068785281	59.5719255804502	60	2	0.999999586907949
chr5	34124738	36038148	0.824019566273833	3.54066307755411	4	1	0.885031089072455
chr5	36039501	37326018	0.392461518964925	2.62526219773999	3	1	0.488996578998963
chr5	69603491	70384337	-0.850869267115658	1.10890112448792	1	-1	0.833774287844564
chr5	70487640	70987850	-0.806553254132033	1.14349237517449	1	-1	0.8210341798229
chr5	72891729	72905396	0.818142215188102	3.52626822011233	4	1	0.890656877971335
chr5	80331635	80360170	2.81889095011741	14.1123950805006	14	2	0.999775160030411
chr5	103005017	103011255	0.531777036068758	2.8914176951484	3	1	0.88646432790056
chr5	112827227	112836688	5.93963894583239	122.755082290695	123	2	0.999999990758438
chr5	171391180	171410525	1.34054315180833	5.06493288389763	5	2	0.992755164501859
chr6	105929	152906	-1.30441040244669	0.809773085282621	1	-1	0.767727855559177
chr6	29727966	29797299	-0.891636533652086	1.07800469867585	1	-1	0.841626891120501
chr6	29826895	29942597	0.978445925288429	3.94068361657411	4	1	0.504957847490119
chr6	29942602	30009144	-2.81687704051017	0.28383471546135	0	-2	0.54444837733453
chr6	31114771	31129770	-2.7385463192816	0.299671477462765	0	-2	0.536001596146019
chr6	31164505	31166373	-1.66186000406002	0.632062880236369	1	2	0.429379271105742
chr6	31166958	31355306	0.981460032074317	3.94892517632063	4	2	0.500029139187538
chr6	31355344	31357219	-1.93885741231246	0.521645850695537	1	2	0.560565785470929
chr6	31403495	31463907	-1.29419845954844	0.815525300594933	1	-1	0.773788392474788
chr6	31463912	31529986	1.33827181712301	5.05696508317274	5	2	0.992708836287662
chr6	32292958	32510364	-0.862614169972553	1.09991026668113	1	-1	0.836371038626112
chr6	32517622	32758098	2.44612362074865	10.8989981436365	11	2	0.999417994218352
chr6	33092941	33129196	2.53578489833707	11.59784532888	12	2	0.999534684589325
chr6	88963225	89059748	0.803256515380319	3.49007131276369	3	1	0.903203596407877
chr6	110888893	110893664	1.17968725951721	4.53055332319703	5	2	0.974037650224395
chr6	137871517	137881396	1.76814348280636	6.81230714428325	7	2	0.997149581274642
chr7	50319018	50400774	7.04653694327278	264.392408530182	264	2	0.999999999897164
chr7	60920237	61220236	-1.05697011239233	0.961280842567624	1	-1	0.846263033995476
chr7	74689010	74711184	0.672026866326241	3.1866197268366	3	1	0.947281802517594
chr7	92565862	92834147	1.17390647241756	4.51243600642711	5	2	0.971510963027382
chr7	102480350	102667259	0.912789323050332	3.76536396141245	4	1	0.73146202427386
chr7	103184008	103254793	-1.40664783259304	0.754374161503347	1	-1	0.687686822833568
chr7	142407702	142671152	-0.667246804027202	1.2594145115684	1	-1	0.717144002054937
chr8	7254144	7361233	1.65357325201681	6.29223804878706	6	2	0.996338991192545
chr8	7675164	7774055	0.917779806817659	3.77841143508301	4	1	0.717820550161744
chr8	7779222	7985294	-0.550700762553707	1.36537688897313	1	-1	0.423046634393863
chr8	7985468	8015446	1.44594294513215	5.44881664765617	5	2	0.994310495140536
chr8	12359184	12416782	-2.26770778161255	0.415319126561462	0	2	0.527246739722106
chr8	39375698	39668206	2.47354662298054	11.1081497237186	11	2	0.999456310460265
chr8	60780950	60816090	7.3508239482557	326.473922301091	326	2	0.999999999972547
chr8	73013647	73026933	0.742151371284831	3.34533658258578	3	1	0.93540411274213
chr8	86461106	86466884	0.964123200163683	3.90175502555598	4	1	0.562003679986974
chr8	94738368	94765332	0.888534758554853	3.70258988343248	4	1	0.789099116580415
chr8	123777275	123780154	-1.82571397458662	0.564202915217974	1	2	0.53752751911607
chr9	21968066	21974385	2.02210967932047	8.12354636725258	8	2	0.998393894391181
chr9	34838268	34895641	0.909657268661034	3.75719831854058	4	1	0.739704820132652
chr9	36840509	37034074	6.7547641364188	215.981530496172	216	2	0.999999999647367
chr9	65875688	66038957	0.880885770022841	3.68301116312998	4	1	0.804469235494535
chr9	83842230	83978287	0.45940191923066	2.74994338891777	3	1	0.742504232028149
chr9	105521091	105526500	1.07799817731459	4.22220953625435	4	2	0.848919887182784
chr10	37149615	37199805	-1.22846184758799	0.853544426878053	1	-1	0.805862996876418
chr10	46009306	46838009	0.680719389259762	3.20587769917306	3	1	0.94695619326804
chr10	47483864	48053737	0.898200961971361	3.72748090507234	4	1	0.767804535967646
chr10	48057264	48184950	-0.586767453103133	1.33166624618904	1	-1	0.540368750796955
chr10	87864277	87964934	7.5370036163082	371.444696280226	371	2	0.99999999998798
chr10	94694802	95067776	0.67244109320305	3.18753480106553	3	1	0.947273537234907
chr10	133421397	133778707	0.643319975293714	3.12383872970973	3	1	0.94600255189054
chr11	1608345	1630553	0.877174464762228	3.67354886371903	4	1	0.811478129720628
chr11	5777645	5788439	-6.3326502371775	0.0248148881622934	0	2	0.683310113193549
chr11	18103126	18113360	1.1760011890057	4.51899258263358	5	2	0.972462145688932
chr11	55343144	55856213	0.45832243594427	2.74788653869192	3	1	0.739306564224729
chr11	100859586	100933191	0.985961964620372	3.96126705105078	4	2	0.518421891286142
chr11	123940549	123995018	0.610399848200669	3.05336455180046	3	1	0.939376004979831
chr12	9154568	9573460	0.413672766716298	2.66414529800444	3	1	0.579180095076884
chr12	10422223	10442342	-1.40137876032819	0.757134356323045	1	-1	0.692759124423988
chr12	31114708	31615139	0.549019224119955	2.92618143293943	3	1	0.904461602269061
chr12	43796896	43804659	1.60987262327763	6.10449784095291	6	2	0.995977932287797
chr12	56107061	56114006	0.62221398831275	3.0784710218919	3	1	0.942479005046323
chr12	63597671	63644414	-1.20042306020624	0.870295317873021	1	-1	0.816305605864593
chr12	64501653	64622708	6.51094480153857	182.397835816339	182	2	0.999999999037406
chr12	88055511	88139178	-0.556204560844199	1.36017797804625	1	-1	0.441794965904492
chr12	111403225	111439011	6.70492523400865	208.647703890473	209	2	0.999999999566197
chr13	18171403	18212094	-0.973892768567648	1.01826088139653	1	-1	0.848928418156128
chr13	18218918	18731939	0.534403292977117	2.89668597521522	3	1	0.88951514007393
chr13	27075271	27171772	1.48628561243151	5.60333447401098	6	2	0.994773186531158
chr13	40958871	41017372	7.16248263313187	286.518132405298	287	2	0.999999999937561
chr13	48304140	48479697	6.85328957114195	231.246796739168	231	2	0.999999999766534
chr13	52532562	52657490	1.97265809007469	7.84981193281374	8	2	0.998200441247967
chr13	57141246	57169212	1.8875429414384	7.40009063866828	7	2	0.997816353004577
chr13	75302095	75310247	1.7650034729319	6.7974963563827	7	2	0.997129759021479
chr14	18228380	19669708	-1.15255932817046	0.899653069605761	1	-1	0.830334455714087
chr14	35654227	35760891	0.797659069561723	3.47655658090742	3	1	0.907348477562518
chr15	19810202	22564583	-1.47367314787786	0.720128790727164	1	-1	0.613282400753293
chr15	82812954	82819574	-3.21737512421185	0.215032238498387	0	-2	0.578007664966045
chr15	92832588	92915320	6.67084426779911	203.776555371371	204	2	0.999999999500458
chr16	28606158	28610097	-1.63615193462849	0.643426858831455	1	2	0.405998679202531
chr16	74360587	74421281	0.809636403763252	3.50553928790897	4	1	0.898109437082746
chr17	1056946	2303798	0.675027458076752	3.19325432042433	3	1	0.947205447655073
chr17	7670087	7674149	2.18982958334592	9.12503177964151	9	2	0.998915820104313
chr17	12024637	12141397	7.2091444461045	295.936625282924	296	2	0.999999999948996
chr17	19030573	19222359	0.726828495756208	3.30999375653499	3	1	0.939886410141849
chr17	31095295	31373680	6.23917875402704	151.081034158081	151	2	0.999999997131611
chr17	36319901	36453312	-1.08814570531634	0.940731093363478	1	-1	0.84267193653978
chr17	37874182	38060800	-0.763241563940944	1.1783420904419	1	-1	0.802539500201386
chr17	66687032	67724269	0.45139723685555	2.73472779004001	3	1	0.717986319263179
chr17	67726343	68046630	0.550759740368146	2.92971380786595	3	1	0.906028518911165
chr18	14187229	14748614	-0.542457491487686	1.37320071016462	1	-1	0.394777349542515
chr18	51047024	51078532	4.65585018257417	50.4174128125319	50	2	0.999999065427392
chr19	1208034	1226795	4.94488325315379	61.6010592298608	62	2	0.999999650312335
chr19	4885131	4921971	5.69004064670946	103.253054206702	103	2	0.999999976150225
chr19	15619385	21744247	0.556962652511553	2.94233732153803	3	1	0.911276504031783
chr19	27278209	32772893	0.546917118810902	2.9219208912379	3	1	0.902511746682697
chr19	34444937	37891894	0.692876156430545	3.23300593619335	3	1	0.945970363127652
chr19	37892567	39248632	0.412512685301105	2.66200390076109	3	1	0.574401599252276
chr19	43815593	45071654	0.478450761281042	2.78649344825294	3	1	0.793390894952155
chr19	54667681	54739706	1.49579100162204	5.64037468064112	6	2	0.994876582893752
chr19	54747401	54786503	-2.16526267476638	0.445883069374762	0	2	0.542638194303746
chr19	54786508	54909550	0.806607941645012	3.49818828328015	3	1	0.900578334371187
chr20	6200249	6214618	3.2525782985238	19.0613487239037	19	2	0.999930582722925
chr20	6215029	9744599	0.466881373788399	2.7642371131434	3	1	0.763728497837333
chr20	9744600	14593791	0.879772436970417	3.68017006629574	4	1	0.806601901115086
chr20	26081127	26358584	0.643310074389466	3.12381729155327	3	1	0.946001447625625
chr22	15176952	15985285	-0.797572913139382	1.15063246933082	1	-1	0.817776945454717
chr22	18202302	18887005	0.521645074401764	2.87118257842452	3	1	0.873537266442324
chr22	23786710	23831850	5.29163259526516	78.3375766905937	78	2	0.99999989702038
chr22	41160869	41173780	0.704716707317866	3.25964919056086	3	1	0.944415972717561
chrX	2789563	34132294	0.602970108630997	3.03768044091709	3	1	0.936948581787854
chrX	34147194	37659726	0.662943671473157	3.16661982369505	3	1	0.94727751499114
chrX	37667223	44876881	0.566194068649896	2.96122490766875	3	1	0.918180181449713
chrX	44877054	46501358	6.8433963841453	229.666461652244	230	2	0.999999999756622
chrX	46522919	49336327	0.565801365891763	2.96041896954497	3	1	0.917907246085427
chrX	49594078	58510623	0.536795630393956	2.90149336618014	3	1	0.892192759138245
chrX	62510624	65957238	0.640042297657448	3.11674969573467	3	1	0.945610227180162
chrX	65957439	75743055	0.578423418742456	2.98643313074658	3	1	0.925835547747935
chrX	75743364	77717095	6.7635856457224	217.306217934142	217	2	0.999999999660097
chrX	77717102	102514356	0.579581566504723	2.98883150281987	3	1	0.926480433344914
chrX	102514940	105406247	0.615982034601231	3.06520175024581	3	1	0.940952630697952
chrX	105406448	119932248	0.584376637435214	2.99878197887499	3	1	0.929013733178991
chrX	119934454	124364504	0.637032865352481	3.11025499596928	3	1	0.945201958991048
chrX	124365706	134897102	0.56270764808172	2.95407744366438	3	1	0.915694126451152
chrX	134899024	136097718	0.758890942496009	3.38437854173782	3	1	0.929084198348664
chrX	136097919	156003464	0.586628813954195	3.00346700276746	3	1	0.930130087134137
