Chromosome	Start	End	Segment	CNF	CN	Call	ProbCall
chr1	786031	1045589	-0.584150822913439	1.33408369397315	1	-1	0.484122338261205
chr1	1353141	1421140	-0.64674620499469	1.27743846294574	1	-1	0.656975535060758
chr1	6413192	8676528	-0.62570870482823	1.29620265584518	1	-1	0.603604210715707
chr1	10015709	10258671	-0.605666862665073	1.31433508943851	1	-1	0.547708910549182
chr1	15124925	15739376	-0.768043324218236	1.17442670258008	1	-1	0.837902336768578
chr1	16503630	16794807	-0.574003115020589	1.34350052487518	1	-1	0.453555420588814
chr1	16854808	16997347	0.425661951702564	2.6863773132143	3	1	0.535183982517907
chr1	17000005	17096002	-0.754166061285342	1.18577800268304	1	-1	0.826613842784904
chr1	18896937	21228068	-0.661772628051814	1.26420232385208	1	-1	0.691105261066966
chr1	24331379	24745710	-0.60831755751449	1.31192245018424	1	-1	0.555329937359014
chr1	25259277	25384851	-0.859507964341161	1.10228098815753	1	-1	0.879661195435717
chr1	26244564	26394528	-0.643372188328657	1.28042949186414	1	-1	0.648837583569798
chr1	26698029	28779173	-0.598749457661293	1.32065216914372	1	-1	0.52755996026879
chr1	28779174	29180900	-0.605265246356298	1.31470102393705	1	-1	0.546549071137124
chr1	31165980	31700144	0.835681794183152	3.56940051971716	4	1	0.891151322554667
chr1	33251661	33772920	0.62162493868445	3.07721434462334	3	1	0.897995136071382
chr1	35213483	37840632	0.644604540292526	3.12662141127637	3	1	0.910018514113515
chr1	39014513	39324379	0.807769359153478	3.50100557509264	4	1	0.908115249574367
chr1	39932239	40912320	0.660188799794815	3.16057883284402	3	1	0.916114473012602
chr1	42521583	45108470	0.585632780936954	3.00139413235915	3	1	0.87035142136122
chr1	72274924	72342730	5.19769847921362	73.3995075762538	73	2	0.999999995364593
chr1	103546308	103818806	-0.653856420299461	1.27115819104411	1	-1	0.673561767796566
chr1	109681834	109700399	-3.59172030764794	0.165887799787623	0	-2	0.565516260874838
chr1	120502022	120620554	0.583792921942398	2.99756891486282	3	1	0.868599311692054
chr1	143189147	143269146	-3.67322229396113	0.156776117258495	0	-2	0.56485084124399
chr1	145305158	145393227	0.800952299064677	3.48450155591042	3	1	0.911275963384009
chr1	146088484	146097101	1.43300559379405	5.4001728786626	5	2	0.997636778918071
chr1	146109791	146124906	2.06557587403694	8.37202067298454	8	2	0.999578031485489
chr1	152590092	152614198	-5.49463204086207	0.0443589171732855	0	2	0.663149618095387
chr1	182853886	182883568	0.581591791161149	2.99299898827501	3	1	0.866455071416699
chr3	5178161	5184814	8.24781693229071	607.953399185258	608	2	0.999999999999999
chr3	75191376	75813622	0.49769475382741	2.82391126093294	3	1	0.736372823291252
chr3	98133074	98294159	0.929719348805869	3.80981078774705	4	1	0.760133080872972
chr3	155922139	156047434	1.3194755162078	4.99150723090636	5	2	0.995557177092624
chr3	173537953	198228341	0.656936995179792	3.15346297640165	3	1	0.914968810188981
chr4	4104550	4157180	4.28841660739435	39.0815723711614	39	2	0.9999997871234
chr4	9160776	9202770	1.54015714885399	5.81652361290123	6	2	0.998239462898027
chr4	9202855	9272867	-1.3032338846796	0.810433724550957	1	-1	0.846763597655538
chr4	9325132	9341331	1.54015714885399	5.81652361290123	6	2	0.998239462898027
chr4	9344115	9480154	-0.599625353673513	1.3198506117392	1	-1	0.530130220026699
chr4	68517034	68668276	0.770900790227089	3.41266970540881	3	1	0.921397033976542
chr5	17476137	17685659	0.885198702919437	3.69403798909491	4	1	0.839982009165026
chr5	34178929	34203813	2.08850508569214	8.50614286339199	9	2	0.999604791374659
chr5	63167540	65658524	0.43010548494799	2.69466417119562	3	1	0.549648916016353
chr5	69900014	70205748	-1.085970969917	0.942150231774266	1	-1	0.89040910360331
chr5	70511735	71003802	-0.794739420761109	1.15289456353912	1	-1	0.855104254122018
chr5	72893474	72905528	1.03833611480442	4.10771507466295	4	2	0.600209003965239
chr5	80331635	80360170	2.17587446355631	9.03719130904837	9	2	0.999692856794288
chr5	100696484	104931877	0.511252814538146	2.85057471264368	3	1	0.764734335122922
chr5	109563722	112819370	0.531720479444179	2.89130434782609	3	1	0.801756014156778
chr5	112821838	112867507	3.09990129290181	17.1472021737913	17	2	0.99998315968112
chr5	112867708	116735208	0.567232117819199	2.96335633745826	3	1	0.851117412425198
chr5	125505222	125945221	-1.56351138868255	0.676653245343584	1	-1	0.671684257704225
chr5	171391180	171410525	0.738140647930484	3.3360493899562	3	1	0.926385627296652
chr6	29153074	29397722	0.873796375987001	3.66495726495725	4	1	0.85470826604506
chr6	29756660	29817499	-1.55600856587261	0.68018138767491	1	-1	0.679726389045868
chr6	31166958	31312275	1.30287198733212	4.93439082332188	5	2	0.99466344016088
chr6	31312276	31367419	-1.23402155078986	0.850261458874847	1	-1	0.867201640714086
chr6	32490365	32757401	1.60603910289637	6.08829853874445	6	2	0.998517611898241
chr6	32757866	32830330	-0.620119727115412	1.30123386349822	1	-1	0.588450375465486
chr6	33092941	33176788	0.651140295287078	3.1408178895675	3	1	0.912763711744849
chr6	35397485	35685048	0.670590329376639	3.18344828829284	3	1	0.919355495948412
chr6	105852364	105893230	0.825236441621307	3.5436507936508	4	1	0.898315257482646
chr6	110888893	110893664	0.899092193165852	3.72978428415195	4	1	0.819145829343559
chr6	123503596	123530640	0.463807463640162	2.7583537001413	3	1	0.651656910959288
chr6	137871517	137881396	1.94527802266336	7.70223970523202	8	2	0.999407547306951
chr6	159710946	159712141	-4.09373297901587	0.117136859109929	0	-2	0.548210551172774
chr7	29577063	29732003	-0.945649067282201	1.03839182658479	1	-1	0.892076938622765
chr7	50299370	50400774	7.03960026140139	263.1242236726	263	2	0.999999999999448
chr7	61100237	61520236	-1.3459742411147	0.786776492885399	1	-1	0.830033651963354
chr7	73624866	74812826	0.544647334400786	2.91732746304559	3	1	0.821771685845982
chr7	74819482	92577293	0.424166371786411	2.68359390433147	3	1	0.530275922514684
chr7	92577659	92805028	0.413772896693955	2.66433020892398	3	1	0.49571323784485
chr7	92813890	92834147	8.08110274941781	541.607065508415	542	2	0.999999999999998
chr7	92834348	97852403	0.41326946571167	2.66340064838775	3	1	0.494022334528325
chr7	97852405	100990739	0.631467748990659	3.09828046965556	3	1	0.903619378177759
chr7	101004522	103195780	0.516140776891003	2.8602490596502	3	1	0.77419604154757
chr7	103258690	109810837	0.505281615720866	2.83880079547998	3	1	0.752630484415718
chr7	133740356	138899179	0.495855026887168	2.82031249999999	3	1	0.732280951083565
chr8	4500283	6967129	-0.836426569233045	1.12005799179017	1	-1	0.873046730872779
chr8	7416695	12113534	-0.725505038846889	1.20957058525412	1	-1	0.796947364778209
chr8	12113735	12173330	0.878140019653981	3.67600828875162	4	1	0.849335127243061
chr8	12173371	17247930	-0.752072486556418	1.1875	1	-1	0.824750579608505
chr8	17268335	30921171	-0.718801543492681	1.21520394333821	1	-1	0.788588509906244
chr8	30921372	39355131	-0.762164319967227	1.17922227364552	1	-1	0.833338136338927
chr8	39355132	39532152	7.6697930556727	407.256257483244	407	2	0.999999999999983
chr8	60763395	60816578	7.65686983828757	403.624471980146	404	2	0.999999999999982
chr8	97358181	140124415	0.869415890189857	3.65384615384616	4	1	0.859846133523794
chr8	140124416	145074357	1.04646571044383	4.13092741439105	4	2	0.632526977213484
chr9	21968066	21974385	2.17890715648933	9.05620839292596	9	2	0.999695554026432
chr9	36840509	37034074	6.95895117014168	248.81871119328	249	2	0.99999999999915
chr9	60526462	60686461	-2.1437734533192	0.45257429369056	0	2	0.546417107052861
chr9	105521091	105526500	1.06832175480066	4.19398515473899	4	2	0.715389025945728
chr9	129392752	133058007	0.559517169273179	2.94755180420359	3	1	0.841849418393325
chr9	133087152	138331075	0.628990448833098	3.09296487319892	3	1	0.902273428439775
chr10	37144867	37211578	-1.26894792647344	0.829924540858735	1	-1	0.857818762504745
chr10	39561403	39631402	-3.08872115066366	0.235088985088984	0	-2	0.551278573208806
chr10	46181621	46819605	0.469686266435076	2.76961658011417	3	1	0.66774646583121
chr10	47487294	48008033	0.623849652559433	3.08196323635696	3	1	0.8993318589885
chr10	87864277	87964934	7.27467031649968	309.687709169362	310	2	0.999999999999846
chr10	94683738	95065033	0.423137617229377	2.68168097381244	3	1	0.52688912223181
chr10	133664443	133778707	1.54015714885399	5.81652361290123	6	2	0.998239462898027
chr11	60202	1940794	-0.62308054856738	1.29856609914737	1	-1	0.596524458190805
chr11	2619081	4787448	-0.630863248681991	1.29157977178457	1	-1	0.617239160267368
chr11	4787649	4890637	-0.886551971105486	1.08181066758842	1	-1	0.885288446444422
chr11	4890838	7450892	-0.785619470794864	1.16020563317411	1	-1	0.849825592993289
chr11	18103126	18113360	0.951434168466998	3.86758813535842	4	1	0.705793234515937
chr11	56041635	56071505	6.7049514236148	208.65149155913	209	2	0.999999999996761
chr11	56971291	57028563	0.760840126825632	3.38895416984988	3	1	0.923548514796925
chr11	57899387	57928388	5.46039872756987	88.059010473623	88	2	0.999999998580786
chr11	77039392	79340082	1.09885381474563	4.28368921355502	4	2	0.814033201372082
chr11	79340083	87761630	0.590532304579155	3.01160446775625	3	1	0.874842906509736
chr11	101453601	104872934	0.619085526401926	3.07180263779118	3	1	0.89642103484808
chr11	104872935	105360051	1.35174471369094	5.10441176470587	5	2	0.996602197258937
chr11	105360052	110436044	0.654171829918834	3.14742462814034	3	1	0.913943285860704
chr11	110436245	123906668	0.650963924616453	3.14043394543318	3	1	0.912693283018948
chr11	123906672	132697643	0.838674984348908	3.57681371859202	4	1	0.888900025106509
chr11	132697644	135066987	0.639286570380734	3.11511747556165	3	1	0.907573908599003
chr12	12211	18243	-0.893416563446785	1.07667545227537	1	-1	0.886421171602516
chr12	18351	334404	0.517472096919127	2.86288971776625	3	1	0.776704369887898
chr12	334605	10052791	0.916411573415506	3.77482973701146	4	1	0.788155800155273
chr12	10054179	34709924	0.440361475114594	2.71388854930058	3	1	0.582258763753576
chr12	37239925	40438367	0.474772164771781	2.77939747327502	3	1	0.681205458876129
chr12	40810868	53465929	0.488577964296811	2.80612244897959	3	1	0.715520185646623
chr12	56005384	56285977	0.493909222058846	2.8165112263941	3	1	0.727889325180553
chr12	64566693	64611410	6.74738648910046	214.879864379233	215	2	0.999999999997404
chr12	111403225	111439011	6.74480162344322	214.495210465316	214	2	0.999999999997368
chr13	18171403	18409024	0.842062184117703	3.58522132783102	4	1	0.886239752892382
chr13	19082754	19131386	1.61806203971062	6.1392483822797	6	2	0.998563609680711
chr13	27075650	27116660	1.32157495580183	4.99877626297026	5	2	0.995648806782459
chr13	40976205	41017372	7.30182505894327	315.571926778203	316	2	0.999999999999867
chr13	48304140	48479697	6.99244372309914	254.662676568315	255	2	0.999999999999289
chr13	52218390	52279999	0.872444959406532	3.66152579479936	4	1	0.856322883594144
chr13	52532562	52657490	0.41445238401168	2.6655853632935	3	1	0.497993413311655
chr13	57141246	57173577	1.57023020517787	5.939041876484	6	2	0.998372219116156
chr13	75302095	75310247	1.93486156980933	7.646828773237	8	2	0.999390092921392
chr13	79426021	82991177	-1.46827952055582	0.722826086956523	1	-1	0.758819203736174
chr13	100760696	100821698	0.767186967616639	3.40389602101149	3	1	0.922258261273093
chr14	35625252	35760891	0.779157262111224	3.43225623712321	3	1	0.919190834890132
chr15	20669445	21496999	-0.643616164231892	1.28021297519237	1	-1	0.649431701209206
chr15	82812954	82819574	-2.96693625545752	0.255795669349279	0	-2	0.543040148499243
chr15	92832588	92915320	6.26747643070972	154.073659689531	154	2	0.99999999996995
chr16	29548571	29560318	-0.585059144466566	1.33324401853869	1	-1	0.486849837636104
chr16	46388210	46541336	-0.76921979317083	1.1734693877551	1	-1	0.838779070241457
chr16	55828685	55849950	-3.17187894752262	0.221921454340355	0	-2	0.555822730211849
chr16	73144133	78552537	-0.728565170823262	1.20700765775641	1	-1	0.800572076989364
chr16	78552738	90096162	-0.667889832937341	1.25885329837623	1	-1	0.703982793603425
chr17	7670087	7673445	3.34117241735631	20.2685702239093	20	2	0.99999265240809
chr17	12024637	12141397	7.08512845529127	271.560240009365	272	2	0.999999999999568
chr17	18422282	18622696	-1.3953550965512	0.760302217230599	1	-1	0.805916407727953
chr17	19030573	19232559	0.590680417684432	3.01191366753502	3	1	0.874974808278594
chr17	31095295	31373680	6.22916467846344	150.035977401521	150	2	0.999999999963646
chr17	41065725	41276322	-0.616516386248532	1.30448794656455	1	-1	0.578490541914289
chr18	51047024	51078532	4.95998863557734	62.2494262801833	62	2	0.999999986873607
chr19	182670	1208030	-0.595854126759939	1.32330523468664	1	-1	0.519029211040605
chr19	1208034	1226795	4.25418989231966	38.1653070286417	38	2	0.999999756141475
chr19	1229154	4881806	-0.609657408708739	1.31070461493385	1	-1	0.559158770760634
chr19	4885131	4921971	5.25445751822512	76.3447750157559	76	2	0.999999996399939
chr19	4929146	12110500	-0.609486313803651	1.31086006579041	1	-1	0.558670744239862
chr19	12111153	13465624	0.645678472667437	3.12894971346561	3	1	0.910488926385932
chr19	20419320	20529319	-1.13454212337883	0.910958904109588	1	-1	0.885376072811963
chr19	24368209	24448208	-0.909727594617843	1.06457117263675	1	-1	0.888709251977974
chr19	34444937	39647548	0.424712982756372	2.68461086200305	3	1	0.532071922049856
chr19	54797916	54855942	-1.49629049602829	0.708927256354033	1	-1	0.736453026761892
chr19	54865686	54906901	1.54015714885399	5.81652361290123	6	2	0.998239462898027
chr20	60202	14970285	0.779421788912706	3.43288561961935	3	1	0.919113324711083
chr20	14970286	26378584	0.450415166323538	2.73286684118776	3	1	0.612979793970951
chr20	30090650	38792101	0.528495549062127	2.88484848484848	3	1	0.796367953648183
chr20	38792102	48027638	0.427009787804999	2.68888823070829	3	1	0.539590671489696
chr22	18196110	18887005	1.23779498961982	4.71675605921907	5	2	0.985286049319166
chr22	21118697	21560675	0.570571435221387	2.97022338024998	3	1	0.854900100508794
chr22	23786710	23831850	5.29374081380534	78.4521355231983	78	2	0.999999996980626
chrX	10202	2789709	-0.618222708198937	1.30294599863717	1	-1	0.583224690324158
chrX	3818431	3942002	1.74566012983344	6.70696526220495	7	2	0.998976442013798
chrX	25645715	25856499	0.726393152497644	3.30899509359137	3	1	0.926815361457235
chrX	36855250	37505963	0.432371109320174	2.69889922636277	3	1	0.55695095206624
chrX	44877054	45111334	7.22544579203834	299.299444721613	299	2	0.999999999999798
chrX	64136389	64189402	1.67490462603395	6.38596491228068	6	2	0.998763614997069
chrX	65810241	65849858	5.13771595356861	70.4103668203568	70	2	0.999999993955919
chrX	77533653	77717095	7.37462650539195	331.904989068382	332	2	0.999999999999911
chrX	97848494	97898939	2.66296501272243	12.6666666666667	13	2	0.999929843653735
chrX	120878703	120985191	5.01950914232246	64.8713313491478	65	2	0.999999989858072
chrX	123886491	123892729	7.8551130656834	463.078531890752	463	2	0.999999999999994
chrX	135160507	135215179	1.97698301390562	7.87337947563002	8	2	0.999457844330529
chrX	138447499	138483580	1.48744599480689	5.60784313725489	6	2	0.997977149934641
chrX	142144575	142294216	1.09102417369539	4.26050420168065	4	2	0.791076769598914
chrX	150115861	150146900	4.5995687202921	48.4884328142152	48	2	0.999999939764321
chrX	154150624	154292147	1.3652356978506	5.15236820868274	5	2	0.996875201419937
chrX	155585513	155997841	-0.632490870803742	1.29012345679012	1	-1	0.621472918385508
