Chromosome	Start	End	Segment	CNF	CN	Call	ProbCall
chr1	65190791	65228136	1.14547737843151	4.42438637184687	4	2	0.98314105261203
chr1	103546988	103571735	-0.582258459108827	1.33583474188753	1	-1	0.583040006637497
chr1	146088484	146098060	1.04029381358317	4.11329291834517	4	2	0.860759709795703
chr1	146109791	146126389	0.696923711976194	3.2420890371379	3	1	0.918832769304449
chr1	146144630	146328246	0.75824361291146	3.38286032973543	3	1	0.890836638246595
chr1	158724131	158809077	0.663395930891225	3.1676126586989	3	1	0.923552513503157
chr1	182858118	182883568	0.920817766461203	3.78637621990046	4	1	0.566289139277767
chr2	55637252	55644800	-0.885845082299356	1.08234086087815	1	-1	0.861404878240342
chr2	63920433	63947500	-1.17573206446779	0.885318169504049	1	-1	0.850780421747145
chr2	86865614	86878974	-1.27285023199109	0.827682734416877	1	-1	0.81923841729111
chr2	87388771	87543588	-0.811527553945227	1.13955649199028	1	-1	0.845124190792971
chr2	88782870	88805474	-1.41922430256561	0.747826602032521	1	-1	0.726261960701542
chr2	88812269	91579455	-0.54359997574986	1.37211368960807	1	-1	0.457537049937526
chr2	95848829	95978191	-0.915576047072479	1.06026430877557	1	-1	0.865309680395572
chr2	97191185	97224925	0.493962188342086	2.81661463207973	3	1	0.778103985879314
chr2	97494797	97576429	-1.0116255168669	0.991974185974628	1	-1	0.869939977860436
chr2	97833348	97859438	-0.813385714264215	1.13808971242402	1	-1	0.8456706737148
chr2	171480914	171785595	0.47861558215887	2.78681180973544	3	1	0.737093458665076
chr3	5178161	5184814	8.25977824915946	613.014865478656	613	2	0.999999999999999
chr3	93714064	93901018	0.726399442605554	3.30900952074403	3	1	0.908841997557397
chr3	98133074	98660477	0.435091191226721	2.70399257716379	3	1	0.58306920278246
chr3	107927745	149173816	0.422211705889876	2.67996044235067	3	1	0.528761782330395
chr3	149176122	149912166	0.491988637516363	2.81276424676362	3	1	0.773223929732713
chr3	149921169	155919390	0.431774013463945	2.69778244972985	3	1	0.569356844420852
chr3	155922139	156121046	1.51532633638491	5.71726965421851	6	2	0.998985729195854
chr3	156142984	198228341	0.432286811573574	2.6987415322764	3	1	0.571490485581045
chr4	9160776	9175774	1.04029381358317	4.11329291834517	4	2	0.860759709795703
chr4	9325132	9359889	1.04029381358317	4.11329291834517	4	2	0.860759709795703
chr4	54723519	54727332	2.87239943286884	14.6456410053985	15	2	0.999978506759415
chr4	68537635	68668276	0.893149740437696	3.71445292032006	4	1	0.660471018737532
chr4	102799469	102809943	0.611099368064447	3.05484539632617	3	1	0.916327571580496
chr4	190065242	190072028	-1.88938939357028	0.53984255293713	1	2	0.687332587091469
chr4	190072322	190078614	0.712307784513514	3.27684579905066	3	1	0.914339646538945
chr4	190078908	190196187	1.5516462110027	5.86302907445991	6	2	0.999074458613867
chr5	17491204	17655459	5.71505116877517	105.058652028591	105	2	0.999999999626599
chr5	69400132	69424666	-0.661095321321813	1.26479597236621	1	-1	0.746197073225408
chr5	72891729	72905528	1.19330058325275	4.57350612523706	5	2	0.993591410304099
chr5	80331635	80360170	2.76078213034567	13.5552717452132	14	2	0.999969479313707
chr5	103005017	103011255	0.735294174367664	3.32947376975796	3	1	0.904637378877985
chr5	112827227	112836688	6.18404896472563	145.416681216425	145	2	0.999999999957947
chr5	171391180	171410525	0.952449371934026	3.87031065853077	4	2	0.555125376292231
chr5	178767282	178867078	0.684150193929324	3.21351051694275	3	1	0.921437098348062
chr6	29723470	30108204	0.857868042791366	3.62471620045885	4	1	0.754686566229301
chr6	31137781	31532826	1.13511506852688	4.39272160212535	4	2	0.978961635964692
chr6	31869475	31880461	0.961281174714654	3.8940763604873	4	2	0.590919926561151
chr6	32439872	32763575	7.69813474169652	415.335892483241	415	2	0.999999999999982
chr6	33092941	33129196	2.53724803117952	11.6096134403805	12	2	0.999939505075372
chr6	110888893	110893664	1.57615991886204	5.9635025487657	6	2	0.999130210395192
chr6	137871517	137881396	1.64861597949619	6.27065427056865	6	2	0.999277347714137
chr7	35105973	35162006	-1.28128789288475	0.822856126192099	1	-1	0.815554876314579
chr7	38349116	38363302	-1.25148469253925	0.84003148509811	1	-1	0.827826729888585
chr7	50319018	50400774	7.02769825211085	260.962419361963	261	2	0.999999999999367
chr7	63636508	64991948	0.47239035866136	2.77481263441672	3	1	0.718422329741084
chr7	92813890	92834147	7.7484968396247	430.09061477579	430	2	0.999999999999987
chr7	102480350	102688328	0.976717905279658	3.93596640093972	4	2	0.652845929207418
chr7	103198524	103254793	-0.791182148853532	1.15574077817644	1	-1	0.838542341641647
chr8	7739059	7973239	-0.668031888852934	1.25872935066106	1	-1	0.75502294406131
chr8	39284724	39648558	2.11641423990655	8.6722974473368	9	2	0.999794602295884
chr8	60780950	60816090	7.34532594383724	325.232121964606	325	2	0.999999999999881
chr8	86461106	86466884	0.753982232475933	3.37288290197421	3	1	0.893746744028043
chr8	94739418	94765180	0.943994131318687	3.84769416674643	4	2	0.521088674059364
chr9	12193	85762	0.494069657805511	2.81682445559009	3	1	0.778366456012821
chr9	21968066	21974385	1.95056391612624	7.73051171917092	8	2	0.999675231750018
chr9	34837642	34895641	0.754416856801802	3.37389916511452	3	1	0.893457613004494
chr9	36840509	37477773	6.55232345708058	187.705024300655	188	2	0.999999999992974
chr9	64126921	64430744	-0.612872153742546	1.30778723463246	1	-1	0.661810119873313
chr9	105521091	105526500	1.17015048413734	4.50070337208898	5	2	0.989939447912473
chr10	37144867	37199805	-0.987155604637788	1.0089428065164	1	-1	0.869848748627509
chr10	47353296	48053737	0.697709573165132	3.24385554074638	3	1	0.918639697894064
chr10	48057264	48184950	-0.535921585344995	1.37943589612673	1	-1	0.430491107087163
chr10	87864277	87964934	7.27537579378418	309.839183364782	310	2	0.999999999999827
chr10	94683738	95065033	0.48246237718781	2.79425246662623	3	1	0.748039792449418
chr10	133664925	133778707	1.04029381358317	4.11329291834517	4	2	0.860759709795703
chr11	1608345	1630553	0.594536274701924	3.01997430511403	3	1	0.909445188649397
chr11	124015527	124093942	-0.551949097175436	1.36419596716024	1	-1	0.486438986575383
chr11	132146915	135036987	-0.540852289605754	1.3747294401001	1	-1	0.447897446453278
chr12	9480523	9573221	1.09282972896629	4.26583962690757	4	2	0.948655081790107
chr12	31114708	31616410	0.525608817082644	2.87908187580203	3	1	0.841745055575884
chr12	40479065	40491243	-0.878314783274495	1.08800502271502	1	-1	0.860206114745458
chr12	43795608	43804501	1.69490642247383	6.47511772320718	6	2	0.999358895724561
chr12	56107061	56112840	0.59022011089852	3.01095283859289	3	1	0.907196036466354
chr12	64566693	64622708	6.48222331573275	178.802526976913	179	2	0.999999999990073
chr12	111403225	111439011	7.18316026004061	290.654263334872	291	2	0.999999999999719
chr13	18171403	18212094	-1.34824693598104	0.785538050127255	1	-1	0.779684017828654
chr13	18218918	18809976	0.577598558955783	2.98472612792251	3	1	0.899393279624778
chr13	19375042	19464623	-0.569981584589857	1.34725077385918	1	-1	0.545833327174862
chr13	27089774	27116660	1.9048098929714	7.48919104763961	7	2	0.999632340208032
chr13	40976205	41017372	7.16731301859556	287.479051027156	287	2	0.999999999999694
chr13	48304140	48479697	6.93426969203068	244.598151706705	245	2	0.999999999998975
chr13	52532562	52657490	3.15848425232793	17.8578222746577	18	2	0.999991488295739
chr13	57141246	57173577	2.02207394272406	8.12334514364387	8	2	0.999733012657633
chr13	75302095	75310247	1.48361423620354	5.59296862102896	6	2	0.99890177989599
chr14	19499286	19669708	0.537632014470349	2.90317595769035	3	1	0.859515967046729
chr14	35654227	35760891	0.803647260635273	3.49101670556105	3	1	0.847583102235144
chr14	35760919	35775132	-2.15079387224052	0.450377333833399	0	2	0.712525591730215
chr14	104944252	104952904	-0.720268984380412	1.21396852400372	1	-1	0.803367757643757
chr14	106373753	106874939	-0.572547233901547	1.34485698916695	1	-1	0.553850146179826
chr15	19810202	21877159	-0.878072960828381	1.08818740782089	1	-1	0.860166138539341
chr15	28562573	28846218	-0.603682295374266	1.31614432924398	1	-1	0.64035012334689
chr15	32599204	32625649	0.48954930361714	2.80801239438122	3	1	0.767033540986758
chr15	92832588	92915320	6.26740811763899	154.066364318487	154	2	0.99999999997179
chr15	101818140	101978886	0.411240069198995	2.65965675517259	3	1	0.48080504179777
chr16	18339805	18411910	0.424390437651273	2.68401072733894	3	1	0.538133178541308
chr16	29560068	29569300	-0.860346365062834	1.10164060008323	1	-1	0.856974178518271
chr16	32388166	32578359	-1.09385649862071	0.93701464481309	1	-1	0.864861664547818
chr17	7670087	7674149	2.01415680125402	8.07888839792724	8	2	0.999727125103438
chr17	12024637	12141397	7.09356390792564	273.152706552597	273	2	0.99999999999955
chr17	18428286	18622696	-1.37611156631948	0.770511520950117	1	-1	0.760807254148277
chr17	19030573	19222359	0.744792791756541	3.35146714691968	3	1	0.899468022892676
chr17	31095295	31373680	6.20724043486666	147.773158784479	148	2	0.999999999962356
chr17	46517436	46552746	-0.776600207854039	1.1674815834197	1	-1	0.83306310808235
chr18	14156503	14822651	-0.610902819530656	1.3095736334749	1	-1	0.657368932072791
chr18	51047824	51078532	4.6799245385502	51.2657905927419	51	2	0.999999968236722
chr19	1208034	1226795	5.0858431544819	67.9237005084694	68	2	0.999999994084463
chr19	4885131	4921971	5.70117829993992	104.053256003646	104	2	0.999999999602328
chr19	54219030	54242739	-0.63804086963165	1.28516992979892	1	-1	0.711339460254292
chr19	54451212	54456258	-1.68846649579407	0.620513070267643	1	2	0.510451077278021
chr19	54724340	54739706	4.72253867925608	52.8026590992109	53	2	0.999999973274814
chr19	54747401	54782969	-0.928811320651986	1.0505819328192	1	-1	0.866647962562774
chr19	54783439	54809019	1.04029381358317	4.11329291834517	4	2	0.860759709795703
chr19	54813100	54820004	-2.08873535611689	0.470173340607551	0	2	0.717188667225192
chr20	1588394	1611704	4.25595353600833	38.2119912964724	38	2	0.999999831194195
chr20	6200249	6215226	2.75690181497851	13.518862070546	14	2	0.999969108315398
chr20	30130650	61743717	0.423288267477723	2.68196101705593	3	1	0.533400330398296
chr20	61743718	64327990	0.580614989676486	2.99097321271568	3	1	0.901433298770232
chr22	23786710	23831850	5.09532483866588	68.3715789955261	68	2	0.999999994317616
chr22	23941098	23961138	1.69669611169685	6.48315520783917	6	2	0.999361870082788
chrX	2794523	58510623	0.973574049416175	3.92739865936301	4	2	0.64038321284699
chrX	62510624	124364504	0.998642829324851	3.99623889324164	4	2	0.735647884806003
chrX	124365706	156003464	0.990171898039119	3.97284332037713	4	2	0.704679884905284
