Chromosome	Start	End	Segment	CNF	CN	Call	ProbCall
chr1	12080	24855	0.87729413434353	3.67385359221332	4	1	0.77481546760215
chr1	1709397	1713649	1.3658650407882	5.15461630257071	5	2	0.999723860924848
chr1	12793165	13005644	-0.851688472307841	1.10827163615629	1	-1	0.836868435946527
chr1	25246375	25390915	-0.93644464983719	1.04503796173369	1	-1	0.852139134618432
chr1	109681709	109700399	-3.391951560153	0.190524500724927	0	-2	0.532409970301685
chr1	121556550	121959146	-1.19698707971082	0.872370518391291	1	-1	0.822250587405161
chr1	145304117	145310878	-1.61842734349522	0.651380599391995	1	2	0.505648702423004
chr1	145326419	145360814	-0.813021924634641	1.13837672903377	1	-1	0.824951476017239
chr1	146088484	146124906	0.837193728079241	3.57314318626793	4	1	0.84390897188771
chr1	196910266	196919553	0.735838033377404	3.33072913253719	3	1	0.925926030994135
chr2	26194578	26239163	0.589906524499005	3.01029844440373	3	1	0.937830512572012
chr2	55222189	55254804	0.423996362648518	2.68327768462283	3	1	0.649718125753587
chr2	95848829	95960527	-0.873985045362059	1.0912751888986	1	-1	0.842217338176476
chr2	97504815	97576429	-0.844556920130086	1.11376362430475	1	-1	0.83493395850032
chr2	97578868	98625885	0.455209163339911	2.74196311364099	3	1	0.761913483568763
chr2	230185943	230444394	0.642450855246324	3.12195740818393	3	1	0.944464595398788
chr3	5178161	5184814	8.31584636903706	637.307738721867	637	2	1
chr3	52256113	52267104	0.494059656143469	2.81680492767339	3	1	0.854417317000412
chr3	93734064	93906186	0.667661666607191	3.17699246114455	3	1	0.943007424371286
chr3	98035234	98660477	0.404566763711266	2.64738270161965	3	1	0.564494544128733
chr3	155922139	156121046	1.07875677249621	4.22443023428878	4	2	0.883044103739301
chr3	160100986	160280822	0.469501639907293	2.76926216566058	3	1	0.801734153832861
chr4	9160776	9364635	1.49967799260178	5.65559178888984	6	2	0.999873376494785
chr4	9367841	9469954	-0.679638934481321	1.24864300961672	1	-1	0.742054333246111
chr4	68655018	68669987	0.596743802461241	3.02459883074453	3	1	0.939608113630264
chr4	70143075	73102611	0.916907768748823	3.77612826163998	4	1	0.673629383319139
chr4	190066847	190196187	1.51822477535151	5.72876745100157	6	2	0.999881915941662
chr5	17491204	17655459	3.25613364840128	19.1083810736492	19	2	0.999999927433988
chr5	34124738	34223813	1.4097953589779	5.31398943293207	5	2	0.999808929868354
chr5	70324338	70478602	0.457314677232001	2.74596774118709	3	1	0.768233713257438
chr5	72893474	72905396	1.36561064916382	5.15370746489305	5	2	0.999723082383569
chr5	80331635	80360170	2.66467907662228	12.6817248586235	13	2	0.999998854839682
chr5	103005017	103011255	0.726794068500076	3.30991477058163	3	1	0.929413264432181
chr5	112827041	112836688	6.01544732636751	129.377894231182	129	2	0.999999999999993
chr5	171389950	171410525	1.21044916312865	4.62819343529302	5	2	0.993281214602005
chr5	178767282	178812648	0.797955057705621	3.47726991606567	3	1	0.887469177374581
chr6	29791232	29797299	-2.70174492874648	0.307414063405925	0	2	0.528845479001083
chr6	29826895	29945584	2.05410287608721	8.30570640878169	8	2	0.999984815080067
chr6	30260436	30263641	-2.42773502317363	0.371714011785309	0	2	0.576306788826485
chr6	30987935	31112604	0.427974520367249	2.69068689603788	3	1	0.665870691492301
chr6	31166958	31354627	0.912833476196226	3.76547920074141	4	1	0.685714695998072
chr6	31355052	31356454	-0.986989564551201	1.00905893264619	1	-1	0.855294994639968
chr6	31869475	31880461	0.877885991899696	3.67536107926045	4	1	0.773563029788187
chr6	32442878	32795175	7.76369634785608	434.645786208143	435	2	1
chr6	33092941	33176788	0.852973443434735	3.612439543623	4	1	0.820196258737231
chr6	42187754	42208984	-0.52392034472035	1.39095876836339	1	-1	0.37136353823145
chr6	110888893	110893664	1.08382393128686	4.23929373211546	4	2	0.893263010261024
chr6	137871517	137881396	1.68186270332693	6.41683863175071	6	2	0.999935615892256
chr7	35090271	35162006	-0.840331859353081	1.11703016100182	1	-1	0.833734202008809
chr7	50319018	50400774	7.05899935074291	266.686197809096	267	2	1
chr7	63496149	65460111	1.14289847617021	4.41648458547263	4	2	0.96761321244782
chr7	65460112	68370382	0.490387833540249	2.80964495480423	3	1	0.847695132835717
chr7	92813890	92834147	7.77213647415356	437.196025102441	437	2	1
chr8	7257550	7566103	0.64426709363318	3.12589017942231	3	1	0.944447402614667
chr8	7567218	7611078	-0.74740704865451	1.19134639516611	1	-1	0.794876110444172
chr8	7675164	7774055	1.08400878562419	4.2398369529755	4	2	0.893622321237061
chr8	12110800	12186749	1.1697122331733	4.4993363901697	4	2	0.98229613635448
chr8	21545390	22471701	1.57025135496508	5.93912894297351	6	2	0.999902575597878
chr8	25435478	25468492	0.76155221081946	3.39062729937977	3	1	0.913435439009105
chr8	36966181	39283649	0.57335941449162	2.97596882713307	3	1	0.932037400287771
chr8	39284724	39692784	2.01557832958043	8.08685267878613	8	2	0.999982284870839
chr8	39706753	43957107	0.627128458163365	3.08897556378479	3	1	0.944026217117322
chr8	45937108	47807398	0.95897058843997	3.88784469141652	4	1	0.527984141337373
chr8	60780950	60816090	7.45821036834479	351.702155899876	352	2	1
chr8	69118525	74351503	0.778088755511022	3.4297151382901	3	1	0.903024240292068
chr9	21968066	21974385	1.84665299176873	7.19329610156466	7	2	0.999965614826086
chr9	34838268	34895641	0.518064187474929	2.86406490573127	3	1	0.889914830834814
chr9	36840509	37034074	6.67808940048499	204.802483597629	205	2	1
chr9	105521091	105526500	1.20238599591354	4.60239878959303	5	2	0.991830851383336
chr10	10202	13323064	0.545691002306245	2.91943866639857	3	1	0.916320554526509
chr10	13328249	27028954	0.664880997861153	3.17087498286922	3	1	0.943293940130752
chr10	27029238	27907819	0.437184105327426	2.70791809914132	3	1	0.701269465889606
chr10	37144867	37199805	-0.99682331293164	1.00220433767277	1	-1	0.855432810474106
chr10	45706419	45841798	-0.801437369478444	1.14755446687294	1	-1	0.820643750565039
chr10	47744914	48011647	0.654240085920796	3.14757354090261	3	1	0.944105712858812
chr10	87864277	87964934	7.23290127108355	300.850151090997	301	2	1
chr10	133664925	133778707	2.17424474408371	9.02698834121123	9	2	0.999990673681105
chr11	100859586	100933191	0.944823025205348	3.84990547715176	4	1	0.580815809161784
chr11	110247763	110272534	0.835450944815171	3.5688294163935	4	1	0.846283059168764
chr11	123940549	123995018	0.673407790407514	3.1896713673425	3	1	0.942318577404463
chr12	9480523	9573460	-2.50238602311247	0.352969144212198	0	2	0.562168578979168
chr12	10433888	10610767	-0.559136648394957	1.35741640277101	1	-1	0.496706142749486
chr12	11021669	11164481	-0.675005223088438	1.25265990352481	1	-1	0.737119006909137
chr12	21373600	21440510	-0.668747669085022	1.25810499825588	1	-1	0.730085398502857
chr12	31114708	31295421	0.620745581215317	3.07533927967097	3	1	0.943516826136441
chr12	40474955	40491243	-1.05544132778738	0.96230002557549	1	-1	0.853063599583487
chr12	43795608	43804659	0.96495746919109	3.90401195070559	4	1	0.504753871194276
chr12	60379927	63597838	0.443306623695633	2.71943439833965	3	1	0.723176832644594
chr12	63663632	64622708	1.1751251062764	4.51624923811287	5	2	0.984386118300435
chr12	64622909	75208006	1.30684091577447	4.94798427646432	5	2	0.999301635630092
chr12	88050348	88139621	-0.533210571514624	1.38203047471345	1	-1	0.405560937619246
chr12	111403225	111439011	6.8449426804925	229.91275264658	230	2	1
chr12	112405341	112502338	0.45858826540411	2.74839290800452	3	1	0.77197959414215
chr13	18171403	18507492	0.698127899435815	3.24479627091394	3	1	0.937855217408649
chr13	35098200	35123576	0.495611651947039	2.81983676848766	3	1	0.857146564159672
chr13	40976205	41017372	7.08314001821072	271.186211899168	271	2	1
chr13	48304140	48479697	6.91699546856811	241.686900174987	242	2	1
chr13	52198390	52279999	3.57020810044354	23.7558035206629	24	2	0.999999984857366
chr13	52532562	52657490	0.400297931063295	2.6395608611812	3	1	0.544655895412177
chr13	57141246	57169212	2.14168890537157	8.82556661968441	9	2	0.999989345790668
chr13	75302095	75310247	1.77774994752362	6.85781957103937	7	2	0.999955197660193
chr14	19464471	19975666	1.1963719890995	4.58325320022866	5	2	0.990557984264762
chr14	35654227	35760891	1.10365707310791	4.29797494646977	4	2	0.926696551628984
chr14	39215188	39302336	0.450370844429759	2.73278288444718	3	1	0.746784770102697
chr14	39303490	39318114	-0.828134094611753	1.12651451714593	1	-1	0.830037749793283
chr14	104944067	104952904	-0.556388152270632	1.36000489841417	1	-1	0.487530359599831
chr14	105921135	106874939	-0.557540185411481	1.35891932919737	1	-1	0.491393775268048
chr15	19780202	22573064	-0.743766073211981	1.19435683119165	1	-1	0.792733403426416
chr15	27966519	27990824	-2.74627402455701	0.298070597370328	0	2	0.522327848004922
chr15	34381719	34556822	-0.771394120978575	1.1717021498502	1	-1	0.807598027444156
chr15	82812954	82819574	-5.18568467410021	0.054951981948547	0	2	0.696475441984428
chr15	92832588	92915320	6.3593498622733	164.204500910224	164	2	0.999999999999999
chr15	101966105	101978886	0.818554682268562	3.52727652571606	4	1	0.867036982304
chr16	21890042	21910041	-0.533045632196612	1.38218848745246	1	-1	0.404956916021517
chr16	30280371	30335091	-0.550243525078003	1.36580969036613	1	-1	0.466526225016615
chr16	31995638	33122842	-0.806615978832938	1.14344266012315	1	-1	0.822615202586899
chr17	3154020	3197671	4.37346054994704	41.4546073599026	41	2	0.999999999800505
chr17	7670087	7674149	2.33032044361485	10.0583408523154	10	2	0.999995125022164
chr17	10345337	10539934	0.411547995530751	2.66022448829152	3	1	0.596188087956778
chr17	12024637	12141397	7.31393357114459	318.231661933508	318	2	1
chr17	18930445	19222359	0.443594031602475	2.71997620709586	3	1	0.72417241474297
chr17	31095295	31373680	6.23760723099029	150.916551678138	151	2	0.999999999999999
chr17	41084109	41149740	-1.01319373196271	0.99089649202824	1	-1	0.8553226742467
chr17	46337327	46694009	0.594072764119338	3.01900420043428	3	1	0.938952685047565
chr18	51047024	51078532	4.50239072219286	45.3298889631417	45	2	0.99999999990463
chr19	1208034	1226795	4.82125672621518	56.5422240348155	57	2	0.999999999985396
chr19	4885131	4921971	5.37980394079145	83.2745611423293	83	2	0.999999999999542
chr19	20946261	21310720	0.43204724171777	2.69829342410154	3	1	0.68187785762013
chr19	29303390	30476106	1.20568311448163	4.61292908690704	5	2	0.992457100412498
chr19	51769934	54081366	0.998913951465485	3.99698996718707	4	2	0.630482714838108
chr19	54358399	54364539	0.984453421416494	3.9571271468001	4	2	0.572554737554454
chr19	54635951	54739706	1.27444207472911	4.83810498214709	5	2	0.998577474530708
chr19	54747401	54786503	-1.0841617820972	0.943332460789447	1	-1	0.849855375972354
chr19	54786508	54818525	0.907966325011298	3.75279718822612	4	1	0.699641527034447
chr19	54819797	54852193	-2.24764646398737	0.421134664258783	0	2	0.613612165978138
chr19	54909232	54912902	-0.75842223288946	1.18228493082147	1	-1	0.801004910069811
chr20	87618	1611396	0.605078536316162	3.04212310671801	3	1	0.941351819227034
chr20	6200249	6214618	3.13840855463455	17.6110442888527	18	2	0.999999871796347
chr21	10377003	10569848	0.526162668039938	2.8801873681807	3	1	0.89903285022742
chr22	11429687	11972641	-1.75163078734883	0.593931811850804	1	2	0.631639437433786
chr22	18387189	18641133	0.875386398724233	3.66899871351317	4	1	0.778802131979524
chr22	23786710	23831850	5.2181283730278	74.4463067011146	74	2	0.999999999998724
chr22	38962348	39014377	-1.39249790853142	0.761809451150088	1	-1	0.689217540066233
chrX	2794523	33020242	0.753302931829444	3.37129513592293	3	1	0.917893009795456
chrX	33020443	37659726	0.80275176280988	3.48885046269861	3	1	0.883137326643019
chrX	37667223	44876881	0.664579203099713	3.17021174265061	3	1	0.943323194335083
chrX	44877054	47798091	1.87659650472013	7.34415498601229	7	2	0.999969382870906
chrX	47798580	49342978	0.787447139705792	3.45203511414983	3	1	0.896149912296311
chrX	49594078	54228850	0.7053505088401	3.26108152687283	3	1	0.936076393350934
chrX	54232779	58540623	0.997336527371319	3.99262209838511	4	2	0.624215356869427
chrX	62470624	77905259	0.951281244827836	3.86717819819874	4	1	0.557102691087106
chrX	77905460	102514356	0.560230737414216	2.94901004675433	3	1	0.925659515539785
chrX	102514940	104024506	0.500385751977005	2.82918349889608	3	1	0.865139446015153
chrX	104039861	112381230	0.512383919622191	2.85281050312626	3	1	0.882726666368822
chrX	112381405	115156719	0.778051889371495	3.42962749763303	3	1	0.903049834668136
chrX	115163673	133027291	0.694584604315512	3.23683674847373	3	1	0.938647297806836
chrX	133027292	155575512	0.737083972434962	3.33360685643238	3	1	0.925411388348988
