Chromosome	Start	End	Segment	CNF	CN	Call	ProbCall
chr1	1712347	1714397	2.07234476925095	8.41139315223144	8	2	0.997464192862824
chr1	25258956	25384851	-2.00545117170657	0.498114332557417	0	2	0.686571922894831
chr1	36719822	43493979	2.14040364405191	8.81770764193161	9	2	0.997767080365473
chr1	44572876	45168470	0.863046569246084	3.63775042949662	4	1	0.704006730563005
chr1	56912303	57971266	0.990904019544095	3.97485992269766	4	2	0.813176163172675
chr1	57971267	60092936	-0.980137010063511	1.01386319051726	1	-1	0.935767987888684
chr1	60092937	62874473	1.7587849091923	6.76825962054613	7	2	0.99552424881938
chr1	68488795	69297421	1.75207954982071	6.73687508812609	7	2	0.995470999076438
chr1	73522731	106818806	-0.979697902239784	1.01417182332227	1	-1	0.93573396685901
chr1	109681709	109708541	-3.40191621826107	0.189213086988149	0	2	0.528473200728984
chr1	121609147	121969146	-1.36489658157624	0.776524537537547	1	-1	0.586076567514057
chr1	143189147	146020379	0.476454734277897	2.78264088744488	3	1	0.72088051819984
chr1	146088484	146096582	1.32494604008425	5.01047034856082	5	2	0.990544049121479
chr1	149554446	158718200	0.493371710993815	2.81546206221187	3	1	0.760719165577688
chr1	158724131	159016104	0.694905967072652	3.23755783963578	3	1	0.908478204486077
chr1	159016536	205810502	0.417922926846874	2.67200540631869	3	1	0.528185020252753
chr1	229819619	233582944	-1.00008346070406	0.999942151121604	1	-1	0.936788779218202
chr1	238970870	248937047	0.422550384106763	2.6805896472367	3	1	0.546224177835319
chr2	72106900	85398925	0.481989690337885	2.79333710336025	3	1	0.734685050016739
chr2	95848829	95940034	-0.753768108654882	1.18610513249913	1	-1	0.750670831791667
chr2	97511107	97560805	-2.00509106502122	0.498238680867029	0	2	0.686624784897138
chr2	119882044	126454559	0.522915439157386	2.87371191096039	3	1	0.814839468107033
chr2	165615474	165933124	-1.11060973023836	0.926196538128604	1	-1	0.924375050941419
chr3	10202	1803706	-0.955343490406524	1.03143757570413	1	-1	0.93300562257824
chr3	5178161	5184814	8.0927206088321	545.986174301009	546	2	0.999999999821207
chr3	82161819	90714686	0.523370027053347	2.87461754967791	3	1	0.815535551158896
chr3	98149921	98391623	0.976483154424485	3.93532600481749	4	2	0.759418695651399
chr3	108091130	120633397	0.448693492664146	2.72960745624142	3	1	0.639838927404691
chr3	135859308	155919390	0.464854687770879	2.7603566620439	3	1	0.689429518693342
chr3	155922139	156121046	1.16914273152998	4.49756063457734	4	2	0.98548606055761
chr3	156121247	192081701	0.469361762509576	2.76899368313535	3	1	0.702059245102389
chr3	192081702	198228341	0.767957667238026	3.40571489620068	3	1	0.877797496925825
chr4	9160776	9359889	0.639131635040013	3.11478295173053	3	1	0.904933772406398
chr4	9363096	9469954	-1.09979890645324	0.933163053667208	1	-1	0.927087755880931
chr4	35203187	38457477	0.462249383284776	2.75537634408602	3	1	0.681889738985191
chr4	47706741	49644578	0.408167762823944	2.65399888172886	3	1	0.489076665101543
chr4	51795751	67495287	0.494928352410866	2.8185015334708	3	1	0.764041276177304
chr4	68471414	68669987	1.29777091363236	4.91697463782105	5	2	0.99004731201118
chr4	68670035	90642104	0.474648675716442	2.77915957789886	3	1	0.716209625446884
chr4	190066847	190196187	1.05901605543862	4.16702008963306	4	2	0.949235782719192
chr5	10202	9063207	0.523764857870482	2.87540437079217	3	1	0.816137055202922
chr5	17491204	17675659	1.30197222072324	4.93131434785521	5	2	0.990127894166853
chr5	34178929	34213813	1.65680183751458	6.30633512145367	6	2	0.9946500247747
chr5	50116303	53625056	0.417471823381636	2.67117005134887	3	1	0.526407165364957
chr5	80331635	80360170	2.61324515966442	12.2375695977562	12	2	0.999111520104235
chr5	112827227	112836688	5.94698067816119	123.381362948184	123	2	0.999999788758443
chr5	154895960	169360853	-1.03138552162978	0.978480142833574	1	-1	0.936423727599481
chr5	171308320	174445534	0.45261851188524	2.73704378108438	3	1	0.652497650006278
chr5	174445535	181325424	0.775407218029843	3.42334624702961	3	1	0.871375370420355
chr6	2713115	15579998	0.438101826769419	2.70964119723932	3	1	0.603778391121841
chr6	15585632	32244175	1.02071284423866	4.05784242808552	4	2	0.894114561880956
chr6	32339520	32394180	-0.675584687054819	1.25215686892589	1	-1	0.469481123320839
chr6	32394696	32522163	0.975639615577334	3.93302570574052	4	2	0.755985367890798
chr6	32530093	48229039	1.02558862057315	4.07157963687404	4	2	0.903769775949555
chr6	48229040	58441655	0.555545866082281	2.93944924246454	3	1	0.856072743221187
chr6	60241656	63944578	0.474561835413302	2.77899229667176	3	1	0.715982954377914
chr6	105246973	105853030	-1.11962429975586	0.920427313016337	1	-1	0.921803399954632
chr6	105853231	110887675	-0.955511839197055	1.03131722377062	1	-1	0.933030459278536
chr6	110888893	110892531	3.04762865129074	16.5370346107828	17	2	0.999640355252937
chr6	110892786	111503431	-0.871199531744275	1.09338422666796	1	-1	0.906001648566349
chr6	137871517	137881396	1.8299395601754	7.11044356034594	7	2	0.996055455740899
chr6	158818393	164541995	0.596901466315949	3.02492938984068	3	1	0.888207710512037
chr6	164542196	170604769	0.735654994077335	3.33030657916374	3	1	0.897548601217761
chr7	13744	2753933	-0.905549123724894	1.06765895454592	1	-1	0.921174470026673
chr7	6823258	10347793	-1.01865683912659	0.987151322755374	1	-1	0.936855311119125
chr7	35119633	35162006	-1.04062255519808	0.97223531558095	1	-1	0.935867657471609
chr7	50319018	50400774	6.7418735702673	214.060318505699	214	2	0.999999982046565
chr7	60890237	61090236	0.436630075901619	2.70687839342745	3	1	0.598556059094459
chr7	61090237	61670236	-1.33078086012534	0.795106015348327	1	-1	0.684027839519452
chr7	74357215	76515398	0.483073789738287	2.79543691867445	3	1	0.737299740143409
chr7	80155486	92795028	0.460624893449818	2.75227550737131	3	1	0.677099629077268
chr7	92813890	92834147	8.09328492438877	546.199780607195	546	2	0.999999999821571
chr7	92834348	103175566	0.518530636454576	2.86499105859444	3	1	0.807927518050696
chr7	103279764	103776678	0.480972935864587	2.7913691632611	3	1	0.732206422832198
chr7	114399387	159324947	0.511382453849516	2.85083087429693	3	1	0.795863469986505
chr8	64084	7257045	-1.77559002251794	0.58414967430156	1	2	0.720601133168918
chr8	7372994	30921171	-1.01825352246945	0.987427327188951	1	-1	0.93686266945937
chr8	30921372	37388084	-1.03318643898251	0.977259467346307	1	-1	0.936331414063776
chr8	39325132	40514189	0.900337012753767	3.73300389192157	4	1	0.556944170166812
chr8	42730422	43977107	0.59763728717095	3.02647259459269	3	1	0.888621308995176
chr8	45937108	60763394	0.493464030375355	2.81564223198127	3	1	0.760917753636615
chr8	60780950	60816578	7.68917654676734	412.764917871472	413	2	0.999999999251131
chr8	60819991	112472777	0.486761469059862	2.80259148764799	3	1	0.745978639122165
chr8	112492490	136667351	0.732079210345072	3.32206248729501	3	1	0.89905542798993
chr8	136867352	145074357	1.13257918304518	4.38500711345999	4	2	0.981394698427098
chr9	21939231	21974385	1.70446969191008	6.51818225522652	7	2	0.995076166488851
chr9	29369203	35842020	0.714690835561723	3.28226298253722	3	1	0.904794653088786
chr9	35842131	38722386	1.18405662832296	4.54429542725047	5	2	0.986472411620242
chr9	105521091	105526500	0.646271415366281	3.1302359653385	3	1	0.906497708233606
chr10	10202	27024605	0.514065008224222	2.85613665475178	3	1	0.800509494237095
chr10	27028775	37149747	0.518016033881732	2.86396931192187	3	1	0.807092452168778
chr10	37149806	37197457	-1.41799215865551	0.74846556144967	1	2	0.463054925689586
chr10	37199684	39631402	0.537268072275139	2.90244367890516	3	1	0.835061180743648
chr10	87864277	87964934	7.42757372597195	344.312256187445	344	2	0.999999998151947
chr10	104514862	108624667	-1.09619058187912	0.935499908921652	1	-1	0.927908104558766
chr10	133679261	133778707	1.32494604008425	5.01047034856082	5	2	0.990544049121479
chr11	1608345	1630553	0.92741943199081	3.80374209890373	4	2	0.524141667203864
chr11	32559376	43838566	-1.0187636956866	0.987078209806884	1	-1	0.936853296511626
chr11	55429179	56989796	0.442520479206075	2.71795294457766	3	1	0.619152454424675
chr11	110247763	110264786	0.70114036136354	3.25157874216736	3	1	0.907619365901218
chr12	40473069	40524664	-0.735781625084874	1.20098520200174	1	-1	0.700826110124058
chr12	43795608	43804659	0.973316489466071	3.92669757542924	4	2	0.746373132656874
chr12	64566693	64611410	6.36473136899101	164.818156442945	165	2	0.999999940840034
chr12	98634107	99246655	-1.11859373729694	0.921085038094128	1	-1	0.922112352125862
chr12	111403225	111439011	6.54966276589088	187.359168218298	187	2	0.999999966862331
chr13	18477493	19131386	-0.765057210263324	1.17686006775125	1	-1	0.777274996497738
chr13	19131587	25234110	-0.995966381227321	1.00279980362945	1	-1	0.936660355616581
chr13	27089774	27116660	1.5842192410068	5.99690966586788	6	2	0.993937085433121
chr13	40976205	41017372	6.77826082549453	219.52795034919	220	2	0.999999984032571
chr13	48304140	48479697	6.60680717748689	194.929303785384	195	2	0.999999972351365
chr13	52229215	52279999	3.7402347086687	26.7271612471364	27	2	0.999924096443944
chr13	57141246	57169212	2.20092897484106	9.19550607019816	9	2	0.998008212638064
chr13	59707041	114346545	-1.00317010880539	0.997805060430044	1	-1	0.936857698583041
chr14	35625252	35760891	0.87182637304023	3.65995617380215	4	1	0.673977755416178
chr14	105916640	106874939	-0.7190815051165	1.21496815028976	1	-1	0.645955275381639
chr15	19790202	22573064	-1.09123756886476	0.938717155856217	1	-1	0.92896790629344
chr15	22573067	23119999	0.473256235776206	2.77647852210946	3	1	0.712551975248831
chr15	58538302	62776919	0.457364068009105	2.74606175121582	3	1	0.667278761876219
chr15	82408615	82810303	0.480142017759317	2.78976194114454	3	1	0.730161795569312
chr15	82812954	82819574	-6.03299862401938	0.0305433343312454	0	2	0.595440966042976
chr15	82823116	87549188	0.410515763904334	2.65832180917188	3	1	0.498606396746541
chr15	92832588	92915320	6.56025038182049	188.739212935634	189	2	0.999999967953459
chr16	12318336	26476471	0.535106745545205	2.89809873258526	3	1	0.832239518672292
chr16	34268687	35092052	-1.13665833807905	0.909623645183144	1	-1	0.916096237706411
chr16	59354427	64641511	-1.02146760030559	0.985229956555539	1	-1	0.936793253519175
chr16	68138508	70811438	-0.94651851899084	1.03776621997522	1	-1	0.931577597308256
chr16	70991293	90096162	-0.986487107156599	1.00941042579475	1	-1	0.936203278639102
chr17	62040	3154905	-0.953867136337269	1.03249361764775	1	-1	0.932784030895544
chr17	10120002	10675272	0.880222632105132	3.68131864804124	4	1	0.64253085914604
chr17	11166009	12021059	-0.983942924783403	1.01119208436139	1	-1	0.936041527954022
chr17	12021062	12141397	6.21407045755232	148.474406711605	148	2	0.999999905830951
chr17	12141598	12703955	-1.3562563654936	0.781189051309671	1	-1	0.612836069260486
chr17	15351957	20610579	-0.950515980273161	1.03489472726462	1	-1	0.932255509345293
chr17	31095295	31373680	6.04192055372712	131.77387396132	132	2	0.999999841113592
chr17	37927397	38195978	-1.06769941457458	0.954158328669804	1	-1	0.933024057477566
chr17	47708305	48184983	0.499830973649497	2.82809576524455	3	1	0.774142761536078
chr17	58999294	59335445	-0.996742738766224	1.00226031210313	1	-1	0.936687783428175
chr18	51007323	51078532	4.43412736820589	43.2349875337583	43	2	0.999986107774905
chr19	1208034	1226795	4.47332061279735	44.4256387037226	44	2	0.999987430804568
chr19	4885131	4921971	5.46232849581447	88.1768782007501	88	2	0.999999131965319
chr19	5386381	5763329	0.681256513717544	3.20707148986289	3	1	0.90944789135745
chr19	8251016	24448208	0.607032493792047	3.04624608917466	3	1	0.893489416018298
chr19	54697274	54739706	1.32494604008425	5.01047034856082	5	2	0.990544049121479
chr19	54747401	54783606	-1.26131072732123	0.834329564095584	1	-1	0.818712727171125
chr19	54786383	54817564	1.34937114340059	5.09602071970113	5	2	0.990950359667403
chr19	54818359	54839603	-1.49843427060636	0.707874607258966	1	2	0.646410763374981
chr19	54850504	54909550	1.24312257223721	4.73420629093432	5	2	0.988799374404688
chr19	58346705	58599432	0.512218553976493	2.85248352493507	3	1	0.797327110560366
chr20	4932831	12244006	0.574756975310082	2.97885309057976	3	1	0.873336077000222
chr20	59987364	64327990	0.600838134064648	3.03319475655753	3	1	0.890364850186191
chr21	8536388	9187794	-0.882242118242425	1.0850472600884	1	-1	0.911689531855423
chr21	13979775	21818257	0.642359875636272	3.12176053670118	3	1	0.905682512478728
chr22	10510202	10670201	-1.28881709992486	0.818572950966925	1	-1	0.7750862858137
chr22	10685632	11319686	0.466184489494675	2.76290218913489	3	1	0.693210369785245
chr22	11319687	12072641	-0.697637085971963	1.2331624919718	1	-1	0.563973665659757
chr22	18345782	18517837	0.477692746203191	2.78502976452733	3	1	0.724034746432605
chr22	23786710	23831850	5.25659849780796	76.4581558363176	76	2	0.999998450700896
chr22	23941098	23983664	0.534323020087556	2.89652480540598	3	1	0.831197480398916
chr22	26493975	27771421	-1.03957244081423	0.972943247555563	1	-1	0.935941244550474
chr22	50206359	50799120	-0.969559080232488	1.02132421746362	1	-1	0.934803234973604
chrX	2789563	6171678	0.645270376025751	3.128064749388	3	1	0.906298610213752
chrX	6171679	15456156	1.35866936150604	5.12897081296439	5	2	0.991097302389246
chrX	15459493	20188597	0.6502500748247	3.13888043376112	3	1	0.90722481447174
chrX	20193299	22007362	0.61336504325175	3.05964663624219	3	1	0.896357942819043
chrX	22794630	33539655	0.722796911744377	3.30075695361755	3	1	0.902433520431174
chrX	33539656	38541338	1.41744943814318	5.34225721017649	5	2	0.991953061305965
chrX	44443894	45111334	6.63776585721419	199.157480229888	199	2	0.999999974945056
chrX	45111353	55858565	0.642523404031326	3.12211440595915	3	1	0.905718603835781
chrX	55858566	58550623	1.21827550161425	4.65336870337531	5	2	0.988021674692401
chrX	62470624	70404051	1.42122298027541	5.35624881584518	5	2	0.992004446551095
chrX	70404725	75742832	0.662477551165251	3.16559688582771	3	1	0.908826403637126
chrX	75742935	84635665	1.22180645253175	4.66477162595733	5	2	0.988145072868007
chrX	102514940	102586876	1.34415731002225	5.07763717436674	5	2	0.990866233445386
chrX	103113952	103215860	0.509776813342559	2.8476598207185	3	1	0.793012707635804
chrX	103866043	103962034	0.961140724525712	3.8936972802772	4	2	0.692506073529308
chrX	112092760	124364504	0.685524170396837	3.21657241904959	3	1	0.90927597977637
chrX	124365706	134897102	0.658181959697325	3.15618541172278	3	1	0.90837173128851
chrX	134899024	135719118	0.804816697471302	3.49384764244808	3	1	0.836853147401453
chrX	135882950	155685512	0.651914691780202	3.14250424128029	3	1	0.907498778615656
