Chromosome	Start	End	Segment	CNF	CN	Call	ProbCall
chr1	151156628	153726353	0.687588261287375	3.22117772328266	3	1	0.762684016239943
chr2	88016353	92115200	1.40780938221741	5.30667936480104	5	2	0.999998008449238
chr6	24365650	28944537	0.584630559557484	2.9993098271568	3	1	0.938986340180497
chr14	102539643	106879812	1.24613473611798	4.74410103785105	5	2	0.99999761202371
chr15	19810202	22202734	0.526938482439311	2.88173661572103	3	1	0.942620476226814
chr17	39057018	41468146	0.497213695082206	2.82296980018919	3	1	0.931172065716925
chr19	53632055	53761222	-3.90274960340545	0.133716592049925	0	-2	1
chr21	5011798	8227646	-0.817046887851291	1.13520520717077	1	-1	0.982361187137751
chr21	29180424	32625096	1.08606441490352	4.24588240600783	4	2	0.999996148945762
