Chromosome	Start	End	Segment	CNF	CN	Call	ProbCall
chr1	12793920	16871224	-0.619740027512854	1.30157637732833	1	-1	0.652197954860148
chr1	26762854	28768973	-1.21059293075543	0.864181989642051	1	-1	0.917802263358698
chr1	28769174	30981460	-0.836205947266584	1.12022928806906	1	-1	0.910148123573128
chr1	34519044	36270623	0.951026794314654	3.86649619772118	4	1	0.732046955244088
chr1	39740121	42558249	0.870305035953337	3.6560987457484	4	1	0.868190800112775
chr1	59199626	66083429	0.724720409054635	3.30516067808945	3	1	0.927225918255191
chr1	89775203	103527873	0.476787755050136	2.78328328528554	3	1	0.735988811703542
chr1	103533740	103758606	-0.602764027315942	1.31698231507635	1	-1	0.607748536261909
chr1	146067370	146098060	0.902919219468234	3.73969138935944	4	1	0.827466826924387
chr1	146098869	146108429	0.682550727696179	3.20994978286315	3	1	0.9233750610699
chr1	149548834	150625883	0.427410255174441	2.68963472350963	3	1	0.614975359590556
chr1	150626396	152213243	0.89247445035933	3.71271468307684	4	1	0.842284774342058
chr1	152600663	152614198	-6.72637168075445	0.0188881906535191	0	-2	0.502839247986225
chr1	158724131	159016830	0.539850284670634	2.90764327900468	3	1	0.837416293997433
chr1	162522761	182856599	-0.892680826049475	1.07722466911959	1	-1	0.923463824637647
chr1	182883598	233362341	-0.88736372988204	1.08120213822745	1	-1	0.922560004000008
chr2	42581654	64100551	0.385264749169418	2.6121988951822	3	1	0.486370890885437
chr2	64104679	86930292	0.754620227669949	3.37437480351845	3	1	0.92538925121221
chr2	87985706	88780465	0.625906774486367	3.08636090611265	3	1	0.90546125600432
chr2	94165094	95829273	0.624132678295895	3.08256791056486	3	1	0.904623883568005
chr2	95980614	97144655	0.525962069473051	2.87978692229527	3	1	0.819678557719538
chr2	97513141	97576429	-0.815141153680468	1.13670575219104	1	-1	0.902464451246756
chr2	97578868	100636662	0.528002631450324	2.88386300303094	3	1	0.822432133431238
chr2	109871315	125244559	0.632915637101837	3.10139146341282	3	1	0.908587651245093
chr2	174350539	174387854	-0.710831010100627	1.22193622463462	1	-1	0.822762531707316
chr2	232210261	242175633	-0.946349091238235	1.03788810070412	1	-1	0.929751108645646
chr3	10202	5174541	-0.776484716150673	1.16757504727032	1	-1	0.882618615194081
chr3	5178161	5184814	7.77802238795524	438.983342912348	439	2	0.999993784723998
chr3	5184989	37653914	-0.75634021497018	1.18399237097676	1	-1	0.868406114058139
chr3	83617767	90704686	0.50335216097197	2.83500673196131	3	1	0.785504237844076
chr3	98149921	98391234	0.967513767291174	3.91093556577867	4	1	0.687437516500599
chr3	101593407	124702159	-1.16680098646463	0.890815776311343	1	-1	0.923947575578158
chr3	138734593	146458514	0.494967521158859	2.81857805600106	3	1	0.771017447696845
chr3	146459809	160536920	0.812584181329822	3.51270928153401	4	1	0.909130419005971
chr3	160565131	198228341	1.17096716815055	4.50325186150988	5	2	0.888969436355134
chr4	10202	2274236	0.473598282916071	2.77713687269602	3	1	0.729317222400171
chr4	9160776	9368010	1.19325943267368	4.57337567511695	5	2	0.91079819401759
chr4	34713187	43390775	-0.810184427222946	1.14061789542039	1	-1	0.90037300219909
chr4	48167649	49654578	0.670463760869881	3.18316901470355	3	1	0.920863941890972
chr4	51795751	55580988	0.424497892638126	2.68421064559624	3	1	0.606711834626759
chr4	55582127	57500576	0.856427097344478	3.62109768740971	4	1	0.881108543011976
chr4	57500577	67495287	0.473487145494715	2.77692294533493	3	1	0.729081875262737
chr4	88747573	91086128	0.908887414168989	3.75519392793279	4	1	0.818155244850133
chr4	91086329	190196187	-1.44199289409854	0.73611705677229	1	-1	0.836662467905484
chr5	10202	2062892	0.746188532202479	3.35471110466129	3	1	0.926305508613535
chr5	17491204	17685659	2.34305551632491	10.1475216737139	10	2	0.982444251216946
chr5	34178929	34193613	1.83693738746095	7.1450167204758	7	2	0.970532676504029
chr5	55467842	56860072	-1.03993466124142	0.972698999345735	1	-1	0.932299198885717
chr5	62536629	69400100	-1.02900811628563	0.980093901533201	1	-1	0.932416566628887
chr5	69400132	112827226	-1.00849063906764	0.994132021702602	1	-1	0.932366351570184
chr5	112827227	112836688	5.23956312834111	75.5606458671328	76	2	0.999570171047039
chr5	112836944	118383579	-1.0776996633954	0.9475673122343	1	-1	0.931159012348887
chr5	156007875	158249239	-1.02108929865475	0.9854883361708	1	-1	0.932439819149319
chr5	168149273	171390229	-0.603571243180346	1.31624564403102	1	-1	0.609936684526189
chr5	171420163	178782448	-0.59437730762796	1.32466053364283	1	-1	0.584625000264073
chr6	70202	5085806	1.17313615864078	4.51002727575131	5	2	0.891471557576705
chr6	5085809	29728139	0.458706782774961	2.74861869770512	3	1	0.696048585285257
chr6	29736264	29942597	1.20742100218155	4.61848922468454	5	2	0.92084019974283
chr6	29942602	29975406	-2.6734429970683	0.313504271047596	0	2	0.58953808647707
chr6	31166958	31529986	1.67011972157735	6.36482003063842	6	2	0.965368192304756
chr6	31880651	32442692	-0.55782630410442	1.35864985182431	1	-1	0.478055422693409
chr6	32442878	32795175	6.36617232734598	164.982858432932	165	2	0.999926647911366
chr6	32813105	33086681	-0.557214367688994	1.35922626170111	1	-1	0.476229766480947
chr6	33092941	33177829	0.84780585921045	3.59952330542208	4	1	0.888035238967006
chr6	43010430	45873909	0.453377626721018	2.7384843331108	3	1	0.683294442686147
chr6	45902942	58441655	0.809249565031962	3.50459945201739	4	1	0.910615621249587
chr6	60241656	62526168	0.788879015085295	3.45546296110836	3	1	0.918095801092088
chr6	107720656	110887675	-0.93330247510043	1.04731652394538	1	-1	0.928634902628189
chr6	110888893	110893664	0.571276404867457	2.97167512780789	3	1	0.869685311349543
chr6	110893865	133057664	-0.944671639316939	1.03909557690986	1	-1	0.929620333324322
chr6	137871517	137881396	1.65871242249999	6.31469223822686	6	2	0.964989589098855
chr6	164541874	165543712	-0.942090299293031	1.04095644145232	1	-1	0.929411917401189
chr6	165545055	169718036	-0.961837950839605	1.02680487398994	1	-1	0.930793528945305
chr7	13744	17897496	-0.827364165278555	1.12711586949362	1	-1	0.907146277368627
chr7	19772399	35143720	0.740456384743859	3.34140853772637	3	1	0.92674649293813
chr7	35144997	35183589	-0.698321211973385	1.232577864933	1	-1	0.806168352797246
chr7	35185778	36144993	0.969924683592362	3.91747667174655	4	1	0.680370533959238
chr7	50319018	50400774	7.20086712853711	294.243580168215	294	2	0.999982364340066
chr7	92775029	92834147	7.68295382959704	410.98838999807	411	2	0.999992595984309
chr7	97301436	102158744	0.707592591184473	3.26615349115886	3	1	0.926561884962282
chr7	102170358	103210462	1.20899875367143	4.62354283198906	5	2	0.921807687775642
chr7	103279764	119890234	0.897124247981482	3.72470004463968	4	1	0.835912455118734
chr7	129770371	139778044	0.738398797986504	3.33664638264491	3	1	0.926869619358087
chr7	139778236	159324947	0.851995537922665	3.60999174457446	4	1	0.884767673901556
chr8	64084	1697380	-1.75366211441816	0.593096139188771	1	-1	0.426645074900911
chr8	7254144	7362983	0.565944992817537	2.96071370753834	3	1	0.864907417129747
chr8	7372994	7611078	-1.31902747528042	0.801610063060792	1	-1	0.892559089037358
chr8	7743249	8215076	-0.994211994914089	1.00401999800854	1	-1	0.932111862041965
chr8	39375698	39648558	3.99865211137398	31.9701168354462	32	2	0.997553034306752
chr8	39663772	43957107	0.509310403302159	2.84673934728247	3	1	0.795185619667656
chr8	60780950	60816090	7.57585137561006	381.582546904687	382	2	0.999990996037292
chr8	72050762	108995462	0.41360043591758	2.66401173205922	3	1	0.574836636575644
chr8	108995463	145054157	1.24874664902938	4.75269772801609	5	2	0.938786724122374
chr9	12193	328218	0.729683335209211	3.31655013616918	3	1	0.927188688288952
chr9	1417508	7718232	0.620207747315624	3.07419301285708	3	1	0.902703237273053
chr9	14398381	21968643	-1.15613846821282	0.897423912817328	1	-1	0.92516452801036
chr9	21968684	21973953	1.06773598292612	4.19228263286305	4	2	0.638771730909275
chr9	21974125	25476262	-1.9488529598865	0.51804417838009	1	2	0.584295515985859
chr9	36840509	37034074	6.44437153642097	174.172317829238	174	2	0.999935549284882
chr9	39607423	42569325	0.547051721106704	2.92219351684255	3	1	0.845726361355931
chr9	62801256	64118173	0.590072266074212	3.01064429730572	3	1	0.884535070913762
chr9	64430945	68297869	0.432914069739769	2.69991515225239	3	1	0.630276904120671
chr9	68298921	74918269	1.4921692782546	5.62623291352826	6	2	0.959058954347536
chr9	77019668	78317717	-0.968314966516467	1.02220534026583	1	-1	0.931145979318837
chr9	87325785	91392117	-1.43234185451469	0.741057886358532	1	-1	0.842538345907832
chr9	105521091	105526500	0.899631685432665	3.73117928863644	4	1	0.832328208041778
chr9	129873360	138320875	0.434199187988409	2.70232124360224	3	1	0.633788727082428
chr10	24220274	28832621	0.861228936927657	3.63317016196639	4	1	0.876897071905659
chr10	44149984	45663794	0.68560521589529	3.21675311977292	3	1	0.923907276576363
chr10	60234610	70192046	-0.919300008414895	1.05753102718805	1	-1	0.927165500911322
chr10	87864277	87964934	7.2351709562876	301.323828844053	301	2	0.999983402590253
chr10	89588609	94638309	-0.971980227225071	1.01961165713208	1	-1	0.931324868500024
chr11	86608	551726	-1.59886209934158	0.660274530131061	1	-1	0.687548846236282
chr11	34235099	38261649	-0.957604493451848	1.02982236461784	1	-1	0.930537269849497
chr11	55467143	55552341	3.01638866072371	16.1827923358789	16	2	0.991721355919165
chr11	55554263	55727206	-0.572074672061825	1.34529757582698	1	-1	0.520364947951042
chr11	61204068	61248444	-1.65903877521236	0.63330010547082	1	-1	0.597907327278615
chr11	62692261	62839805	0.673841180763014	3.19062969909253	3	1	0.921631671470939
chr11	66976484	71439202	0.827550919019032	3.5493403412259	4	1	0.901446825701648
chr11	71441105	80502434	0.527500826768677	2.88286009925041	3	1	0.821759823167964
chr11	80502435	84655181	0.862683282740667	3.6368345191845	4	1	0.875569043107832
chr11	84655182	89688712	0.410906344082833	2.65904159286669	3	1	0.566740521669841
chr11	105001956	113760600	0.432146855773028	2.69847974014365	3	1	0.628169195957664
chr11	113760752	132121906	0.606478412085152	3.04507637201012	3	1	0.895210781796727
chr11	132146174	135046987	-0.571336913032958	1.34598570410061	1	-1	0.518189344668128
chr12	11022417	11164481	-1.00338786310282	0.997654467312866	1	-1	0.932296804791829
chr12	19519042	27030153	0.579324947014407	2.98829991146841	3	1	0.876411356774207
chr12	27030354	34689924	0.909804562945677	3.75758193536514	4	1	0.816667099966561
chr12	37239925	40473302	0.510815950848685	2.84971165841342	3	1	0.797553333390142
chr12	40524986	47865426	0.631421239471885	3.09818058908006	3	1	0.907944977479415
chr12	64566693	64622708	6.81135362409646	224.621719554507	225	2	0.999965281463992
chr12	72993407	105485951	-0.637111172467091	1.2859983820146	1	-1	0.693865879045003
chr12	111403225	111439011	6.74229670781414	214.123110876739	214	2	0.99996093869028
chr12	129144974	133264802	0.756814718681246	3.37951148850084	3	1	0.925097265121874
chr13	18171403	19131386	-0.603738723288823	1.31609285209513	1	-1	0.610389811256534
chr13	27089774	27116660	1.73134517257701	6.64074532883683	7	2	0.967343545939843
chr13	40976205	41017372	6.82941975211475	227.452227333834	227	2	0.999966339344895
chr13	48304140	48479697	6.94224262028148	245.953644103308	246	2	0.999972283035648
chr13	49497125	92520479	0.545602306132729	2.91925918627872	3	1	0.84410034907563
chr13	92520480	114346545	1.02764443537165	4.0773857012969	4	2	0.486589932543152
chr14	19464471	19976593	0.735852741900243	3.33076309006381	3	1	0.926996552506806
chr14	33116232	34875585	0.831318223619962	3.5586208332428	4	1	0.899231148460733
chr14	35775647	38079445	0.694780409701525	3.23727608808646	3	1	0.925263935873413
chr14	40362428	47035329	0.932418494088729	3.81694525345325	4	1	0.774764171470838
chr14	47059200	60125264	0.429537068973956	2.69360269360269	3	1	0.620937856395769
chr14	60125581	62158632	1.10579881695967	4.30436021658591	4	2	0.762616448196747
chr14	71587763	72804124	-1.83257478273846	0.561526189837251	1	2	0.485636601540782
chr14	104724318	106874939	-0.569621906429234	1.3475866986918	1	-1	0.51312351908997
chr15	19780202	22564583	-0.731300344393488	1.20472148651053	1	-1	0.845922345899318
chr15	65752325	69985814	0.58382659903454	2.99763888847466	3	1	0.879929547059133
chr15	82812954	82819574	-8.05825063015731	0.00750334375361431	0	2	0.591560225819804
chr15	92832588	92915320	7.16233430797746	286.488676657219	286	2	0.999981124174362
chr15	92924286	99318173	0.513451611265496	2.85492255676178	3	1	0.801623291388807
chr16	11761	1950975	-0.869769270211943	1.09446872532175	1	-1	0.91911060431554
chr16	12078650	18892345	0.417052074259696	2.67039299302459	3	1	0.58508880294438
chr16	18896079	36258209	0.730406435263861	3.31821285671869	3	1	0.927174566225438
chr16	46398210	47577778	0.714588178540238	3.28202943674669	3	1	0.92698094661779
chr16	59739780	79057244	0.541844155964512	2.91166455469502	3	1	0.839775586145467
chr17	7670087	7674149	2.26970291658257	9.6444764020175	10	2	0.981027332744517
chr17	12024637	12141397	7.14636760595269	283.335508507189	283	2	0.999980586266227
chr17	31095295	31373680	6.00352059107403	128.312738265927	128	2	0.999867846219852
chr17	36261255	36457734	-1.51762469489821	0.698520957010494	1	-1	0.778706616312303
chr17	37927397	38202355	-1.05823672567419	0.960437256971385	1	-1	0.931887024792513
chr17	46337327	46704895	1.24589186566645	4.74330245953044	5	2	0.937943052654086
chr17	52728037	59608138	-0.935596961292651	1.04565217817603	1	-1	0.928848092314624
chr18	10202	14156334	1.09674815906888	4.27744160404834	4	2	0.736237057575014
chr18	14156503	15390430	0.566554596127991	2.96196500611307	3	1	0.865467180222947
chr18	20951246	38797573	0.674313584849534	3.19167462769247	3	1	0.921734926370627
chr18	42833968	47896842	-0.975337945765731	1.01724137931034	1	-1	0.931476079808706
chr18	51047024	51078532	4.71333680483898	52.466942146158	52	2	0.999076892746753
chr18	68805312	69401363	-1.10179302537401	0.931874109989418	1	-1	0.929847295052467
chr19	1208034	1226795	4.82472259112071	56.6782217924617	57	2	0.999212206622356
chr19	4885131	4921971	5.57652985325283	95.4405104012042	95	2	0.999741904612188
chr19	27248209	34023008	0.435801298544577	2.70532383393729	3	1	0.638133726120999
chr19	34023209	41026193	0.663749048685844	3.16838806671247	3	1	0.919181380731976
chr19	43835425	44236684	0.745746114383496	3.35368250445055	3	1	0.92634472513816
chr19	54747401	54786503	-0.762625289931687	1.17884554869666	1	-1	0.873176515686576
chr19	54786508	54818525	0.546164000862362	2.92039598352185	3	1	0.844733222350292
chr19	54819797	54852193	-2.05430778136455	0.481528207890077	0	2	0.623065261742448
chr19	55852035	58599432	0.408521052037128	2.65464887633167	3	1	0.559506845501851
chr20	87618	6179805	-0.846660837453721	1.11214057942961	1	-1	0.91332489319911
chr20	6200249	6214618	2.79173783776663	13.8492681719986	14	2	0.989278650434226
chr20	6215029	7289309	-0.822249808923758	1.1311185877829	1	-1	0.905266180927387
chr20	13009663	20246273	0.443378495327208	2.71956987746042	3	1	0.658174847155759
chr20	30090650	38139759	0.50078920717947	2.82997480155474	3	1	0.781184464874107
chr20	46608752	53582874	0.730858021250641	3.31925167152684	3	1	0.92716462003955
chr20	53583075	62700500	1.00074920253092	4.00207776994209	4	1	0.578383325129339
chr22	18386353	18734086	0.955137877257771	3.87752982258225	4	1	0.721529279277217
chr22	23786710	23983664	0.836709832035827	3.57194491507004	4	1	0.895846852331245
chr22	46350242	50799120	-1.10166639222512	0.931955909211528	1	-1	0.929855383804279
chrX	10202	3843428	-1.22699514756841	0.85441261465839	1	-1	0.914981011304242
chrX	3854827	3920281	2.29282097858528	9.80026648246435	10	2	0.981484108425867
chrX	3931682	15564203	-0.659614266568677	1.26609506460835	1	-1	0.741452870934324
chrX	15566250	25105967	0.484365974934857	2.79794184194141	3	1	0.751205156685099
chrX	25105968	58540623	1.11240430565066	4.32411324223231	4	2	0.780489878301168
chrX	62470624	67456221	0.879032520216876	3.67828309694256	4	1	0.858825045522139
chrX	77523223	77717095	7.20858332500827	295.821546218984	296	2	0.999982603151421
chrX	83749390	83870008	-0.635824528779676	1.28714578995336	1	-1	0.690922894482568
chrX	89144518	97848739	-0.682221454086543	1.24640985533374	1	-1	0.781806395213464
chrX	97848940	102566676	-0.675354757962775	1.252356446957	1	-1	0.770327600961113
chrX	102566877	103084921	-0.611569124312323	1.3089689500997	1	-1	0.631228258455984
chrX	103087294	103215860	0.774992736735676	3.42236287276286	3	1	0.92178402796104
chrX	103216139	103910906	-0.602128176216189	1.31756288768176	1	-1	0.606020076806697
chrX	103928218	109763573	-0.700936008954353	1.23034591579588	1	-1	0.809800068467389
chrX	135160357	135193143	2.86971217458561	14.6183864660615	15	2	0.990190379412556
chrX	154182561	154349156	0.905246552978656	3.7457290707837	4	1	0.823911506779571
