Chromosome	Start	End	Segment	CNF	CN	Call	ProbCall
chr1	1708898	1714397	0.797877065778116	3.47708194033611	3	1	0.81659431026452
chr1	6146197	6678485	0.563582543357801	2.95586943167921	3	1	0.970693566295559
chr1	9967311	10495395	0.656313494253757	3.15210041382247	3	1	0.96312996411439
chr1	11648189	12329925	1.19368773776454	4.57473361343385	5	2	0.994778298066754
chr1	23417078	24509330	0.573492178324834	2.97624270289887	3	1	0.970962378428742
chr1	25246375	25385885	-0.829950315529558	1.12509723085205	1	-1	0.929941996217773
chr1	31318132	31758861	0.548531081656622	2.92519151355391	3	1	0.969815131123329
chr1	32536907	33181460	1.1690967000998	4.49741713519618	4	2	0.994524292035663
chr1	35906884	36361427	0.516067025370081	2.86010284557128	3	1	0.965704561891303
chr1	65190791	65228136	1.07613558421071	4.21676196504443	4	2	0.9925552508599
chr1	103546308	103798806	-0.618062645363627	1.30309056474054	1	-1	0.834183430125539
chr1	109681834	109700399	-3.21846751826473	0.214869479895651	0	2	0.56671920286546
chr1	110949861	112076712	0.473986959720764	2.77788516257726	3	1	0.953819218569673
chr1	143209147	145305278	0.327737712753832	2.51008759795512	3	1	0.518632872383337
chr1	145305842	145362329	-0.572792176457096	1.34462867705942	1	-1	0.788086498411161
chr1	148595958	149472900	0.513163809035389	2.85435308705038	3	1	0.965162025174268
chr1	149535572	149553108	-0.687077795132379	1.24222129508735	1	-1	0.8820338869632
chr1	152911901	153752448	0.565746609968192	2.96030661219008	3	1	0.970772737929976
chr1	155826814	156286543	0.958645841683651	3.88696964656816	4	2	0.921928855894464
chr1	158724131	158809077	0.534409149766463	2.89669773467478	3	1	0.968432941286121
chr1	174370936	174989826	-0.800240635192247	1.14850677313784	1	-1	0.923706306715733
chr1	223628472	224739469	0.512611958600468	2.85326146704533	3	1	0.965055139790561
chr1	235113638	235480316	0.580514640967383	2.9907651785475	3	1	0.971009308193507
chr2	11466035	11677826	1.30778930977723	4.95123803504394	5	2	0.995792601935427
chr2	32029625	32666813	0.576709596745355	2.98288756095665	3	1	0.970998555576845
chr2	55640544	55646557	-1.86090907908558	0.550605497981533	1	2	0.718343465226955
chr2	63920433	63949165	-1.08841348517341	0.940556499666596	1	-1	0.941583934553498
chr2	88782870	88805474	-1.12368251951714	0.917841841008433	1	-1	0.938321752160653
chr2	95838741	95978191	-0.799858300190144	1.14881118433913	1	-1	0.923616227894669
chr2	97144535	97191307	-1.35677494575382	0.780908301456097	1	-1	0.861896384378678
chr2	97511107	97576429	-1.60756557838251	0.656303222336789	1	-1	0.471406846131887
chr2	151443485	171055336	0.53339520088111	2.89466260495128	3	1	0.968311129350208
chr2	171056360	174351794	0.618860763564169	3.07132410748573	3	1	0.969128136586191
chr2	174358510	174387854	-0.408098414963587	1.50723208862505	2	2	0.458757256334049
chr2	174395471	219095361	0.526562683229525	2.88098606672881	3	1	0.967405403492449
chr2	219095562	224705282	1.18226182524152	4.53864555395881	5	2	0.994662904018561
chr2	224705283	238396365	0.565129353093584	2.95904031632522	3	1	0.970751332238603
chr2	238397467	241191275	1.26172686066759	4.79565162883028	5	2	0.995408011942363
chr2	241195661	242175633	0.583085932714007	2.99610032330846	3	1	0.970996947736122
chr3	10202	5174541	-0.894110686560304	1.0761575565733	1	-1	0.939086654570574
chr3	5178161	5184814	7.97836831623091	504.380369302197	504	2	0.99999999999358
chr3	9552774	10278407	0.592404782241651	3.01551577476126	3	1	0.970819013226062
chr3	42303944	43372948	0.562246532024229	2.95313340848074	3	1	0.970638905329192
chr3	48316321	49509535	0.515194922946497	2.85837444919687	3	1	0.965545038360282
chr3	52905117	53727062	0.504940545197839	2.83812974802859	3	1	0.963438083472111
chr3	98149921	98391234	1.01267620861048	4.0353007706533	4	2	0.981122761901087
chr3	124227983	125120786	0.42330351308668	2.68198935869694	3	1	0.91803305381837
chr3	139283426	155922306	0.536093090133167	2.90008078790714	3	1	0.968628292029489
chr3	155925197	156121046	1.54909099324151	5.85265400806582	6	2	0.997371140307274
chr3	156142984	160304054	0.513123169279386	2.85427268296226	3	1	0.965154195367735
chr3	160307551	160536920	0.451111962305208	2.73418708594704	3	1	0.942022741935671
chr3	160565131	185285731	0.566079189630547	2.96098912043712	3	1	0.970783883330054
chr3	185291482	186789316	0.901550311801311	3.73614464933048	4	2	0.70065807817072
chr3	186789941	196472765	0.521424663118597	2.87074395995082	3	1	0.966621946810895
chr3	196475169	198228341	0.814050388512517	3.51628105343905	4	1	0.765506864619671
chr4	9160776	9364635	0.702186381369495	3.25393714060621	3	1	0.946626811309487
chr4	9367841	9469954	-0.731932928009913	1.20419336379573	1	-1	0.902718984833841
chr4	54723519	54727332	2.72051298646292	13.1821426850195	13	2	0.999798495450744
chr4	118685391	119596669	1.22604066632584	4.67848253024089	5	2	0.995088073466175
chr4	140450004	140482453	-0.737914709178989	1.19921080794971	1	-1	0.905006601911052
chr5	17491204	17655459	5.72135422619924	105.518651782276	106	2	0.999999966609239
chr5	69632197	70422978	-0.598996378402337	1.32042615567689	1	-1	0.816440346155126
chr5	112827041	112836688	6.05360842030582	132.845764424661	133	2	0.999999989441519
chr5	138465737	139322101	0.434566744168294	2.70300980312574	3	1	0.929457782822926
chr5	171391180	171410525	1.07455592698485	4.212147411762	4	2	0.992470534830729
chr6	4098980	4615772	1.7285863690671	6.62805865188779	7	2	0.998171393758605
chr6	29677774	30108204	0.939691328012309	3.83623560724754	4	2	0.871740324404388
chr6	31166958	31354627	1.20314265320155	4.60481326519126	5	2	0.994871133325935
chr6	31355052	31356454	-0.620413931373524	1.30096853402752	1	-1	0.836217309778132
chr6	31356512	31934644	0.564828219044298	2.95842273965289	3	1	0.970740549055685
chr6	32339520	32394180	-0.69430907938759	1.2360104327613	1	-1	0.885832889954638
chr6	32394696	32850624	1.13258477913694	4.38502412256384	4	2	0.994077473014245
chr6	33092941	33174676	0.69419945768474	3.23597274718329	3	1	0.950538928144814
chr6	35468822	36498546	0.526820000072347	2.88149996074849	3	1	0.967442269625516
chr6	42479384	43055943	0.742395878768857	3.34590359718383	3	1	0.91601665579539
chr6	43444678	43944923	0.568960315321278	2.9669082548556	3	1	0.970869110378765
chr6	61345146	62168187	1.02741102575821	4.076726085778	4	2	0.986190136163976
chr6	62177175	89059748	-0.840533357860511	1.11687415839122	1	-1	0.931826992992488
chr6	89080831	105853030	-0.842421543033483	1.11541336055316	1	-1	0.932146207172
chr6	105853231	110887675	-0.78421191554942	1.16133813198792	1	-1	0.919694657977254
chr6	110888893	110892531	3.16839006394947	17.9808593073378	18	2	0.99993329940155
chr6	110892786	125752242	-0.848343999946577	1.1108438245921	1	-1	0.933114988448356
chr6	126159159	137871462	-0.864807693833495	1.09823919544654	1	-1	0.93556040813307
chr6	137871517	137881396	0.797540298764321	3.47627038293112	3	1	0.817524932750847
chr6	137881597	165543712	-0.823883680700164	1.12983830568711	1	-1	0.928785465918597
chr6	165545055	170745612	-0.827718239450527	1.12683928044439	1	-1	0.929523074509645
chr7	50319018	50400774	6.96564094918286	249.975163088001	250	2	0.999999999630506
chr7	92813890	92834147	7.56615243832277	379.025850875119	379	2	0.999999999965154
chr7	100733980	100738579	-5.90546694812808	0.0333662428093921	0	2	0.613892996926741
chr7	100990775	101048977	-0.442040639240654	1.47218539163048	1	-1	0.555346229089582
chr7	103175442	103277703	-0.986372429794793	1.00949066529243	1	-1	0.9444443059412
chr7	143408756	144184669	0.338067527454953	2.5281245267085	3	1	0.605391764738141
chr7	144184670	144380108	-0.665977596726831	1.26052296579671	1	-1	0.869768410489125
chr8	7272794	7413314	0.903071350172243	3.74008575675164	4	2	0.709146160534207
chr8	7414956	7592242	-0.721429923358363	1.21299203455914	1	-1	0.898454773379822
chr8	7610958	7766399	0.72372579491105	3.30288283935802	3	1	0.932906222541015
chr8	7768882	7973239	-0.853148737940011	1.1071504343976	1	-1	0.933865585044533
chr8	12358847	12416782	-1.50222384878499	0.706017647886261	1	-1	0.695783297508136
chr8	21969440	22279651	1.21206677934851	4.63338568958784	5	2	0.994956907604945
chr8	39284724	39605713	9.65640107783222	1613.9733905007	1614	2	0.999999999999996
chr8	39606264	39680261	1.15252028471556	4.44603801749362	4	2	0.994336892968544
chr8	60620629	60853656	2.30941861956657	9.91366576351918	10	2	0.999476449345347
chr8	96965857	145054157	0.556751589526444	2.94190689580278	3	1	0.970367045348243
chr9	145996	21968451	-0.861036411021278	1.10111380762036	1	-1	0.93503136961651
chr9	21968453	21974385	1.67444862214312	6.38394676943036	6	2	0.997957419389255
chr9	21974406	34895641	-0.816249610167334	1.13583272988667	1	-1	0.927247681215888
chr9	34917800	35354283	-0.849888415165805	1.10965529471938	1	-1	0.933359664403874
chr9	36052205	36823679	-0.808421433765137	1.14201259839376	1	-1	0.925571239151034
chr9	36840509	37034074	6.04753126284938	132.287346590545	132	2	0.999999989213192
chr9	37034275	37477773	-0.565052470498899	1.35186166522486	1	-1	0.778749679250848
chr9	37485966	43216461	-0.456519359486785	1.45748460074579	1	-1	0.590547300079832
chr9	105521091	105526500	1.40932589399027	5.31226049781173	5	2	0.996539422206388
chr9	127397183	127950529	0.590205904579147	3.01092318967484	3	1	0.970879904082518
chr10	80432226	86437647	-0.823453604980888	1.13017516721543	1	-1	0.928701305874462
chr10	86936745	87862518	-0.65381297814188	1.27119646849312	1	-1	0.861823542892063
chr10	87864277	87964934	6.3969927592204	168.545320104977	169	2	0.999999996911347
chr10	87965008	100179364	-0.855861525129814	1.10507054821089	1	-1	0.934275722500859
chr10	100183659	101624879	0.673658420488815	3.19022553646014	3	1	0.958408299322763
chr10	101625080	102340353	-0.820424975779235	1.13255021997155	1	-1	0.928100350990246
chr10	102344022	102967648	0.593858220327596	3.01855527641918	3	1	0.970772300731391
chr10	109680908	110685024	0.534100804773923	2.89607869407809	3	1	0.968396233102967
chr10	133741104	133778707	0.702186381369495	3.25393714060621	3	1	0.946626811309487
chr11	86608	893697	0.554618099593075	2.93755955286464	3	1	0.970240783707072
chr11	46797767	47798498	0.579133352480426	2.98790308199532	3	1	0.971009413037503
chr11	63382038	63939269	0.660766738090438	3.16184520266538	3	1	0.962058286432382
chr11	64556266	65579248	0.627835273439971	3.09048930714734	3	1	0.968119448919461
chr11	71929302	73083763	0.603412317721895	3.03861168124099	3	1	0.970335158402298
chr11	89996206	90149017	-0.50732633608952	1.40705006609216	1	-1	0.693228889534634
chr11	100859586	100933191	1.20672133818938	4.61624993843216	5	2	0.994905731998227
chr12	6838945	7403960	0.499277738939387	2.82701147456376	3	1	0.962075956571993
chr12	9480523	9565341	1.38236703709499	5.21391490461692	5	2	0.996353852392938
chr12	31114708	31615139	0.495839030809863	2.82028122957527	3	1	0.96117261212892
chr12	40440567	40525231	-0.364015981937325	1.55399732254713	2	2	0.466275871985537
chr12	43795608	43804659	2.00156790286529	8.00869902574354	8	2	0.99896937147341
chr12	55991958	56522186	0.574433250750134	2.97818474439814	3	1	0.970975533038946
chr12	57221090	57696075	0.541955555310695	2.91188939088122	3	1	0.969242589816473
chr12	64318585	64611410	4.17001748063627	36.0023077348959	36	2	0.999995599822865
chr12	88071768	88141127	-0.503049859341503	1.41122707075311	1	-1	0.685669644396945
chr12	111403225	111439011	6.85752644053232	231.926914523466	232	2	0.999999999442051
chr12	120369303	133234602	0.517524185723197	2.86299308486011	3	1	0.965964623602953
chr13	18171403	18212094	-1.33208512767032	0.79438752507915	1	-1	0.877328323075424
chr13	18218918	19438175	0.471528011526354	2.77315453159087	3	1	0.952785113330552
chr13	19450006	19465630	-1.06580119585671	0.955414583949057	1	-1	0.943019963739401
chr13	40958871	41017372	7.19144256807825	292.327667114074	292	2	0.999999999845744
chr13	48304140	48479697	6.95096069478033	247.444419306263	247	2	0.999999999609148
chr13	52473826	52657490	0.869912366520694	3.65510377257468	4	2	0.51002037384728
chr13	57141246	57169212	1.89681287059347	7.44779245608106	7	2	0.998711815226389
chr14	18228380	24300999	-0.801638303155014	1.147394650505	1	-1	0.924033349943405
chr14	24606405	35605799	-0.846583197693487	1.11220043175385	1	-1	0.932832046339157
chr14	35760919	100829278	-0.852162734367603	1.10790737011909	1	-1	0.933714089055752
chr14	100834697	104644956	-0.835206001087099	1.12100599919289	1	-1	0.930898719539642
chr14	104842901	105488470	-0.778786982108019	1.16571330620494	1	-1	0.918222769505487
chr14	105721775	106874939	-1.04819222878844	0.967147455552033	1	-1	0.943810327549592
chr15	19810202	22548005	-0.733119208946249	1.20320360196637	1	-1	0.903180576340986
chr15	41438228	41750653	0.591420114122459	3.01345832734823	3	1	0.970847733000175
chr15	41754426	51958906	-0.846298148252981	1.11242020337826	1	-1	0.932785840057312
chr15	51959896	65771267	-0.857655845733219	1.10369699507324	1	-1	0.93454167348755
chr15	65771468	92796559	-0.82807050253073	1.12656417350384	1	-1	0.929589694367355
chr15	92832588	92915320	5.72951748376007	106.117404456204	106	2	0.999999967526017
chr15	92924286	101849605	-0.880545804724419	1.08632380348773	1	-1	0.937579054776267
chr15	101875984	101978886	0.372406088298069	2.5890199610539	3	1	0.805217161443929
chr16	11761	505627	0.935438335203841	3.82494322944876	4	2	0.857394703859699
chr16	14470902	15030143	0.378635427254312	2.60022312699788	3	1	0.827629419438705
chr16	18712923	19078179	0.911984468337294	3.76326391556055	4	2	0.756486615681581
chr16	22773871	25733351	-0.813869047848055	1.13770849197868	1	-1	0.926748752830478
chr16	25733352	28817734	1.77322805105528	6.83635848503771	7	2	0.998332138575594
chr16	28846378	29403889	0.732543035934784	3.32313070009639	3	1	0.925616968446721
chr16	29554830	30188586	-0.753192623334383	1.18657835950243	1	-1	0.910416737210336
chr16	31874990	31885301	1.25755982328644	4.78181999657166	5	2	0.995371686987428
chr16	57976387	69749649	-0.839711610411006	1.11751050210707	1	-1	0.931686481753716
chr16	69752112	71285928	-0.621247573475161	1.30021700385075	1	-1	0.836930628694418
chr16	72451462	88453720	-0.821850471195423	1.13143172454105	1	-1	0.928385020896164
chr16	88719509	90106388	-0.774687716481096	1.16903026764502	1	-1	0.91707014359762
chr16	90116324	90222476	0.660227687817776	3.16066402778491	3	1	0.962192839832066
chr17	62040	1844711	0.968769920916889	3.91434229771468	4	2	0.940722209731571
chr17	3154020	3197671	4.45561216759963	43.8836666252686	44	2	0.999998095445814
chr17	5034461	6687641	0.50221411512846	2.83277126615758	3	1	0.96280110141964
chr17	6690673	8187378	1.02106421768213	4.05883085022062	4	2	0.984306016624804
chr17	8189049	10357945	0.584169190406756	2.99835081104703	3	1	0.970986998857905
chr17	10359889	12301597	1.20347135841379	4.60586255040051	5	2	0.994874322975687
chr17	12301598	19024415	-0.809155758666387	1.14143146733198	1	-1	0.925732910713043
chr17	19222560	22731913	-0.819397456529821	1.13335713455147	1	-1	0.92789313707678
chr17	26981802	27583206	-0.63426756495239	1.28853563406626	1	-1	0.84755897881411
chr17	27585581	28496670	0.538315741019393	2.90455216600914	3	1	0.968873071428154
chr17	28497061	29589410	1.12287204688241	4.35560174440201	4	2	0.993927309104256
chr17	30198339	31373680	5.0220095587827	64.983861014099	65	2	0.99999966652618
chr17	32142157	32594637	0.618459841947485	3.07047071220023	3	1	0.969167704809169
chr17	36260684	36457734	-1.06108574695284	0.95854246558057	1	-1	0.943259117915802
chr17	37874182	38229031	-0.847667882912295	1.11136454202035	1	-1	0.933006847807643
chr17	38242119	38707962	0.585996615552499	3.00215115221332	3	1	0.970963835549991
chr17	39509625	39965906	3.1231526863653	17.4257963916786	17	2	0.99992518841711
chr17	41026600	41232641	1.06148874582869	4.17416822924826	4	2	0.99157687848056
chr17	42160006	59106625	-0.798561652625305	1.14984416274866	1	-1	0.923308753992936
chr17	59690556	63507463	-0.726945798182013	1.20836324054752	1	-1	0.900734516285969
chr17	63523334	64973572	-0.802413759510403	1.14677808541842	1	-1	0.924213284631452
chr17	64973773	67739073	-0.804721694382624	1.14494500692144	1	-1	0.924742468346581
chr17	67739419	67743984	0.823727924209582	3.53994740175611	4	1	0.72845792136596
chr17	67744185	73031835	-0.845958756137679	1.11268192955558	1	-1	0.932730678191257
chr17	73380924	83240389	-0.744555086835062	1.1937038129582	1	-1	0.907432314061103
chr18	45672830	46240360	0.557642327814362	2.94372382741986	3	1	0.970416303991226
chr18	51047024	51078532	4.97584639074336	62.9374311919985	63	2	0.999999614074542
chr19	60571	1208030	-0.661484918092901	1.26445446297962	1	-1	0.866912795738154
chr19	1208034	1226795	4.30971649118163	39.6628513528389	40	2	0.999997068595583
chr19	1229154	1650351	-0.657565753865621	1.26789409626999	1	-1	0.864347137182388
chr19	2506082	3533511	1.10894846715045	4.31376763689557	4	2	0.993664542986692
chr19	4885131	4921971	5.98358582540733	126.551941049967	127	2	0.999999986500064
chr19	18925009	19356131	0.621253373237383	3.07642191152793	3	1	0.968882429814963
chr19	34444937	35292350	0.444904597124506	2.72244819635443	3	1	0.937797995407491
chr19	38082884	38575997	0.64304712932541	3.12324799765139	3	1	0.965825083906933
chr19	38577784	44150585	-0.759432552562227	1.18145726625004	1	-1	0.912458163809003
chr19	44156248	45251707	0.69555742389828	3.23902010668411	3	1	0.949911676305077
chr19	45258860	54358688	-0.739543131301591	1.19785797893287	1	-1	0.90561235080473
chr19	54359985	54725431	-0.643987087335314	1.27988386923634	1	-1	0.854894333556572
chr19	54726049	54786503	-3.27734255872812	0.206277367068746	0	2	0.561330004523096
chr19	54786508	54818525	0.702186381369495	3.25393714060621	3	1	0.946626811309487
chr19	54819797	54852193	-2.40343168507663	0.378028868109208	0	2	0.666511450120622
chr19	54852317	54906901	0.775482406609899	3.42352466536717	3	1	0.868358045291509
chr19	54909232	58599432	-0.774493636395644	1.16918754326426	1	-1	0.91701469168105
chr20	6200249	6214618	2.88111182243254	14.7343531619515	15	2	0.999863381031087
chr20	34845281	35078087	0.943706543443769	3.84692724104526	4	2	0.884197043041015
chr20	37982975	38650012	0.6001414538828	3.03173037463985	3	1	0.970510505790353
chr21	5011785	5154746	0.709336461388091	3.27010386970175	3	1	0.942630833764223
chr21	8556388	9591659	-0.60295138358916	1.31681129565067	1	-1	0.82031004546319
chr21	44246276	44801811	0.655880704952942	3.15115496749058	3	1	0.963229373373759
chr22	10530202	12626751	-0.653885235106567	1.27113280257929	1	-1	0.86187276059016
chr22	15186952	19684842	-0.808707793851772	1.14178594316603	1	-1	0.925634395516836
chr22	19714552	19903030	0.873994413103274	3.66546038402568	4	2	0.535031290428489
chr22	19911234	23783559	-0.806878002815947	1.14323500556997	1	-1	0.925228397336256
chr22	23786710	23831850	4.75546303985338	54.0215466432022	54	2	0.999999232540052
chr22	23831852	23942860	-0.621770614120491	1.29974570322286	1	-1	0.83737611040462
chr22	23957664	29359982	-0.790989770780498	1.15589490223055	1	-1	0.921450926550146
chr22	29362986	30119173	0.366203534926541	2.57791292639693	3	1	0.77924339104017
chr22	30121626	31403373	-0.825143782213584	1.1288518952958	1	-1	0.929030380289867
chr22	32039432	35635112	-0.811751081966973	1.13937994527111	1	-1	0.926296920293147
chr22	35656331	38094007	-0.768338379323024	1.17418653736721	1	-1	0.915213778105338
chr22	38605241	41162683	-0.728571273854074	1.2070025517644	1	-1	0.901389199977804
chr22	41162700	41695105	-0.729060891675424	1.20659299210454	1	-1	0.901584897992755
chr22	41699429	50799120	-0.76259133255929	1.17887329604954	1	-1	0.913456368115866
chrX	2789563	58550623	0.970568153931728	3.91922433304313	4	2	0.943569055999943
chrX	62470624	124364504	0.976530608214512	3.93545544950256	4	2	0.952067280509265
chrX	124365706	156027976	0.941750037866017	3.84171378071145	4	2	0.878257068188312
