Chromosome	Start	End	Segment	CNF	CN	Call	ProbCall
chr1	1712347	1714397	2.07546586407316	8.42960987349078	8	2	0.998454175145765
chr1	25258956	25384851	-2.00587591414812	0.497967704787348	0	2	0.743478233004252
chr1	36679822	43503979	2.12925377630468	8.74982265620771	9	2	0.998610207809486
chr1	44572876	45334526	0.830495704654628	3.55659254672935	4	1	0.769476906783541
chr1	56912303	57991266	0.896068492041053	3.72197532763884	4	1	0.50166781019151
chr1	57991267	60072736	-0.988689856029408	1.00787040448538	1	-1	0.934600080677538
chr1	60072937	62864206	1.94241528341918	7.68697130733829	8	2	0.997996809940399
chr1	68488795	69297421	1.85439873417594	7.23202033422892	7	2	0.997629634558248
chr1	73532731	101893408	-1.0006482115906	0.999550794886411	1	-1	0.93504035106282
chr1	101893609	106808806	-0.842290125200848	1.11551497030348	1	-1	0.891610005652797
chr1	109681709	109708541	-3.40030248774941	0.18942485021985	0	2	0.605644983163304
chr1	143219147	146066609	0.49157521541365	2.81195832986746	3	1	0.777134835302195
chr1	146088484	146096582	1.32571074886002	5.01312688108141	5	2	0.993749891445398
chr1	148592603	149495284	0.573361225463597	2.97597256278016	3	1	0.889041462434109
chr1	149554446	158718200	0.493886027493648	2.81646594501011	3	1	0.782211400719063
chr1	158724131	159016104	0.662800906959506	3.16630648057074	3	1	0.919617844808636
chr1	159016536	205810502	0.417906159917412	2.67197435258623	3	1	0.533196475903525
chr1	229809619	233582944	-0.997728434153055	1.00157576968462	1	-1	0.934961544442825
chr1	238990870	248937047	0.415193731885094	2.66695546147825	3	1	0.521384049594853
chr2	72132205	85541458	0.484568477888299	2.79833460079687	3	1	0.760853811234617
chr2	88786524	88804828	-0.649732103922847	1.27479732425561	1	-1	0.43567152364663
chr2	95848829	95940034	-0.755406076350589	1.18475924901696	1	-1	0.783297356539283
chr2	97511107	97560805	-2.00644559768743	0.497771108837364	0	2	0.743404749371449
chr2	119882044	126564559	0.51424349034843	2.85649002178842	3	1	0.821149298313709
chr2	165595474	165933124	-1.00146611004873	0.998984286140216	1	-1	0.935059147093394
chr3	10202	1803706	-0.988119254677511	1.00826910687334	1	-1	0.934571214012073
chr3	5178161	5184814	8.09279296547092	546.013558269202	546	2	0.999999999965429
chr3	82161819	90704686	0.533549179443426	2.89497156821802	3	1	0.849672447533781
chr3	98149921	98391623	1.13170564999092	4.3823528524146	4	2	0.987911046183992
chr3	108218461	120633127	0.449730542818158	2.73157028095803	3	1	0.658351399860052
chr3	135859308	155919390	0.463783976561968	2.75830879450299	3	1	0.704178076508887
chr3	155922139	156121046	1.38172846198119	5.21160759817957	5	2	0.99437215058556
chr3	156142984	192061701	0.485968426442979	2.80105133975323	3	1	0.764215633276196
chr3	192061702	198228341	0.758097405887132	3.38251751793714	3	1	0.887387053793815
chr4	9160776	9359889	0.639811881060102	3.11625195124017	3	1	0.917295372716796
chr4	9363096	9483824	-1.12943147019992	0.914191639166997	1	-1	0.919975462123374
chr4	35143187	38437477	0.461028669846465	2.75304591233137	3	1	0.695678060497472
chr4	47706741	49654578	0.407918810495556	2.65354094558945	3	1	0.489078916157613
chr4	51843059	67495287	0.498249093862163	2.82499652691506	3	1	0.791414326114632
chr4	67505121	90642104	0.469913183065121	2.77005223801191	3	1	0.722244042289789
chr4	190066847	190196187	1.07695443846431	4.21915602163477	4	2	0.977957255059095
chr5	10202	9630178	0.528948436200183	2.88575423126523	3	1	0.84353061366202
chr5	17491204	17705659	4.6846043122184	51.4323551275472	51	2	0.999996942811262
chr5	34178929	34193613	1.67892956436491	6.40380582933301	6	2	0.996709462743288
chr5	50146303	53604856	0.447239593850622	2.7268580366448	3	1	0.649589863272815
chr5	70205628	70437648	0.578398996681238	2.98638257658693	3	1	0.892565858567151
chr5	80331635	80360170	2.61341006733836	12.238968496638	12	2	0.99948853540121
chr5	112827227	112836688	5.9456594276371	123.268419421586	123	2	0.99999993054453
chr5	154895960	169350853	-1.02466730541615	0.98304726931446	1	-1	0.935006065429209
chr5	171308320	174405534	0.455382132748349	2.74229187623922	3	1	0.677519676564003
chr5	174405535	181260850	0.777897574887408	3.42926067520737	3	1	0.867541677615153
chr6	2693115	15579998	0.431249191122966	2.69680123127252	3	1	0.588967063969201
chr6	15585632	32223975	1.01958596698522	4.05467411820703	4	2	0.935703986437162
chr6	32339520	32394180	-0.697514033646739	1.23326767704506	1	-1	0.624332764721123
chr6	32394696	32522163	1.08759560106438	4.25039111188106	4	2	0.981030185741841
chr6	32530093	48219039	1.0266471759313	4.07456819225184	4	2	0.944608507453411
chr6	48219040	58411655	0.561732379167115	2.95208114767103	3	1	0.879789814686026
chr6	105278037	105853030	-1.00802699601402	0.994451560111685	1	-1	0.935158450567313
chr6	105853231	110887675	-0.973060389129175	1.01884854819652	1	-1	0.933540720949219
chr6	110888893	110892531	3.04837616734573	16.5456053077168	17	2	0.999804556205213
chr6	110892786	111503431	-0.863526201287389	1.09921515401861	1	-1	0.904400424201383
chr6	137871517	137881396	1.82969289503587	7.10922795443121	7	2	0.99751609102561
chr6	158841667	170745612	0.670004621214621	3.18215612802822	3	1	0.919656489253066
chr7	13744	2753933	-0.900962366953869	1.07105876165172	1	-1	0.919859281055407
chr7	6823258	10327793	-1.03523773293129	0.975870939696102	1	-1	0.934611537292141
chr7	35119633	35162006	-1.04197851952903	0.971321957570818	1	-1	0.934239137856147
chr7	50319018	50400774	6.74088896486392	213.914277217984	214	2	0.999999995073963
chr7	74357215	76515398	0.466140346749027	2.76281765275036	3	1	0.711260529103764
chr7	80199180	92774828	0.467240627260813	2.76492553682789	3	1	0.714508849898055
chr7	92813890	92834147	8.09274321132523	545.994728253906	546	2	0.999999999965423
chr7	92834348	103175566	0.518608116063214	2.8651449264185	3	1	0.828253788383102
chr7	103279764	103749510	0.483746130243128	2.7967399823387	3	1	0.758853223320039
chr7	114463156	159294947	0.514733257204477	2.85745990911286	3	1	0.821966904673275
chr8	64084	7257045	-1.96131412674875	0.513588880689634	1	2	0.749239431292888
chr8	7372994	30921171	-1.03155311440207	0.97836648286342	1	-1	0.934775272554993
chr8	30921372	37418084	-1.03011049051658	0.979345290390175	1	-1	0.934831733318149
chr8	39284724	40504189	0.928335920572428	3.80615923740139	4	2	0.623074371465666
chr8	42730422	43957107	0.606680964268868	3.04550392610245	3	1	0.907722042928015
chr8	45957108	60618676	0.495002425248821	2.81864624857768	3	1	0.784613322775206
chr8	60620629	60816578	7.43893311209489	347.033977694993	347	2	0.99999999959086
chr8	60819991	112472777	0.486556593166888	2.80219352227785	3	1	0.765611639713138
chr8	112492490	136897351	0.738342472332469	3.33651611594561	3	1	0.901252656633104
chr8	136897352	145054157	1.13839706060619	4.40272599532055	4	2	0.988481285941977
chr9	21455776	21974385	0.523022918957981	2.87392600852075	3	1	0.835035346950845
chr9	29439203	35842020	0.711971736417923	3.27608260965861	3	1	0.912894220234906
chr9	35842131	38722386	1.40176340532492	5.28448692249445	5	2	0.994572906897648
chr9	38722387	43186461	0.429184962288609	2.692945368416	3	1	0.580620938671835
chr9	105521091	105526500	0.653056162400115	3.14499159695642	3	1	0.91904305515984
chr10	47062	27024605	0.517091653981884	2.86213486483696	3	1	0.825831408306164
chr10	27028775	37149747	0.516492214896939	2.8609458962234	3	1	0.824860459193079
chr10	37149806	37197457	-1.42023247600144	0.747304193953356	1	-1	0.512771568028304
chr10	37199684	39601402	0.572458205532717	2.97411040785997	3	1	0.888380051011801
chr10	49167876	49366225	0.508312730313333	2.84477141013669	3	1	0.81082480519959
chr10	87864277	87964934	7.42658912056856	344.077351345571	344	2	0.99999999957188
chr10	104504862	108964667	-1.05121303755655	0.965124497906323	1	-1	0.933574770595717
chr10	133679261	133778707	1.32571074886002	5.01312688108141	5	2	0.993749891445398
chr11	1608345	1630553	0.930291892719759	3.81132303864148	4	2	0.633649644468765
chr11	32583825	43838566	-1.00399981532426	0.997231379005126	1	-1	0.935108315421074
chr11	54591515	56989796	0.458933951548496	2.74905153311582	3	1	0.689057781222023
chr11	110247763	110264786	0.700453855985243	3.25003184887819	3	1	0.9160262101946
chr12	40473069	40524664	-0.735258866177706	1.20142045647592	1	-1	0.737852437139401
chr12	43795608	43804659	0.972860365083778	3.92545630173468	4	2	0.826927584892431
chr12	64566693	64611410	6.365028926764	164.852153913042	165	2	0.999999982358707
chr12	98634107	99246655	-1.13007480679767	0.91378406735903	1	-1	0.91979492164564
chr12	111403225	111439011	6.55035759046138	187.44942506657	187	2	0.999999990542358
chr13	19173924	25234110	-0.986773389117345	1.00921014277024	1	-1	0.93450024206784
chr13	27089774	27116660	1.58391883851992	5.99566110052068	6	2	0.996086220812823
chr13	40976205	41017372	6.77833318213335	219.538960786253	220	2	0.999999995672506
chr13	48304140	48479697	6.60582257208349	194.796314510503	195	2	0.999999992168714
chr13	52532562	52657490	2.18069412777436	9.06743267148232	9	2	0.998745770053223
chr13	57141246	57169212	2.20048628425589	9.19268486449962	9	2	0.998794606736943
chr13	59717041	114346545	-0.998773210022289	1.00085070766086	1	-1	0.934991850535633
chr14	35625252	35760891	0.879416967161589	3.6792634102376	4	1	0.585944867180761
chr14	105916640	106874939	-0.785047154835877	1.16066597711592	1	-1	0.833718402292956
chr15	19810202	22573064	-1.20338441187972	0.868510736147838	1	-1	0.88865630614184
chr15	22573067	23089999	0.463558565408798	2.75787786143764	3	1	0.703491552152371
chr15	58538302	62776919	0.446503240168046	2.72546659939597	3	1	0.646963519905169
chr15	82430049	82810303	0.480219550328353	2.78991187111334	3	1	0.750054526565643
chr15	82812954	82819574	-6.0327448941102	0.030548706526165	0	2	0.71357882683145
chr15	92832588	92915320	6.56077314072766	188.807614766687	189	2	0.999999990870937
chr16	12355980	20792424	0.588504911771774	3.00737528767665	3	1	0.898837156208437
chr16	20796266	26586471	0.494563860624773	2.81778953899837	3	1	0.783673658782036
chr16	59484427	64611511	-1.02812941899314	0.980691025771062	1	-1	0.934902263147491
chr16	68138508	70811438	-0.951396994255691	1.03426293858879	1	-1	0.931087495384767
chr16	71064669	90096162	-0.985304646181256	1.01023809739589	1	-1	0.934418145314105
chr17	62040	3197671	-0.980832340158687	1.01337466057132	1	-1	0.934137990056128
chr17	10198144	11126008	0.840084734167815	3.58031056081022	4	1	0.74160479534021
chr17	11126009	12021059	-0.979070253643765	1.01461313765975	1	-1	0.93401498761476
chr17	12021062	12141397	6.21361433317003	148.427472265591	148	2	0.999999970878244
chr17	15331957	20590379	-0.953578662294258	1.0327000905196	1	-1	0.93139019024223
chr17	31095295	31373680	6.04093594832374	131.683972075838	132	2	0.999999948876892
chr17	37927397	38195978	-1.06861037180076	0.953556037097438	1	-1	0.931827307557959
chr17	47708305	48184983	0.498781203310698	2.82603866302119	3	1	0.792503183892143
chr17	58999294	59325445	-1.00369578385012	0.997441556254476	1	-1	0.935103136707744
chr18	51047024	51078532	4.45766860941729	43.9462637459201	44	2	0.999994274390893
chr19	1208034	1226795	4.4725981246166	44.4033963292919	44	2	0.99999450316261
chr19	4885131	4921971	5.46192444737659	88.152186398041	88	2	0.999999685143064
chr19	5386381	5763329	0.680632524233991	3.20568467829366	3	1	0.919104017734491
chr19	8251016	24428208	0.605217165454307	3.04241543957774	3	1	0.907110856978938
chr19	54667681	54739706	1.32571074886002	5.01312688108141	5	2	0.993749891445398
chr19	54747401	54783606	-1.2615528911863	0.834189529292595	1	-1	0.841979821856241
chr19	54786383	54817564	1.34858069673856	5.0932293957163	5	2	0.99401677332781
chr19	54818359	54839603	-1.49723635228303	0.708462623497731	1	2	0.593607957894892
chr19	54850504	54909550	1.24447885794841	4.7386590375574	5	2	0.99253656947066
chr19	58346705	58599432	0.521796693556297	2.87148433946112	3	1	0.83319148072386
chr20	4932831	12124006	0.569152434950794	2.96730337596782	3	1	0.885879148114355
chr20	59987364	64327990	0.590322158795958	3.01116582350305	3	1	0.899858395568573
chr21	12968738	21788257	0.628528462616316	3.09197458880836	3	1	0.914903495449057
chr22	10510202	11962641	-0.668989551462504	1.25789408194281	1	-1	0.515683008301889
chr22	18345782	18517837	0.477970467587867	2.78556593936114	3	1	0.744254874969654
chr22	23786710	23831850	5.25564267279522	76.407516988817	76	2	0.999999413570945
chr22	23941098	23983664	0.536517889600212	2.90093483822916	3	1	0.853435221114388
chr22	50206359	50799120	-0.97006933197471	1.02096305983815	1	-1	0.933272523492109
chrX	2789563	6151478	0.630448297834531	3.09609190601663	3	1	0.915370868379736
chrX	6151679	15456156	1.35265011434044	5.10761617595172	5	2	0.99406221307877
chrX	15459493	20188597	0.63483576517007	3.10552195064899	3	1	0.916345258260944
chrX	20193299	24995992	0.54612279676467	2.92031257673134	3	1	0.864600091809619
chrX	25004591	39103101	1.0337578374224	4.09470023095298	4	2	0.952180189240053
chrX	44634186	45111334	6.90449928799338	239.602522754352	240	2	0.99999999721231
chrX	45111353	55858565	0.630292279227717	3.09575710079886	3	1	0.91533382572804
chrX	55858566	58510623	1.20133175558512	4.5990368441306	5	2	0.991521204306021
chrX	62510624	70404051	1.42057743331754	5.35385264995134	5	2	0.994753521696485
chrX	70404725	75742832	0.636412600788456	3.10891807704117	3	1	0.916664007152594
chrX	75742935	84344469	1.50458664393201	5.67486724821914	6	2	0.995485466903795
chrX	102514940	102566676	3.34664032406683	20.3455351635753	20	2	0.999902410201439
chrX	103088854	103215860	3.36973687307534	20.6738743275749	21	2	0.999907629035493
chrX	112102760	124364504	0.668062332702003	3.17787489984436	3	1	0.919678583055551
chrX	124365706	135158257	0.652103407430207	3.1429153319838	3	1	0.918954669916617
chrX	135160357	135719118	0.754754429067908	3.37468870691858	3	1	0.890105260743794
chrX	135882950	156027976	0.643620280791725	3.12448904288179	3	1	0.917913208446749
