Chromosome	Start	End	Segment	CNF	CN	Call	ProbCall
chr1	65190791	65228136	1.03905095454267	4.10975090723495	4	2	0.876804811242771
chr1	120828970	120840630	-0.973705551686309	1.01839302851773	1	-1	0.941469204607144
chr1	143199147	145306094	1.05850877935302	4.16555515214168	4	2	0.916316601149597
chr1	145306682	145310878	-1.27870073966606	0.82433305982727	1	-1	0.898373573416668
chr1	145350220	146098060	0.779743495605524	3.43365120443839	3	1	0.890579354993864
chr1	146098869	146108429	0.424752503388504	2.68468440420601	3	1	0.584193817453065
chr1	146109791	149513084	0.732408487510403	3.3228207931944	3	1	0.914752528602457
chr1	158724131	159016104	0.559105045040663	2.94670991870339	3	1	0.87185795267602
chr1	168196523	173658406	0.503309838478282	2.8349235662255	3	1	0.796499233029902
chr1	198319802	220598340	0.495020736556439	2.81868202427845	3	1	0.780619388849129
chr1	220599785	248937047	0.401285260533441	2.64136790156254	3	1	0.496100072224729
chr2	10202	1103380	0.43062637641765	2.6956372673553	3	1	0.604824633572958
chr2	1103581	13955152	0.500969012452312	2.83032752758987	3	1	0.792156869355751
chr2	86865614	86878974	-1.48676714488336	0.713622424269836	1	-1	0.716001947220432
chr2	86879429	86930292	0.844757389626419	3.59192540569878	4	1	0.808968258619436
chr2	95848829	95940034	-0.882690469053052	1.08471010897888	1	-1	0.933295595513412
chr2	97127083	97189176	-0.959182482993975	1.0286965823303	1	-1	0.940881681574117
chr2	97262794	97580598	-0.956334265997321	1.03072947571055	1	-1	0.94073914720861
chr2	171517245	171747887	0.416677080507236	2.66969897902334	3	1	0.55480091875016
chr3	5178161	5184814	8.5601189242839	754.88806364545	755	2	0.999999999999948
chr3	86637106	90704686	0.570820849359994	2.97073691895699	3	1	0.882099472030029
chr3	93734064	103524220	0.69868204569867	3.24604285251881	3	1	0.9213559919062
chr3	103524421	149902239	0.658720880108756	3.1573646286915	3	1	0.920399047243022
chr3	149911855	160304054	0.69121258084965	3.2292800967937	3	1	0.921868131204493
chr3	160307551	175581169	0.679301706028539	3.20272894867778	3	1	0.922022344882076
chr3	175581370	198228341	0.728819070351446	3.31456390952263	3	1	0.915815122134668
chr4	6709260	9224983	0.429690301158204	2.69388880295548	3	1	0.60158199729429
chr4	9363096	9469954	-0.561291581053007	1.35539036308759	1	-1	0.476215068029166
chr4	68474618	68669987	0.545249554586481	2.91854548915031	3	1	0.857573219682939
chr4	91535511	121317747	-0.693242205038255	1.23692480169382	1	-1	0.821910609352422
chr4	140405929	140550344	-0.787913464064425	1.15836228515936	1	-1	0.905365337252483
chr4	190065242	190081914	-1.62488367457852	0.648472061933637	1	-1	0.429707077643943
chr5	10202	17486136	-0.813102947208702	1.13831279894438	1	-1	0.915969576150206
chr5	17491204	17685659	1.82873731083383	7.10452064182223	7	2	0.99835404773863
chr5	28758586	34937788	-0.839924965134219	1.11734524991724	1	-1	0.924337840820659
chr5	34938776	42424715	-0.856447527322424	1.10462177543073	1	-1	0.928340558570893
chr5	50136303	69400100	-0.913770470397719	1.06159209247782	1	-1	0.937416315911661
chr5	69400132	72893353	-1.04002259815003	0.972639712016266	1	-1	0.941451316048935
chr5	72893474	72900985	1.43799633884514	5.41888615831274	5	2	0.996137066078192
chr5	72900990	80321501	-0.838664198610835	1.1183221210922	1	-1	0.923999752713939
chr5	80331635	80360170	1.96829966488498	7.82613319952701	8	2	0.998804271418648
chr5	80360371	112827226	-0.850079837464841	1.10950807117567	1	-1	0.926888259363467
chr5	112827227	112836688	5.01179879188808	64.5255573103958	65	2	0.999999834794439
chr5	112836944	138498657	-0.901778685463048	1.07045289710361	1	-1	0.936020872093654
chr5	138508333	139317162	-0.624080704413842	1.29766617341512	1	-1	0.679440030327849
chr5	139317502	139322101	1.28119662019326	4.86080958633591	5	2	0.994533252994034
chr5	139322402	171405504	-0.877397775238958	1.08869680196858	1	-1	0.932417778980989
chr5	171406265	171410525	1.13791004816485	4.40124001220681	4	2	0.982761313779842
chr6	10587087	29943490	0.455858760952768	2.74319800646608	3	1	0.685095486443736
chr6	29944009	30005606	-1.40646137257883	0.75447166631418	1	-1	0.815995087790634
chr6	31166958	31356634	0.400156195137461	2.63930155327833	3	1	0.491687806324566
chr6	31356689	31934644	0.438977650237314	2.71128665090305	3	1	0.632952824107001
chr6	32293900	32403274	-0.667358672927648	1.25931685832197	1	-1	0.779152690113196
chr6	32404955	32763575	2.12025379554212	8.69540844161241	9	2	0.999163095362247
chr6	32764691	58441655	0.462760881965336	2.75635341907138	3	1	0.704508108457187
chr6	60241656	63703708	0.537609604022471	2.90313086086371	3	1	0.848575628816692
chr6	110888893	110893664	1.21943719083152	4.65711720537913	5	2	0.993043214045644
chr6	123218812	123278415	-0.79631066290104	1.15163962719677	1	-1	0.909248659931688
chr6	137871517	137881396	2.04303843461213	8.24225120655636	8	2	0.998995574954954
chr7	35105973	35162006	-0.872140783537093	1.09267110699586	1	-1	0.931488280347881
chr7	50319018	50400774	7.38886209253589	335.196225313783	335	2	0.999999999987407
chr7	63126718	74812826	0.526423689562276	2.88070851706085	3	1	0.833808874173502
chr7	74819482	92570002	0.455016319953532	2.74159662308079	3	1	0.682649320860756
chr7	92575837	92834147	1.27489868942166	4.83963649046484	5	2	0.994435961889396
chr7	92834348	97739991	0.404500168584792	2.64726050066115	3	1	0.508597043954527
chr7	97740192	103197405	0.491707413242981	2.81221600859295	3	1	0.773871801511481
chr7	103198524	103257786	-0.944040158109615	1.03955049838496	1	-1	0.940015971523816
chr7	103258368	142065587	0.476153780020624	2.78206047352805	3	1	0.738983727329704
chr7	142065627	142094610	-0.929262235910082	1.05025362407314	1	-1	0.938900992560043
chr7	142094659	159324947	0.470685424181388	2.77153537948816	3	1	0.725413343340748
chr8	64084	7247261	-0.864227708272426	1.09868079322673	1	-1	0.929974088274314
chr8	7372994	17217235	-0.945588219772443	1.03843562301263	1	-1	0.940116919339338
chr8	17972444	30921171	-0.883869509432802	1.08382399339077	1	-1	0.93348351475374
chr8	30921372	39283649	-0.840207442405459	1.11712649700626	1	-1	0.924412916822394
chr8	39284724	39668206	2.64399374105557	12.5011918478477	13	2	0.999771955638391
chr8	60781266	60816090	7.35847008009246	328.208792974778	328	2	0.999999999985583
chr9	4712984	36277168	0.453224557464182	2.73819379664026	3	1	0.677391347101817
chr9	36303843	37486196	6.58763882068388	192.356506630766	192	2	0.999999999605358
chr9	60536462	60686461	-2.69485368271479	0.308885984728676	0	2	0.54816070859292
chr9	105521091	105526500	0.602446013285636	3.0365771273294	3	1	0.902741941703623
chr10	37149615	37197457	-0.958759603837503	1.02899815549168	1	-1	0.940861098792455
chr10	87864277	87964934	7.2688422239742	308.439179266306	308	2	0.99999999997856
chr10	94694802	95065033	0.518605062574307	2.86513886229633	3	1	0.822268935008611
chr11	1608345	1630553	1.18995444108415	4.56291076888389	5	2	0.991341858328499
chr12	12211	21373777	0.482607985091359	2.7945344983549	3	1	0.754117137267422
chr12	21452099	31113087	0.476681076192857	2.78307748538012	3	1	0.74025574507573
chr12	31114469	34689924	0.484338590190804	2.79788873286995	3	1	0.758014970937098
chr12	64566693	64622708	6.81935543582989	225.871030333524	226	2	0.999999999850436
chr12	111403225	111439011	7.05378324085829	265.723726335886	266	2	0.999999999945151
chr13	18171403	18222600	-1.11211804280673	0.925228721765689	1	-1	0.936601174498414
chr13	18227348	18409024	0.687226411455421	3.22036990428825	3	1	0.922009594197458
chr13	27089774	27116660	2.32854408813054	10.0459638819755	10	2	0.999494435331547
chr13	40976205	41017372	6.90472206909212	239.639525054469	240	2	0.999999999895943
chr13	48304140	48479697	6.56299451932066	189.098553767411	189	2	0.999999999563003
chr13	57141246	57173577	2.47769959921467	11.1401719754224	11	2	0.999651321508891
chr14	18248380	19464470	-1.42572926414491	0.744462320121629	1	-1	0.796275090699171
chr14	22493390	22873037	-0.963002845190079	1.02597612197123	1	-1	0.941058569486765
chr14	35654227	35760891	0.513231473553545	2.85448696354549	3	1	0.8137143497904
chr14	35760919	35834939	-0.811650874993563	1.13945908727818	1	-1	0.915438474005437
chr14	66012976	75384485	-0.694036096137377	1.23624432978018	1	-1	0.823046187532385
chr14	105902538	106874939	-0.801060385367133	1.14785436831794	1	-1	0.911283692823801
chr15	19780202	22947231	-1.39139170367148	0.762393802283241	1	-1	0.829790708339791
chr15	22947236	46711335	-0.891947446229403	1.07777240488063	1	-1	0.934699577362762
chr15	92832588	92915320	6.10522732084052	137.684974850314	138	2	0.999999997220438
chr15	92924286	97874266	-0.777613935915151	1.16666152574847	1	-1	0.900055655665961
chr15	101818140	101978886	0.741630044180091	3.34412794214682	3	1	0.91158509924123
chr16	11761	24341	0.836907814379163	3.57243512993205	4	1	0.823157822015758
chr16	1554744	4260577	-0.796036795774865	1.15185826395915	1	-1	0.90912787625315
chr16	5366805	8251014	-0.853320551589483	1.10701858932665	1	-1	0.927640858497744
chr16	18332449	18411910	0.46306918220665	2.75694250769026	3	1	0.705349028340186
chr16	31874990	31885301	0.861374957402137	3.63353790709934	4	1	0.773772566668129
chr16	31890130	36258209	-0.646725921945357	1.27745642275622	1	-1	0.736267819532197
chr16	46398210	70811438	-0.595126591954231	1.32397273085351	1	-1	0.592481528538516
chr16	71175514	90222476	-0.617468815838746	1.30362704189341	1	-1	0.660924468503139
chr17	3154020	3197671	4.49067096653853	44.9631425554412	45	2	0.999999019364712
chr17	3964559	4486729	1.00189713506863	4.00526343522979	4	2	0.762012099445856
chr17	6468225	7263493	1.13490193511314	4.39207270088762	4	2	0.981841264801108
chr17	7670087	7672818	3.77226511009715	27.32718805188	27	2	0.999990415584012
chr17	10359889	10539934	0.431431631702472	2.69714228539408	3	1	0.607600006392607
chr17	12024637	12141397	7.30973591701058	317.307083320676	317	2	0.999999999982104
chr17	19030573	19252559	1.15153716635541	4.44300931598294	4	2	0.986168081212389
chr17	26951914	31047397	-0.809898303600462	1.14084413179022	1	-1	0.914785503243502
chr17	31047598	31373680	6.16038756165713	143.051177389747	143	2	0.999999997766133
chr17	36169062	38776760	1.00982806048275	4.02734219543145	4	2	0.790938190721523
chr17	38777603	39178135	0.504586943967542	2.83743421420725	3	1	0.79882219719895
chr17	39183567	46335606	-0.863319557237975	1.09937261109205	1	-1	0.929791037308835
chr17	46337327	46694009	0.608152882536635	3.04861270535358	3	1	0.905533975751467
chr17	46694480	47060143	-0.997177950297139	1.00195801019837	1	-1	0.941952739851982
chr17	47060344	49724541	0.469772292954604	2.76978173461448	3	1	0.723079551607014
chr17	49732511	51286579	1.01688805534742	4.04709876085574	4	2	0.814716544122125
chr17	51287973	53647637	0.657801437460818	3.15535305261352	3	1	0.920270343754747
chr17	53647638	56404966	-0.894911443146404	1.07556040948411	1	-1	0.935115674338862
chr17	56404967	57841388	0.685802917093193	3.21719396104813	3	1	0.922038123019005
chr17	58965650	59773938	-0.836052190570503	1.12034868401076	1	-1	0.923283446614071
chr17	59774139	64128813	1.02579774879802	4.07216988215439	4	2	0.841970097959217
chr17	66554392	67722640	0.785961203652584	3.4484814437129	3	1	0.885689050584684
chr17	67724078	68840888	0.487353703597191	2.8037422035994	3	1	0.764646870848384
chr17	68868135	71609023	-0.919600046114386	1.05731111502683	1	-1	0.938015164065093
chr17	71621055	75406253	0.854620836209011	3.61656689255559	4	1	0.788967091955502
chr17	75406454	77405224	-0.825617053646704	1.12848163982346	1	-1	0.920196312603306
chr17	77428913	81058110	0.965478870239543	3.90542314554832	4	2	0.605766793658706
chr17	82966065	83240389	1.13226934581367	4.38406547815688	4	2	0.980978343710707
chr18	20951246	29377250	0.417231851706797	2.67072577738606	3	1	0.556855349439086
chr18	29377251	41327020	-0.859896349981668	1.10198428478279	1	-1	0.929083143529183
chr18	41327021	46947043	0.470161897471442	2.77052982424317	3	1	0.724077689914186
chr18	46962822	47029808	-0.947734394430466	1.03689197915192	1	-1	0.940252081429214
chr18	47032850	50850151	0.462822442431621	2.75647103645911	3	1	0.704676199822058
chr18	50850152	51168732	2.20414785990504	9.21604563071155	9	2	0.999315441616389
chr18	66722459	80247394	-0.860776701254491	1.10131204476915	1	-1	0.929267928163728
chr19	1208034	1226795	4.63811826308242	49.8015335492994	50	2	0.999999401070129
chr19	4885131	4921971	5.251954459018	76.2124325537637	76	2	0.999999929866907
chr19	13965799	20751802	0.978483723385855	3.94078686243709	4	2	0.664930871697709
chr19	27248209	33391442	2.70982195551446	13.0848180263662	13	2	0.999807819949566
chr19	37263428	40757659	1.77868364223094	6.86225930508587	7	2	0.998157683277538
chr19	40759352	41585900	-0.701375013197658	1.22997158519105	1	-1	0.833090566877425
chr19	42728971	54360208	-0.621909352584792	1.29962071765942	1	-1	0.673453000745468
chr19	54360907	54632179	-0.721978486872107	1.21253089990148	1	-1	0.857274585271132
chr19	54729546	54855942	-0.595658696136526	1.32348450464784	1	-1	0.594207118801629
chr19	54885115	55384241	-0.678173325941693	1.24991212863656	1	-1	0.798423396649335
chr20	1588394	1611704	3.68541900514113	25.730703644378	26	2	0.999987547298113
chr20	6200249	6214618	3.23766580689276	18.8653349092944	19	2	0.999954190283656
chr20	17111469	20069854	0.472274138449223	2.77458911086204	3	1	0.729427442177354
chr20	30090650	64327990	0.489517265797757	2.80795003775527	3	1	0.769282594158784
chr21	5011785	5163737	0.560316418530162	2.94918519255289	3	1	0.872991113867247
chr21	5223938	5913937	-0.695389044926259	1.23508553238913	1	-1	0.824959011474862
chr21	5973208	6799937	0.746949395912429	3.3564808141697	3	1	0.909455581639821
chr21	6811378	10377002	-0.770504814269353	1.17242463365681	1	-1	0.896001807834139
chr21	38013186	44098538	0.752897528924774	3.37034792199952	3	1	0.90679471571964
chr21	44231317	46691137	0.616908284340352	3.06717032561321	3	1	0.90933400176157
chr22	10510202	12806951	-0.796721312568926	1.15131187038245	1	-1	0.909429053006019
chr22	15176952	18199821	-1.2442987748556	0.844226034371467	1	-1	0.910618438524142
chr22	19410599	20064650	1.14436753541981	4.42098406858567	4	2	0.984519792028964
chr22	22871510	23787288	-1.61727901377325	0.651899279674296	1	-1	0.44799579031979
chr22	23787345	23831850	3.83135402595047	28.4696731686835	28	2	0.999991993019656
chr22	23831852	23942860	-1.43533141596566	0.739523851659704	1	-1	0.785510299642539
chr22	23957664	24322931	-1.45604174361929	0.728983596347663	1	-1	0.760009627293042
chr22	24806361	25878048	-0.560047589105063	1.3565595788908	1	-1	0.47178723869228
chr22	25890499	27360532	0.683769731721482	3.21266317355181	3	1	0.922058900614435
chr22	27360533	28108460	-1.71015398459076	0.611254893693544	1	2	0.537092513794562
chr22	28108661	40886530	1.52185612548264	5.74320526580456	6	2	0.996766970542682
chr22	40888491	41162683	-0.780510392440035	1.16432160329974	1	-1	0.901613596321694
chr22	41162700	41695105	-0.815236516651601	1.13663061777094	1	-1	0.916733983608329
chr22	41699429	45335471	-0.826603956645269	1.12770994445821	1	-1	0.920504435461428
chr22	45336196	50799120	-1.4482156506603	0.732948810942093	1	-1	0.770023622484588
chrX	10202	2782139	-0.708110472817327	1.22424264375036	1	-1	0.841619705523374
chrX	3843308	3920281	1.70749089641813	6.53184653988126	7	2	0.997841122762212
chrX	44877054	45111334	7.05077118888504	265.169528307522	265	2	0.999999999944432
chrX	51030594	51163839	0.687680153112008	3.22138290131201	3	1	0.921998074466317
chrX	63966389	64189402	0.985248635964073	3.95930891938093	4	2	0.694508315652249
chrX	65800241	65957238	1.25042677425555	4.75823582065544	5	2	0.993975660571125
chrX	77523223	77717095	7.18972848444187	291.980555279485	292	2	0.999999999969646
chrX	103087294	103215860	0.884155503410303	3.6913678297158	4	1	0.712669858489535
chrX	135160357	135193143	2.32342148090682	10.0103567224737	10	2	0.999488023431984
chrX	142144575	142264216	0.70009345943429	3.24922006679826	3	1	0.921222535088684
chrX	154144167	154289775	1.36512185090325	5.1519616374866	5	2	0.995495284398805
