Chromosome	Start	End	Segment	CNF	CN	Call	ProbCall
chr2	88446786	92115200	2.34300586129658	10.1471724198586	10	2	0.999999999999992
chr3	93713976	198228376	0.495957494662407	2.82051282051281	3	1	0.669227244027924
chr5	10202	17441694	-0.700439718141097	1.23076923076923	1	-1	0.936890185125847
chr5	17444009	17635053	2.44572876336904	10.8960155583703	11	2	0.999999999999997
chr5	50136171	176899332	-0.671293372481574	1.25588697017269	1	-1	0.925278791216128
chr7	142554835	142789040	-2.3359580167865	0.396128932863017	0	-2	0.945767471498349
chr14	18257823	20770948	-1.27161720392956	0.828390432337914	1	-1	0.978618857876634
chr14	20781050	22320691	1.25883089832648	4.78603483766252	5	2	0.999204159564138
chr14	104117404	106879812	1.2662187665711	4.8106064082901	5	2	0.999340781246701
chr22	10530202	12626642	-0.54886537032299	1.36711502267657	1	-1	0.771060838427384
chr22	15186843	17329232	-1.47162613228066	0.721151294525907	1	-1	0.969984719653502
chr22	42149885	50801309	-0.631047351429736	1.29141496341758	1	-1	0.899670957883489
chrX	253742	58546333	-0.574908836057234	1.34265734265734	1	-1	0.827795240204793
chrX	62466334	156027877	-0.675172563125548	1.25251461433186	1	-1	0.927081475658372
