Chromosome	Start	End	Segment	CNF	CN	Call	ProbCall
chr4	49212250	49649729	-0.389306060490762	1.52699351960804	2	-1	0.876431557352311
chr4	155385351	155461237	-1.51477149098789	0.699903782042874	1	-1	0.747351491589905
chr7	57168724	57196564	-2.11424086886463	0.461934156378602	0	-2	0.855391034365688
chr11	56526567	57038436	0.607821136708184	3.04791176146257	3	1	0.999178862907156
chr15	19790202	23193696	-0.514003522072009	1.40055290169323	1	-1	0.922963979683961
chr17	21883666	22746903	-0.58412135176024	1.33411094670875	1	-1	0.925774083910844
chrX	2752047	48132613	0.749339291385976	3.36204559804105	3	1	0.998986386558415
chrX	48276703	58546333	0.676952977309805	3.19751910090856	3	1	0.99920829061865
chrX	62466334	147827384	0.77853372217476	3.43077311952001	3	1	0.998784602544476
chrX	147827585	156027877	0.714053713985037	3.28081379277898	3	1	0.999133431267913
