Chromosome	Start	End	Segment	CNF	CN	Call	ProbCall
chr1	873350	10171392	0.694307726375739	3.23621560355295	3	1	0.713032396741283
chr1	16563952	16912274	-1.04965998918127	0.966164005251038	1	-1	0.87871945440697
chr1	21319076	21608394	0.840088652404801	3.58032028464229	4	1	0.672726050757578
chr1	25246375	25390915	-1.77408533638864	0.584759242097815	1	-1	0.515839123223566
chr1	39511199	70862453	0.577935375665665	2.98542303403646	3	1	0.627458080898848
chr1	106018807	109237034	0.607123481506675	3.04643821550938	3	1	0.658768722059664
chr1	121709147	121969146	-1.14297836835507	0.905647562117404	1	-1	0.880289272955065
chr1	143189147	143289146	-1.68375388868333	0.622543309146192	1	-1	0.624432345207768
chr1	143289147	146298705	0.633256525664886	3.10212436521358	3	1	0.681043398919817
chr1	148595958	149489289	0.52453664846967	2.87694302151493	3	1	0.552084947470502
chr1	152580092	152614198	-5.9624152425033	0.0320748150680015	0	2	0.526750207464016
chr1	158724131	158829277	0.712098616781321	3.27637074319982	3	1	0.71724678503221
chr1	248558762	248650963	-2.60556985453495	0.328605867374949	0	-2	0.547226763745135
chr2	55640544	55672984	-0.871259779653747	1.09333856716503	1	-1	0.817317749716723
chr2	95848829	95978191	-0.662915245083964	1.26320146975994	1	-1	0.544334643656328
chr2	97127083	97191307	-0.861143424142966	1.10103213460393	1	-1	0.810043717777112
chr2	97192825	97208044	-0.847266575357164	1.11167372796126	1	-1	0.799159732203783
chr2	97511107	97576429	-1.5634553068077	0.676679549392002	1	-1	0.734490584957079
chr2	122165581	125434559	-2.03444951480883	0.488202126800056	0	2	0.441671483674714
chr3	5178161	5184814	8.43640590524388	692.853202564001	693	2	0.99999999999812
chr3	10093127	20364235	0.75150524075893	3.367096900924	3	1	0.718273516428155
chr3	155922139	156141246	0.816271595411565	3.52169897138269	4	1	0.692424022786538
chr3	169566162	198228341	0.838715761218072	3.57691481641388	4	1	0.674031753968544
chr4	9160776	9175774	4.48846635600103	44.8944859680982	45	2	0.999995509656015
chr4	9175859	9350088	-0.881692619836766	1.0854606151526	1	-1	0.824263191732932
chr4	49122214	49644578	-0.791399857290472	1.15556638544108	1	-1	0.743749856320459
chr4	68517034	68668276	1.255724056009	4.77573920625489	5	2	0.967362258896282
chr5	17491204	17675659	1.14817539314179	4.43266825264109	4	2	0.88500289010779
chr5	72893474	72905396	0.940117599297396	3.83736926241809	4	1	0.511791513323675
chr5	80331635	80360170	2.30400574409418	9.87654017854127	10	2	0.998588595093972
chr5	112827227	112836688	5.3241997307729	80.1260654646536	80	2	0.999999682078842
chr5	142233724	142913368	1.0524018717912	4.14795968346414	4	2	0.668031457569965
chr5	171391180	171410525	1.5401604091419	5.81653675744148	6	2	0.992671028921643
chr5	180948273	181002863	-3.2856418984043	0.205094129353958	0	-2	0.61172866864402
chr6	29791232	29943037	1.72300295890866	6.60245680945688	7	2	0.995099858705663
chr6	31166958	31354627	1.14915285356481	4.43567250909695	4	2	0.886377336672529
chr6	31355052	31356634	-2.10261136709988	0.46567283587567	0	2	0.464146867400967
chr6	32255707	32500364	-0.674117746090879	1.25343071705309	1	-1	0.564934098080529
chr6	32517622	32762016	1.31931468579926	4.99095081296693	5	2	0.98136805550064
chr6	33092941	33175658	0.782585860058046	3.44042277314974	3	1	0.710497948802979
chr6	110888893	110893664	1.41149197109389	5.32024237063945	5	2	0.988959837303354
chr6	137871517	137881396	1.18371245521154	4.54321145752156	5	2	0.925803883163673
chr7	6796504	6822434	0.646438613828215	3.13059875924349	3	1	0.690284947830067
chr7	50319018	50400774	7.20111824663036	294.294801192606	294	2	0.999999999662865
chr7	63030237	74812826	0.804168921076337	3.49227924168303	3	1	0.700162376797925
chr7	74819482	91747044	0.695152617281077	3.23811139569491	3	1	0.71328434265328
chr7	92813890	92834147	7.73618414032267	426.435619901559	426	2	0.999999999961937
chr7	100733980	100738579	-2.73321867404031	0.300780162804372	0	-2	0.563044649838833
chr7	101539662	103175566	0.513826311456541	2.85566414034449	3	1	0.534208702744149
chr7	129948846	142065587	0.735600558948708	3.33018092388538	3	1	0.719265220171269
chr7	142065627	142094610	-4.22848442967911	0.106691383337106	0	-2	0.6333196059243
chr7	142094659	152236148	0.724810870009964	3.30536792727092	3	1	0.718846001054485
chr7	152238663	159324947	0.716702253345725	3.28684233324625	3	1	0.717962795786856
chr8	39284724	39648558	1.87758209225738	7.34917391269798	7	2	0.996445581537923
chr8	51407958	60618676	0.823855119285413	3.5402595146523	4	1	0.686815947730334
chr8	60620629	60853656	2.13257609461407	8.76999545264336	9	2	0.997937863080636
chr8	60854325	94866268	0.808703856191245	3.50327406502329	4	1	0.697433061044634
chr8	94867099	134066213	0.95413566837563	3.87483712229663	4	1	0.478467021488426
chr8	134066214	142269862	0.544619302042866	2.91727077831958	3	1	0.58316926472136
chr9	21968066	21974385	2.32148439039484	9.99692494771434	10	2	0.998642926622998
chr9	36840509	37486196	6.64739187196921	200.490750736494	200	2	0.999999997104407
chr10	37149615	37199805	-0.791617115216366	1.15539237981516	1	-1	0.744003385876177
chr10	87864277	87964934	6.67466530249657	204.316980965979	204	2	0.999999997388787
chr10	119108072	119136675	1.83851484644726	7.15283343479381	7	2	0.996143736632264
chr10	133675951	133778707	0.96407254030625	3.90161801885856	4	1	0.453493111556444
chr11	4803352	4890637	-0.936793835790612	1.04478505421753	1	-1	0.852621101708393
chr11	21895359	31265615	0.621223244471788	3.07635766522211	3	1	0.671448296311068
chr11	31265816	37471649	1.01480190108839	4.04125083681659	4	2	0.548577701521369
chr11	37471650	42253741	0.538475017770457	2.90487285275005	3	1	0.574003750943893
chr11	42253942	44370263	1.07924233444537	4.22585227272727	4	2	0.74485509920501
chr11	57917347	57938388	5.88289520206927	118.020625717129	118	2	0.99999995283778
chr11	66468094	78732678	0.768130680747034	3.40612334705219	3	1	0.715109028532088
chr11	78738389	90222867	0.641683904835186	3.12029818698794	3	1	0.687103022503397
chr11	90222908	107334964	1.02561027647906	4.07164075471586	4	2	0.583576113894103
chr11	123995219	124093942	-0.742362351394332	1.1955194889857	1	-1	0.678718838023096
chr11	127779664	135066987	1.00953009743503	4.02651050528903	4	2	0.531507381015582
chr12	9443786	9601613	-2.43772597818196	0.369148709927233	0	-2	0.521560876650494
chr12	47904865	48263558	1.19325136810865	4.57335011033617	5	2	0.933942762014546
chr12	63595950	63644414	-0.938453307038769	1.04358397295094	1	-1	0.853281919220771
chr12	64566693	64611410	6.90875763243828	240.310792575319	240	2	0.99999999893637
chr12	111403225	111439011	6.9746533784431	251.541630636393	252	2	0.999999999176864
chr13	18171403	18212094	-1.51611562655158	0.699251996720254	1	-1	0.767020207534507
chr13	18218918	18409024	0.633820280208358	3.1033368033188	3	1	0.681465623638313
chr13	27075271	27116660	1.51918353434192	5.73257583225996	6	2	0.992265443149626
chr13	40976205	41017372	6.57744093073516	191.001602296548	191	2	0.999999996229828
chr13	48304140	48479697	6.38686582642172	167.366366475785	167	2	0.999999992329538
chr13	52229215	52279999	3.29945744933958	19.6909041126278	20	2	0.999873237784271
chr13	52280200	52577286	-0.733960891158511	1.20250184609671	1	-1	0.66605466089961
chr13	57141246	57173577	1.59816767712735	6.05517089278402	6	2	0.993606027404804
chr13	75302095	75310247	1.43623567154903	5.41227697487478	5	2	0.989994105598863
chr14	35654227	35760891	0.875247527996902	3.66864556057108	4	1	0.631507267635851
chr14	105721775	106874939	-0.671280118389265	1.25589850810539	1	-1	0.559752884259487
chr15	19790202	22095503	-1.17982826837406	0.882808075353796	1	-1	0.877527244536439
chr15	34381719	34577022	-1.5189456677422	0.697881663965036	1	-1	0.76523134265367
chr15	92832588	92915320	6.10869798152579	138.016599388413	138	2	0.999999978864077
chr16	3290022	4228327	-2.02798713910725	0.490393873586832	0	2	0.439006149661718
chr16	20488316	20535464	2.69408485914357	12.9428628489878	13	2	0.99942743174148
chr17	7670087	7672818	3.47958475858712	22.3094765477158	22	2	0.999921074584862
chr17	12024637	12141397	6.8028222195991	223.297334501561	223	2	0.999999998399158
chr17	18422282	18862545	-0.86428902125987	1.09863410146696	1	-1	0.812363829920247
chr17	31095295	31373680	5.85901309313228	116.083015606323	116	2	0.999999948713601
chr17	36167487	36457734	-1.00243700792113	0.998312220734524	1	-1	0.871894890791502
chr17	45410005	46332613	-1.08897885537174	0.940187982122371	1	-1	0.881047620108149
chr17	67719737	67724269	-6.36020126698685	0.0243454964945994	0	2	0.60044788844955
chr17	77944239	83240389	0.88800839648127	3.70123925329125	4	1	0.612586647670339
chr18	743009	4545660	0.715698822598852	3.28455704642719	3	1	0.71781992901983
chr18	51047824	51098732	4.364114464167	41.1869235757225	41	2	0.999993480768145
chr19	1208034	1226795	4.15857136883792	35.71780128803	36	2	0.999988070807969
chr19	4839043	4929352	5.57283090380859	95.1961223425827	95	2	0.999999862135252
chr19	27848209	39356381	0.799180102621153	3.48022384659329	3	1	0.702935448032207
chr19	54633602	54729816	0.797250108830744	3.47557122115772	3	1	0.703944920582333
chr19	54735207	54851279	-1.85830534095154	0.551600113587077	1	-1	0.401355900893243
chr20	6200249	6214618	2.07407234507806	8.42147152840389	8	2	0.997658712026657
chr21	44102772	44230164	-0.739796860882441	1.19764732784632	1	-1	0.674896977864491
chr22	11339687	12072641	-1.154712529747	0.898311351848894	1	-1	0.879595674283249
chr22	23786710	23831850	5.02323632103979	65.0391420328035	65	2	0.999999151150937
chr22	41160869	41168971	2.62295790108114	12.3202352688644	12	2	0.999322296979754
chrX	2789563	58550623	1.19695124041059	4.58509377525811	5	2	0.936829506462229
chrX	62470624	156027976	1.87554324224558	7.33879522551257	7	2	0.996430392110704
