Chromosome	Start	End	Segment	CNF	CN	Call	ProbCall
chr1	15659793	15757831	-0.502904416892875	1.41136934799211	1	-1	0.590548097089001
chr1	25258956	25390915	-0.783928126934686	1.16156659812064	1	-1	0.860857997369839
chr1	121699147	121969146	-1.43801962177103	0.738147163399461	1	-1	0.703312498753201
chr1	143189147	143289146	-3.07146258352464	0.237918179173033	0	-2	0.615668580059079
chr1	145311103	145328315	1.39800105563759	5.27072366358806	5	2	0.992869400086036
chr1	145328911	145352118	-0.525670855794688	1.38927205560998	1	-1	0.648709804348238
chr1	145352708	145355208	0.952429146874087	3.87025640124551	4	1	0.512336472368254
chr1	145370067	145393227	1.12031813746038	4.34789812586565	4	2	0.930213776598705
chr1	146088484	146096582	0.810389375301369	3.50736937685863	4	1	0.836653325401565
chr1	149526088	149529396	0.805500649582178	3.49550439659769	3	1	0.842206250783601
chr1	149529858	149547099	-0.632444052959539	1.29016532411298	1	-1	0.786837335400841
chr1	182858118	182883568	0.516210794957525	2.86038787898703	3	1	0.908740373664329
chr2	13390899	13485152	-1.06151084782985	0.958260065486294	1	-1	0.88477988098937
chr2	52508649	52568648	-3.54527129403109	0.171315632255217	0	-2	0.63687950871115
chr2	88782870	88804828	-0.973099970361575	1.01882059583873	1	-1	0.887914769280991
chr2	89815152	90235468	-1.08728559937522	0.941292105649849	1	-1	0.882036519853428
chr2	95809274	95960527	-1.0542031951149	0.963126233799092	1	-1	0.885401266652021
chr2	97127083	97191307	-1.00747052981208	0.994835206969388	1	-1	0.887814104832802
chr2	97192825	97209813	-1.2982082688077	0.813261786424101	1	-1	0.81703752719913
chr2	97515790	97558939	-1.56168975792318	0.677508166752398	1	-1	0.52740124915556
chr2	169462713	169569197	-0.517399613868006	1.39725988951461	1	-1	0.629419613772749
chr2	174358510	174387854	-0.465686947169295	1.44825239701705	1	-1	0.459075381599224
chr3	5178161	5184814	8.22361615127363	597.840221320682	598	2	0.999999999999776
chr3	93714064	93906186	0.512424553754738	2.85289085490493	3	1	0.906243716899034
chr3	98149921	98334159	0.669814829412106	3.18173753130034	3	1	0.921384485075119
chr3	156019674	156047434	8.39018407512839	671.007031876936	671	2	0.999999999999903
chr4	4104550	4157180	3.86817364308131	29.2056106153463	29	2	0.999989619007336
chr4	9160776	9203269	2.15730651862653	8.92162505943172	9	2	0.998750467378593
chr4	34773187	34873186	-1.67232262609212	0.627495654749346	1	2	0.392194600277072
chr4	54723519	54727332	2.59680908374412	12.098942782153	12	2	0.999590169209183
chr4	68517034	68669987	0.475664365032478	2.78111685680244	3	1	0.867215296022719
chr4	102799469	102809943	0.633468965825105	3.10258119378903	3	1	0.927563343483569
chr4	102811641	102990012	-0.455215599799704	1.45880232103943	1	-1	0.415198568096579
chr4	190065991	190081914	-1.88360060889871	0.542013011811053	1	2	0.506682800148779
chr5	17476137	17675659	1.00001758913866	4.00004876774477	4	2	0.646301195121116
chr5	34178929	34203813	1.51289142749321	5.70762846927097	6	2	0.994469320834256
chr5	34919764	34923264	-0.904743145737733	1.06825558100007	1	-1	0.883878543530274
chr5	62489261	62537382	-1.0394530016877	0.97302379978513	1	-1	0.886451365567412
chr5	69400132	69463397	-0.555321686288142	1.36101061003832	1	-1	0.703740966981732
chr5	72878517	72905396	0.474076893150683	2.77805833328926	3	1	0.864744175468646
chr5	80331635	80360170	2.03110948084034	8.17438096199665	8	2	0.998304593639388
chr5	112827041	112836688	5.8079561203381	112.046682242036	112	2	0.999999989481688
chr5	171391180	171410525	0.987680773059507	3.96598926643929	4	2	0.602979439517847
chr5	178767282	178802648	0.711632033616099	3.27531130082553	3	1	0.908311576681954
chr6	29687774	29965784	1.13900138139157	4.40457060979999	4	2	0.948038454720257
chr6	31166186	31532826	1.09050406128692	4.25896850519079	4	2	0.888962276630918
chr6	31980662	32045432	-0.470737911460834	1.44319084165788	1	-1	0.479395325136544
chr6	32292958	32490364	-1.08180636109811	0.944873853699863	1	-1	0.88269310390478
chr6	32490365	32666711	3.12875403727354	17.4935846127704	17	2	0.999904500539366
chr6	32666912	32716911	-3.76478648816708	0.147135115820966	0	-2	0.639322663295624
chr6	33092941	33163041	0.776109946306754	3.4250141450491	3	1	0.870312238684854
chr6	78253527	78353526	-5.35717759806108	0.0487931489037707	0	-2	0.51340249258293
chr6	110888893	110893664	1.31090593512108	4.96194565746008	5	2	0.990819859541037
chr6	137871517	137881396	1.95910133285345	7.7763940875602	8	2	0.997988190041696
chr7	35117809	35162006	-0.915570666518311	1.0602682630556	1	-1	0.884905794399292
chr7	50319018	50400774	6.99952991508173	255.916599051194	256	2	0.999999999929511
chr7	92813890	92834147	7.70453996757805	417.183985447669	417	2	0.999999999997232
chr7	102480350	102667259	0.670864179294091	3.18405262238428	3	1	0.921139521559691
chr7	103184008	103277703	-0.775452242020939	1.16841092904598	1	-1	0.858309955504829
chr7	142450917	142627353	-0.530599916690647	1.38453361699795	1	-1	0.659297767779008
chr8	7254144	7393314	1.76822551649745	6.81269451276552	7	2	0.996867064901689
chr8	7393315	7705806	-0.572203309121169	1.34517762850322	1	-1	0.727523300145119
chr8	7712684	7731617	0.606455124540594	3.04502721971017	3	1	0.92932967788509
chr8	7938799	7973239	-1.60282908246084	0.658461465003979	1	-1	0.454863244080511
chr8	12359184	12388769	-1.43196706875636	0.741250424637776	1	-1	0.709991372305977
chr8	25435478	25468492	0.914455486616984	3.76971507943061	4	1	0.633243142006709
chr8	39355132	39668206	0.710086847047075	3.2718051837308	3	1	0.908927151505246
chr8	54054971	54076105	0.94254356224464	3.84382741664157	4	1	0.54582956312805
chr8	60780950	60816090	7.22262831498499	298.715505352537	299	2	0.999999999974128
chr8	73013647	73027202	1.05286962663164	4.1493047652258	4	2	0.809143288229395
chr8	86452425	86468503	0.491680962421827	2.81216444901959	3	1	0.888056377475472
chr8	93702211	93705095	-0.909759688937457	1.06454749035709	1	-1	0.88437328679914
chr8	93707170	93733628	0.435564940137016	2.70488065388946	3	1	0.774572267848746
chr8	94739729	94765332	0.684874293133179	3.21512380622622	3	1	0.917483139279204
chr9	21968066	21974385	2.03518292113111	8.19749388900426	8	2	0.998321035322853
chr9	36823880	37034074	6.89635383172155	238.25353866471	238	2	0.99999999988872
chr9	105521351	105526500	1.55319918290529	5.86934366033292	6	2	0.994935151239211
chr9	105530521	105575127	-0.702279917938425	1.22920034934221	1	-1	0.82956220698486
chr10	37149615	37197457	-1.05044512428139	0.965638348146201	1	-1	0.885694569136235
chr10	39561403	39631402	-2.54715890665135	0.342183261183261	0	-2	0.565342522269203
chr10	48083687	48180982	-0.680033958283348	1.24830116593266	1	-1	0.817938579457291
chr10	87864277	87964934	7.37959806186326	333.050713376183	333	2	0.999999999987376
chr10	94683738	95067776	0.480127452545904	2.78973377630597	3	1	0.873744307856778
chr11	5765929	5788270	-6.51764022296123	0.0218285449595959	0	2	0.727872218025238
chr11	50755524	50815523	1.50948248807857	5.69415785364963	6	2	0.994428118833361
chr11	55467143	55727206	0.744012813946904	3.34965570137995	3	1	0.892550922271085
chr11	56041635	56071505	6.14495264903701	141.528878403052	142	2	0.999999997289998
chr11	57899387	57918188	5.75458172247888	107.977111790433	108	2	0.999999987017393
chr11	61204068	61249713	-1.05532115271089	0.962380187558841	1	-1	0.88531058572009
chr11	123940549	123995018	0.495757550785588	2.82012195121951	3	1	0.892317254719796
chr11	123995219	124093942	-0.496193234957615	1.41795010234592	1	-1	0.57020257934677
chr12	9480523	9583660	-2.80713168663387	0.285758499136183	0	-2	0.593960426623775
chr12	10533066	10610767	-0.663310052297818	1.26285582996427	1	-1	0.808085495542283
chr12	31114708	31636610	0.384808654349679	2.61137320295788	3	1	0.545490992896585
chr12	43796896	43804501	1.76608792030523	6.80260783044685	7	2	0.996851762550111
chr12	56107061	56112840	0.742605811447451	3.34639050924266	3	1	0.893360723855082
chr12	63595950	63626621	-0.821068948129749	1.13204479903649	1	-1	0.870429003123037
chr12	64566693	64622708	6.6786962848607	204.888653973054	205	2	0.99999999971261
chr12	111403225	111439011	6.85402114661918	231.364089293339	231	2	0.999999999865963
chr13	18171403	18840176	0.386548480886525	2.61452430343333	3	1	0.555126443168885
chr13	18840094	18872116	-0.886770620556516	1.08164672484346	1	-1	0.88183383010065
chr13	19450006	19465630	-0.818546239582034	1.13402603368442	1	-1	0.869856383262015
chr13	27075650	27116660	1.78933356514997	6.91310369136573	7	2	0.997014547108325
chr13	40976205	41017372	7.12597058683516	279.357857017154	279	2	0.999999999959958
chr13	48304140	48479697	6.89578430885289	238.159503504392	238	2	0.999999999888441
chr13	52218390	52279999	0.743609940187064	3.34872043790221	3	1	0.892784072505201
chr13	52532562	52587486	1.07293316240389	4.20741219008266	4	2	0.855808637190221
chr13	57094747	57173577	1.10185381019658	4.29260614924624	4	2	0.906748527963552
chr13	75302095	75310247	1.649725262209	6.27547760679844	6	2	0.995907627327388
chr14	18922869	19617554	-0.512056326941085	1.40244449412888	1	-1	0.615871741207019
chr14	19618029	19698966	1.02819755043233	4.07894923049316	4	2	0.739298382240337
chr14	35654227	35761049	0.463547319255136	2.75785636320243	3	1	0.846184945724916
chr14	35762618	35775846	-1.86696002468438	0.548300986833408	1	2	0.503636223627574
chr14	61037511	61082659	-0.804883677912767	1.14481646151339	1	-1	0.86656449354905
chr14	88406536	88437612	-0.745697907270671	1.19275860354163	1	-1	0.848171082821498
chr14	91976025	92093919	-0.523108129084194	1.3917420777303	1	-1	0.6429431030264
chr15	19780202	22577308	-0.571474989761366	1.34585688934494	1	-1	0.726584616515241
chr15	27936461	28001024	-0.955006554378489	1.03167849222163	1	-1	0.887402534857298
chr15	34124517	34145616	-1.96535105634148	0.51215377207338	1	2	0.511373938515794
chr15	82812954	82819574	-2.38819599309569	0.38204222544171	0	-2	0.544171588636014
chr15	92832588	92915320	6.63359972233158	198.583193877556	199	2	0.999999999651034
chr16	11761	44541	0.736660861171145	3.3326293249668	3	1	0.896647413791007
chr16	35090462	35508209	0.554407422325987	2.93713061132416	3	1	0.924408310965874
chr17	7670087	7674149	2.3235472685474	10.0112295570041	10	2	0.999172554504848
chr17	12024637	12141397	7.35543315755062	327.518628873245	328	2	0.999999999985892
chr17	16746972	16844455	0.659405218274023	3.15886267061923	3	1	0.923605945782059
chr17	18440397	18551720	-0.814871483543064	1.13691824633461	1	-1	0.869002880447473
chr17	31095295	31373680	6.35903511236938	164.168680648836	164	2	0.999999998882527
chr17	32024589	32034964	-1.57353723726236	0.671967220306497	1	-1	0.507008135427316
chr17	45508311	46335606	-0.594571400686332	1.32448233235095	1	-1	0.753265635823367
chr17	66016064	66070027	-0.501114173264243	1.41312180658573	1	-1	0.585270069126559
chr18	14796067	14822651	-0.849692172077419	1.1098062462283	1	-1	0.876199020610099
chr18	33013559	33092901	-0.980506543194317	1.01360353199614	1	-1	0.88801173486803
chr18	51007323	51088732	3.9532809436291	30.9803372380052	31	2	0.999992074694662
chr19	1208034	1226795	4.93431724220924	61.1515534041561	61	2	0.999999715545522
chr19	4885131	4921971	5.63544192565638	99.4184651531069	99	2	0.999999979318901
chr19	27248209	27488208	0.683704150685524	3.21251713784467	3	1	0.91781676188939
chr19	43064544	43328391	-0.949434268609177	1.03567096718169	1	-1	0.887165540893998
chr19	54707686	54735843	4.22530871550007	37.4088760463083	37	2	0.999996721862324
chr19	54797916	54852193	-1.63072846875145	0.645850219905603	1	-1	0.403811912423782
chr19	54906409	54912902	-0.770899868586107	1.17210363165018	1	-1	0.856881519279627
chr20	6200249	6214618	2.41393706479267	10.6585336295287	11	2	0.999341884737214
chr21	13413621	13427926	-2.0230524095196	0.492074134863782	0	2	0.507759707408612
chr22	15645242	15965285	-0.529590196968781	1.38550296962563	1	-1	0.657181335114971
chr22	18386353	18488557	0.873722700938495	3.66477010897335	4	1	0.734896889491259
chr22	23786710	23831850	5.34697710762206	81.4011407653592	81	2	0.999999937679009
chr22	23941098	23993864	0.387301290424802	2.61588893863926	3	1	0.559271838682012
chr22	41160639	41173780	0.710729073951446	3.27326197745133	3	1	0.908672668442529
chrX	2789563	13040858	0.853465112718029	3.61367086985374	4	1	0.774197171452683
chrX	13042830	20866871	0.791852463666181	3.46259214408546	3	1	0.856320871042373
chrX	20866872	58550623	0.941599597561281	3.84131319816067	4	1	0.548964051465607
chrX	62470624	83870008	0.976416098885597	3.9351430976431	4	2	0.562981276946466
chrX	83871393	84333957	0.928001846193219	3.80527797487599	4	1	0.592682701170661
chrX	84336733	115123865	0.913951557406946	3.76839855878536	4	1	0.634689592864466
chrX	115123876	115156719	-1.24018127918696	0.8466389228248	1	-1	0.844359385371894
chrX	115163673	118609415	0.919457239093977	3.78280717720459	4	1	0.618639189989909
chrX	118610206	124364504	0.847963981522138	3.59991784212031	4	1	0.783682574618019
chrX	124365706	155695512	0.85264074475288	3.61160657804692	4	1	0.775649606827406
