Chromosome	Start	End	Segment	CNF	CN	Call	ProbCall
chr1	12080	19169	0.657010094680847	3.15362276236038	3	1	0.949635646414284
chr1	1439921	1495978	-1.44038964767267	0.736935547864836	1	-1	0.58473871941102
chr1	16673846	16953540	0.63295911615317	3.10148493264005	3	1	0.946735289211056
chr1	46326749	46345263	0.736893322895621	3.33316635542424	3	1	0.939055331822591
chr1	72274924	72332730	3.68829996372512	25.7821373527964	26	2	0.999994894229963
chr1	120809685	120890334	-0.974723836962399	1.0176744783673	1	-1	0.840590815085054
chr1	121609147	121659146	-2.64747763440898	0.319197745204805	0	-2	0.525615569036316
chr1	121659147	121729146	1.42793907123376	5.38124156545209	5	2	0.99642003853618
chr1	121729147	121969146	-0.828812305362429	1.12598506727516	1	-1	0.814857391516936
chr1	143189147	143279146	-1.28989669759957	0.817960625523487	1	-1	0.74614660529398
chr1	143279147	145330666	0.479205871738797	2.787952288152	3	1	0.780021778982254
chr1	145341652	145393227	1.32914725453927	5.02508240388031	5	2	0.99544896089961
chr1	182858118	182883568	0.831089003736305	3.55805547339011	4	1	0.868559354984114
chr2	88782870	88804828	-1.09789941438289	0.934392491051803	1	-1	0.830442679014862
chr2	97144535	97191307	-1.06798363356207	0.953970372660263	1	-1	0.835483747329717
chr2	97507567	97558939	-0.957649776832788	1.02979004101149	1	-1	0.839843640301341
chr3	5178161	5184814	8.35647818889349	655.511912770893	656	2	0.999999999999997
chr3	98149921	98294159	0.777656368641872	3.42868738014092	3	1	0.919541749431215
chr3	155922139	156131246	0.906800804436596	3.74976661289669	4	1	0.700708263864357
chr3	156131247	160356060	0.445653300157546	2.72386140854168	3	1	0.672106835585888
chr3	160377363	162794159	0.501242904613803	2.83086490942893	3	1	0.831770133874445
chr3	163044160	173888085	0.610365060412448	3.05329092673366	3	1	0.940918103387634
chr3	173888086	198228341	0.50062637667897	2.8296554130515	3	1	0.830511925278745
chr4	4104550	4157180	4.8045799309014	55.8923887984534	56	2	0.999999917599207
chr4	9160776	9175774	3.66009434946435	25.2829753832354	25	2	0.999994376097144
chr4	9175859	9203269	-1.81239799394442	0.569434577946329	1	2	0.569899577720647
chr4	9210624	9368010	1.35278532172336	5.10809487710338	5	2	0.995714310674127
chr4	54723519	54727332	2.68536878615963	12.8649039980806	13	2	0.999873963074772
chr4	63821898	63981897	-0.674624734037635	1.25299031724413	1	-1	0.684019002209051
chr4	102801327	102809943	0.82267078740193	3.53735445046009	4	1	0.879243465636106
chr5	17491204	17675659	0.524412251788106	2.87669496719576	3	1	0.872088387996972
chr5	34144738	34203813	1.30796334869799	4.95183536162898	5	2	0.995174702403296
chr5	71197716	71244672	0.813797227333542	3.51566407775643	4	1	0.889273876752599
chr5	72893151	72905528	0.938137743646988	3.83210673202537	4	1	0.583621597918211
chr5	80331635	80360170	2.21119821094258	9.26119403800332	9	2	0.999513637306541
chr5	103005017	103011255	0.689184049171371	3.22474269036059	3	1	0.949058698076298
chr5	112827041	112864464	3.88710753190407	29.5914304276149	30	2	0.999997443966556
chr5	171389950	171410525	1.01411110526235	4.03931625544128	4	2	0.743972881346288
chr5	178767282	178802648	0.653132679056811	3.14515840325795	3	1	0.949372057699563
chr6	29087475	29385519	0.606034697497518	3.04413997380328	3	1	0.939400886195924
chr6	29791232	29888195	1.03866955110397	4.1086645612598	4	2	0.828721016303865
chr6	30953289	31588142	0.82557998133978	3.54449472096532	4	1	0.875685915036585
chr6	32255707	32396616	-1.03170970807481	0.978260294318982	1	-1	0.839326446223095
chr6	32517622	32716911	6.83038731378015	227.604822209302	228	2	0.999999999989726
chr6	32716912	32746317	0.684462789754664	3.21420687950025	3	1	0.949444702857673
chr6	33092941	33176788	0.673850553439329	3.19065042754567	3	1	0.949936833468167
chr6	110888893	110893102	1.28222639972155	4.86428041623633	5	2	0.994756302756214
chr6	137871517	137891596	1.3741434327366	5.18427925714066	5	2	0.995931398948181
chr7	47557451	48775822	0.433206863861273	2.70046315407251	3	1	0.623228646820455
chr7	50319018	50400774	7.29863117547412	314.874076508868	315	2	0.999999999999023
chr7	61050237	61180236	-0.668434603398557	1.25837803741649	1	-1	0.672995111240324
chr7	61400237	61520236	-1.74204602968943	0.597890822168132	1	2	0.548183982145752
chr7	73251443	73259408	-0.88726973053483	1.08127258666134	1	-1	0.830902803775373
chr7	92813890	92834147	7.23057602559438	300.365650213212	300	2	0.999999999998616
chr7	103210328	103254793	-1.30762198251556	0.807972456235991	1	-1	0.732393254662061
chr8	7332400	7403314	0.886334774946037	3.69694806081084	4	1	0.761276364539114
chr8	7739059	7973239	-0.775098260568912	1.16869764698002	1	-1	0.789768756780466
chr8	39375698	39522152	7.34983324310978	326.249808155381	326	2	0.99999999999925
chr8	39522153	39620982	-0.654232149643686	1.27082717913109	1	-1	0.644858674346122
chr8	39629342	39648558	1.00232905775265	4.0064627345089	4	2	0.696332873167491
chr8	42119276	43977107	0.495957494662411	2.82051282051282	3	1	0.820644016404902
chr8	45937108	60763394	0.479028285208525	2.78760913018122	3	1	0.779545395962458
chr8	60763395	60816578	7.79649794506429	444.641237625358	445	2	0.999999999999929
chr8	60819991	74360337	0.51294911871081	2.85392835668154	3	1	0.853770114500578
chr8	100358337	100935327	0.796336460030258	3.47337086272872	3	1	0.905797838842456
chr8	119929788	145074357	0.499125486558283	2.82671314643118	3	1	0.827405549816736
chr9	21968066	21974385	2.28462916573568	9.74477696342761	10	2	0.999602655116411
chr9	36840509	37034074	6.8429907608506	229.601898477463	230	2	0.999999999990344
chr9	60526462	60686461	-1.33286472142537	0.793958375300587	1	-1	0.710560038492727
chr9	64126921	64450944	-0.606514346412564	1.31356323502962	1	-1	0.51894300046361
chr9	105521091	105526500	1.54037097280548	5.81738575229891	6	2	0.997263261693545
chr10	39571403	39631402	-3.88752107740687	0.135135527919238	0	-2	0.572540096962101
chr10	41701403	41801402	-0.616817656426348	1.30421556586526	1	-1	0.550173176340677
chr10	46446518	46868209	0.461056168771202	2.75309838809493	3	1	0.726129901741255
chr10	47522797	48053737	0.669134541427424	3.18023756941754	3	1	0.949987921135277
chr10	87864277	87964934	7.25694949811877	305.907039907604	306	2	0.999999999998791
chr10	94694802	95067776	0.441937969156158	2.71685575128595	3	1	0.657978965792929
chr10	133664443	133778707	1.35278532172336	5.10809487710338	5	2	0.995714310674127
chr11	1608345	1630553	1.11790173363724	4.34062182445678	4	2	0.964208623416592
chr11	55467143	55727206	0.795787658238031	3.47204984228549	3	1	0.906255352069364
chr11	56041635	56071505	6.73278764156751	212.716427330924	213	2	0.999999999983439
chr11	56479603	57028563	0.427010230021433	2.68888905490932	3	1	0.59735794532075
chr11	57917347	57938388	5.6183444952535	98.2472073924988	98	2	0.999999997190522
chr12	9480523	9583660	1.11839174760915	4.34209637488856	4	2	0.964564341802949
chr12	31114708	31189158	0.791129508355394	3.46085742386133	3	1	0.910000493280157
chr12	43796896	43804501	1.67788384205869	6.3991657799698	6	2	0.998045281611138
chr12	56107061	56112840	0.422654898677838	2.68078384685442	3	1	0.578645135941636
chr12	64566693	64611410	6.59127725417169	192.842236193421	193	2	0.999999999967168
chr12	111403225	111439011	6.82865554435763	227.331775871437	227	2	0.999999999989639
chr12	112379648	112515089	0.48232670264768	2.79398970070407	3	1	0.788233066909124
chr13	18171403	18356730	0.787427235618224	3.45198748860646	3	1	0.912807061714848
chr13	19082754	19151586	1.3440117389612	5.07712485560211	5	2	0.995619540330007
chr13	35109150	35133776	0.410950062588022	2.65912217197854	3	1	0.526603752280781
chr13	40976205	41017372	7.19291846562558	292.626875496641	293	2	0.999999999998324
chr13	48304140	48479697	6.88715099582079	236.738575510823	237	2	0.999999999992234
chr13	52218390	52279999	0.783376908397029	3.4423097186977	3	1	0.915713449929256
chr13	52532562	52657490	0.494091406238692	2.81686691915895	3	1	0.816528839976149
chr13	57141246	57173577	1.55150586251911	5.86245873409506	6	2	0.997335922243716
chr13	75302095	75310247	2.04121614242729	8.23184685383264	8	2	0.99923101672724
chr14	19484471	19956874	1.04209155061894	4.11842167246628	4	2	0.838781674762365
chr14	35654227	35760891	0.664686130459007	3.17044671603225	3	1	0.949940367633675
chr14	73537304	73563936	-4.55604813337957	0.0850203416504947	0	-2	0.523382544565677
chr14	106714971	106754218	2.08937572730961	8.51127772339888	9	2	0.999323676465713
chr15	19780202	20462973	-0.756632706172956	1.18375235334299	1	-1	0.777687227374342
chr15	20669445	22031622	-0.882583040364714	1.08479088372312	1	-1	0.829940518601903
chr15	27912146	28011024	-0.744998242995548	1.19333719635168	1	-1	0.768836777750134
chr15	92832588	92915320	6.63872565708165	199.29002031399	199	2	0.999999999973872
chr16	20488316	20535464	0.407050537076997	2.65194441560838	3	1	0.508837282907891
chr16	74360587	74431481	1.08737324464682	4.24973606775491	4	2	0.932934645906138
chr17	3154020	3175105	4.11533107758952	34.6631552355881	35	2	0.99999887117012
chr17	7670087	7674149	2.11263500196519	8.64960950266665	9	2	0.999364593627547
chr17	12024637	12141397	7.17949785669878	289.917348668286	290	2	0.999999999998205
chr17	18428286	18551720	-1.71586181082494	0.608841324670962	1	2	0.534995117747005
chr17	19030573	19232559	0.524091622343963	2.87605571177704	3	1	0.871616071089256
chr17	21426903	21863114	-1.03784800674069	0.974106888901547	1	-1	0.838845261227869
chr17	31095295	31373680	6.07209355743687	134.558858097586	135	2	0.999999999627122
chr17	45503264	46332613	-1.72031104103736	0.606966567786466	1	2	0.537445149345332
chr17	46334772	46507381	0.419957469517414	2.67577622683648	3	1	0.566859995608103
chr17	46552625	46704895	0.411183158609839	2.65955184065968	3	1	0.527660312583063
chr18	51047024	51088732	4.73362512257186	53.2099861382688	53	2	0.999999890996178
chr19	1208034	1226795	4.70057838067853	52.0049981446283	52	2	0.999999875925539
chr19	4885131	4921971	5.73846279526757	106.777420736308	107	2	0.999999998338306
chr19	34684262	37413293	0.479723518233306	2.78895279943678	3	1	0.781404754523536
chr19	43418345	44909252	0.657889690061108	3.15554607790386	3	1	0.949685086681788
chr19	54747401	54855942	-1.47825973363843	0.717843007788568	1	-1	0.52764910275566
chr19	54865686	54906389	1.35278532172336	5.10809487710338	5	2	0.995714310674127
chr20	6200249	6214618	2.12572125690338	8.72842443470147	9	2	0.999386586097682
chr21	8526388	10167002	-0.579991718870189	1.33793523456822	1	-1	0.430800217626077
chr21	10327003	10570536	0.586826306299876	3.00387817930022	3	1	0.930811626185984
chr21	10577432	10808737	-0.632717175371285	1.28992110083474	1	-1	0.59411910562357
chr21	13406463	13426290	-1.58583871256118	0.666261893752938	1	2	0.429383490486199
chr22	10510202	10696258	-0.937639218265644	1.0441730161765	1	-1	0.838288886181282
chr22	18216126	18892950	0.544821963324988	2.91768060808041	3	1	0.897945724719129
chr22	23786710	23831850	5.42905829936367	86.1666863625655	86	2	0.999999993660797
chrX	10202	130201	-1.07736796468249	0.947785198193436	1	-1	0.834089883357218
chrX	2789563	34827330	0.631255304647622	3.09782426534345	3	1	0.94640906765021
chrX	34827331	35404958	0.515778087227685	2.85953009108626	3	1	0.858572971826504
chrX	35404959	37632741	0.653377213578098	3.14569154780132	3	1	0.949390897530692
chrX	37632742	44876881	0.613845298021167	3.0606653231089	3	1	0.942037133680369
chrX	44877054	45111334	7.61100339266948	390.994198946357	391	2	0.999999999999808
chrX	45111353	52088375	0.609161533797003	3.0507448692136	3	1	0.94051056505181
chrX	52088376	52178375	-1.33961484276587	0.790252257863593	1	-1	0.704253269804698
chrX	52185919	56596032	0.599462070416272	3.03030303030303	3	1	0.936818389718338
chrX	56596033	58550623	0.900477716094173	3.73336798254116	4	1	0.720784372867465
chrX	62470624	62530623	0.567455714957088	2.96381565098336	3	1	0.918467832789852
chrX	62530624	62620623	0.789549671926757	3.45706965451051	3	1	0.911216070890822
chrX	62620624	62680623	-1.96234211291812	0.513223055482521	1	2	0.571241069318286
chrX	62680624	66636221	0.894289710481413	3.71738911841213	4	1	0.739243711166893
chrX	66636222	77553652	0.664520217056153	3.17008212799201	3	1	0.949936779580854
chrX	77557402	77757472	7.59352724027606	386.286444194467	386	2	0.99999999999979
chrX	77757473	102481523	0.586808141547144	3.00384035816733	3	1	0.930801923424441
chrX	102481524	104034706	0.650601926739521	3.13964605348436	3	1	0.949159343755108
chrX	104039861	108886615	0.583447536625367	2.9968513741895	3	1	0.92895046386466
chrX	108886616	108936615	-1.63316033158453	0.64476246671024	1	2	0.474421628553352
chrX	108936616	124364504	0.62151130250452	3.07697197246448	3	1	0.944204227013485
chrX	124365706	132699440	0.588112789500257	3.00655799881806	3	1	0.931490635014022
chrX	132708455	155705512	1.00130798989241	4.00362816247555	4	2	0.692030277036365
