Chromosome	Start	End	Segment	CNF	CN	Call	ProbCall
chr1	12080	19169	0.804346183489423	3.49270836070026	3	1	0.895166109308211
chr1	16483630	16951246	0.523240210510333	2.87435889756273	3	1	0.882524081947638
chr1	25258956	25385885	-0.643990761431356	1.27988060977392	1	-1	0.653553151656916
chr1	121609147	121969146	-0.909160587333481	1.06498965209719	1	-1	0.832743092903735
chr1	145332008	145352828	-0.926350382183195	1.05237553698852	1	-1	0.834725801917841
chr1	145353430	145372716	0.840129024963647	3.58042047817579	4	1	0.847608036705881
chr1	146067370	146087661	-0.663060985098222	1.2630738685022	1	-1	0.688276111982664
chr1	146088484	146098060	1.23733516459739	4.71525294401044	5	2	0.992291885144493
chr1	182853886	182883568	0.670740449271217	3.18377955981778	3	1	0.952023196356891
chr2	25878121	26280201	0.502908230493065	2.83413450862417	3	1	0.850303230162835
chr2	86865614	86878974	-1.19495269380505	0.873601540977561	1	-1	0.804471600375293
chr2	86879429	87187317	0.419738695085592	2.67537049518555	3	1	0.590838048670472
chr2	95848829	95982361	-0.693340878024445	1.23684020523603	1	-1	0.730695632884224
chr2	97515790	97576429	-1.44511579732862	0.734525357894982	1	-1	0.625666259637116
chr2	174350539	174387854	-1.28875280455138	0.818609432430365	1	-1	0.760729209101907
chr3	5178161	5184814	7.822244030926	452.647454451445	453	2	0.99999999999943
chr3	52256113	52267104	0.57378625308719	2.9768494333927	3	1	0.929629812832031
chr3	93714064	93906186	0.705752677442184	3.26199071930615	3	1	0.948010975141229
chr3	98149921	98498495	0.608274929315098	3.04887061786274	3	1	0.944589732912867
chr3	155922139	156121046	1.2185051348799	4.65410943739579	5	2	0.991540860799205
chr3	156121247	160285921	0.442686248433668	2.71826526203444	3	1	0.684804957398969
chr3	160377363	195619161	0.452617580120756	2.73704201336543	3	1	0.720347481500837
chr3	195747116	198228341	0.46808589702531	2.76654597127617	3	1	0.769013138056174
chr4	4074550	4157180	2.51020420744398	11.39401422566	11	2	0.999658653274657
chr4	9160776	9224983	0.822557477626014	3.5370766363074	4	1	0.873863409984021
chr4	9225078	9272867	-1.07473528690621	0.949516327099011	1	-1	0.832622106079881
chr4	9325132	9358652	1.40826285258722	5.30834763149687	5	2	0.995033685525863
chr4	9358659	9483824	-0.906835673320761	1.06670727461712	1	-1	0.832435999572802
chr4	54723519	54727332	2.43330825647211	10.8026117971944	11	2	0.999581439452287
chr4	190069025	190196187	1.49381181349785	5.63264213257347	6	2	0.995888727017509
chr5	17491204	17675659	1.16816325370734	4.49450817671467	4	2	0.986945918166805
chr5	34144738	36038148	0.81877280568544	3.52780986072534	4	1	0.878743189353448
chr5	36039501	37326018	0.408868360198486	2.65528802194453	3	1	0.54166360482554
chr5	69566120	70414337	-0.770666734145373	1.17229305477622	1	-1	0.792528424909781
chr5	70487640	71003802	-0.794742060176758	1.15289245431639	1	-1	0.803754209610979
chr5	72891729	72905396	0.817889042485024	3.52564946389333	4	1	0.879846532599751
chr5	80331635	80360170	2.81885348222069	14.1120285755358	14	2	0.999853234416836
chr5	103005017	103011255	0.532153855192765	2.89217300639146	3	1	0.893828373046069
chr5	112827227	112836688	5.9393846618186	122.733447847223	123	2	0.999999997072082
chr5	171391180	171410525	1.33864487093951	5.05827288835752	5	2	0.994209868974649
chr6	29727966	29817499	-0.892457392826694	1.07739151409481	1	-1	0.830322321422937
chr6	29826895	29942597	0.977458116935311	3.93798636750307	4	2	0.629694319521929
chr6	29942602	30057527	-1.47419795797425	0.719866876658268	1	-1	0.590181680068516
chr6	31114771	31129770	-2.73785899688884	0.299814279637002	0	-2	0.535188641927469
chr6	31164505	31166373	-1.66159875283615	0.632177348054114	1	2	0.442100351596428
chr6	31166958	31312275	0.815753262951644	3.5204339202381	4	1	0.882458039792136
chr6	31312276	31356454	-4.15126482263213	0.112557584394987	0	-2	0.578514793213354
chr6	31356512	31377419	6.45180575699833	175.072145775923	175	2	0.999999999667356
chr6	31463912	31529986	1.14070444864059	4.40977317099483	4	2	0.980682636769521
chr6	32292958	32500364	-0.95899549889948	1.02882991776089	1	-1	0.837160010237058
chr6	32517622	32666711	4.42575587950331	42.9848354820129	43	2	0.99999906219365
chr6	32756406	32805175	0.474540296235328	2.77895080712536	3	1	0.786928111404036
chr6	33092941	33176788	0.521429161508252	2.8707529110768	3	1	0.880032496841576
chr6	110888893	110893664	1.17984936413006	4.53106241544034	5	2	0.988554739216118
chr6	137871517	137881396	1.76736458189285	6.80863022019408	7	2	0.997800403526256
chr7	50319018	50400774	7.04613322777606	264.318432827592	264	2	0.999999999976806
chr7	61110237	61270236	-2.6568047017326	0.31714077841357	0	-2	0.526231876930283
chr7	74689010	74711184	0.677082477835045	3.19780613245465	3	1	0.951711733473215
chr7	92813890	92834147	7.74454770350395	428.914923591887	429	2	0.999999999999164
chr7	102480350	102667259	0.913615552054273	3.7675209965755	4	1	0.6495516842984
chr7	103184008	103254793	-1.40582965203794	0.754802103170117	1	-1	0.668248478292231
chr7	142407702	142671152	-0.622913171652307	1.29871676341816	1	-1	0.606774652950798
chr8	7254144	7361233	1.65395426810963	6.29390004976378	6	2	0.997137806076632
chr8	7675164	7774055	0.918570274782794	3.78048223417034	4	1	0.630133830491746
chr8	7985468	8015446	1.44696807381577	5.45268976225368	5	2	0.995439021167429
chr8	12359184	12416782	-2.1934984987448	0.437241275058855	0	2	0.537473808118015
chr8	39375698	39668206	4.15228741899293	35.5625635154953	36	2	0.999997604280202
chr8	60780950	60816090	7.3511396704402	326.54537630655	327	2	0.999999999994424
chr8	73013647	73026933	0.744806489661726	3.35149896812641	3	1	0.936155598631766
chr8	86461106	86466884	0.964285304776538	3.90219346057201	4	2	0.568010202565577
chr8	94738368	94765180	0.979180864566345	3.94269159532093	4	2	0.637630732401599
chr8	123777275	123780154	-1.8259671472897	0.564103914222932	1	2	0.542475042166135
chr9	21968066	21974385	2.02170596382374	8.12127343871655	8	2	0.998806038377739
chr9	34838268	34895641	0.548118729545814	2.92435555273223	3	1	0.910511678010694
chr9	36840509	37034074	6.75453517481496	215.947256063702	216	2	0.999999999912695
chr9	83806793	83978287	0.438055327506825	2.70955386465445	3	1	0.667114528803722
chr9	105521091	105526500	1.07891396950501	4.2248905560878	4	2	0.936999034890303
chr10	37149615	37199805	-1.23372110779407	0.8504385452957	1	-1	0.789110955039686
chr10	46009306	46858209	0.72404217921331	3.30360724392301	3	1	0.943548239578626
chr10	47483864	48053737	0.882379818458053	3.68682724839068	4	1	0.753808599118705
chr10	87864277	87964934	7.53694940859726	371.430739908379	371	2	0.999999999997705
chr10	94507151	95067776	0.474568299964096	2.77900474904499	3	1	0.787002844612662
chr10	133421397	133778707	0.63011138145064	3.09536895191523	3	1	0.949558226064546
chr11	1608345	1630553	0.877632886567675	3.67471633323777	4	1	0.766892087664534
chr11	5777645	5788439	-6.33227341805349	0.0248213704370806	0	2	0.747911240134071
chr11	18103126	18113360	1.17641336038373	4.52028382259816	5	2	0.988129249859
chr11	56971291	56989541	4.86268957726426	58.1896061894702	58	2	0.999999803887398
chr11	57917347	57938388	5.56101327794003	94.4195222456731	94	2	0.999999986424551
chr11	100859586	100933191	0.950353995302093	3.86469348247608	4	2	0.502553966561259
chr11	110247763	110272534	0.69139642068741	3.22969162392798	3	1	0.950340847355622
chr11	123940549	123995018	0.432930037849412	2.69994503575413	3	1	0.646744706815933
chr12	10422223	10442342	-1.40256388492913	0.756512651751153	1	-1	0.671511551376815
chr12	31114708	31615139	0.473199637108544	2.77636959964266	3	1	0.783320286260656
chr12	43796896	43804659	1.61098263972053	6.10919647804169	6	2	0.996842190719213
chr12	56107061	56114006	0.622196601534758	3.07843392162596	3	1	0.948091513505939
chr12	63597671	63644414	-1.20021007963508	0.87042380634152	1	-1	0.802591709359908
chr12	64541653	64622708	6.51089059382763	182.390982543035	182	2	0.999999999743001
chr12	88055511	88139178	-0.556258768555146	1.36012687178513	1	-1	0.405504059618883
chr12	111403225	111439011	6.70561255640141	208.747130589396	209	2	0.999999999891339
chr13	19032754	19131386	0.606694425262107	3.04553234215564	3	1	0.944111649817123
chr13	27075271	27116660	1.54756266072966	5.84645722708249	6	2	0.996354667756181
chr13	40958871	41017372	7.16242842542092	286.507366997587	287	2	0.999999999986467
chr13	48304140	48479697	6.85257821506563	231.132802956067	231	2	0.999999999943864
chr13	52229215	52279999	3.65880521811513	25.2603936749166	25	2	0.999987995788602
chr13	52532562	52657490	0.555095300774705	2.93853137207373	3	1	0.91655314190443
chr13	57141246	57169212	1.88803191905728	7.40259920207111	7	2	0.998348116631944
chr13	75302095	75310247	1.76408546474255	6.79317238477797	7	2	0.997783417292801
chr14	18601061	19639708	-1.17512364763623	0.885691606755243	1	-1	0.811023717928995
chr14	35654227	35760891	0.792536017926322	3.4642331218032	3	1	0.906343723923887
chr14	106373753	106675418	-0.666717827594403	1.25987637130026	1	-1	0.694174551038004
chr14	106675619	106762254	0.769871158749727	3.410234999198	3	1	0.923144243581941
chr15	19790202	22564583	-1.34821843187245	0.785553570581991	1	-1	0.719812166020796
chr15	82812954	82819574	-3.21903831613488	0.214784484259882	0	-2	0.573625703521247
chr15	92832588	92915320	6.67044055230239	203.719539687982	204	2	0.999999999872907
chr16	20488316	20535464	3.96142990986542	31.1558227387942	31	2	0.999995476368602
chr16	28606158	28610097	-1.63188508946216	0.645332643869351	1	2	0.416107689469972
chr16	74360587	74441481	0.735542865914606	3.33004775339915	3	1	0.939787573682868
chr17	1056946	2303798	0.663432580175876	3.16769312768871	3	1	0.952156961213429
chr17	3154020	3197671	2.55764635362271	11.7749281673081	12	2	0.999699388742597
chr17	6830095	6896445	0.461317947599486	2.75359798658244	3	1	0.748725641833565
chr17	7670087	7674149	2.18543703840285	9.09729122856213	9	2	0.999206201476224
chr17	12024637	12141397	7.20889127340143	295.884697120943	296	2	0.999999999989106
chr17	18889737	19242559	0.503140995489854	2.83459180591228	3	1	0.850728661990641
chr17	21883115	22070527	-2.8926901182818	0.269304432715527	0	-2	0.550298617625452
chr17	31095295	31373680	6.23955557315106	151.120500335489	151	2	0.999999999169867
chr17	36319901	36453312	-1.04814930993966	0.967176227726088	1	-1	0.835476442976279
chr17	37925964	38064447	-0.798760122941119	1.14968599055631	1	-1	0.805391518964751
chr17	66665784	67724269	0.444888800284442	2.7224183869754	3	1	0.692972990046338
chr17	67726343	68115966	0.544120977363313	2.91626329098356	3	1	0.90672559569495
chr18	14187229	14530595	-0.552300825541593	1.36386341737039	1	-1	0.392088565609393
chr18	51047824	51078532	4.67068543173947	50.9385303666062	51	2	0.999999605984051
chr19	1208034	1226795	4.94549110644219	61.6270191830926	62	2	0.999999855548596
chr19	4885131	4921971	5.69072796910223	103.3022572899	103	2	0.999999991920953
chr19	15464215	21744247	0.55537811090653	2.93910746603753	3	1	0.916783625228526
chr19	27248209	32772893	0.536826182858473	2.90155481278478	3	1	0.899156834627705
chr19	34444937	37891894	0.672428487840447	3.18750695051132	3	1	0.951957978172845
chr19	37892567	39290282	0.409744243098093	2.65690057861102	3	1	0.545708056525317
chr19	43815593	45138634	0.476235012453452	2.78221712472366	3	1	0.791404805707835
chr19	54358399	54364539	0.9039546806312	3.74237643023562	4	1	0.685193722586125
chr19	54697686	54739706	2.90145508617931	14.943592207415	15	2	0.999883717988019
chr19	54747401	54786503	-2.17091244943898	0.444140349949083	0	2	0.540831006505702
chr19	54786508	54909550	0.805239617964609	3.49487200056053	3	1	0.894242253677754
chr20	6200249	6235426	3.24459754614615	18.9561955817668	19	2	0.999957155593102
chr20	6235427	9744599	0.438008186233296	2.70946532915013	3	1	0.666930903927854
chr20	9744600	14553791	0.904842766959659	3.74468085106383	4	1	0.682042857228547
chr22	11319687	11972641	-0.639673233767047	1.28371662272084	1	-1	0.644713302159889
chr22	15528103	15965285	-0.955312867934306	1.03145946910698	1	-1	0.836969725921839
chr22	18202302	18887005	0.55260213120971	2.93345758305715	3	1	0.914473637704388
chr22	21468768	21550475	0.52733931528292	2.88253737757843	3	1	0.887915690394349
chr22	23786710	23831850	5.29103609447222	78.3051937084762	78	2	0.99999996092891
chr22	41160869	41173780	0.707541579701348	3.26603800702434	3	1	0.94765081956524
chrX	2789563	35244958	0.615097281646558	3.0633225485928	3	1	0.946460204295357
chrX	35244959	37546163	0.673163559491654	3.1891314400523	3	1	0.95192556718683
chrX	37546164	44876881	0.589359477036405	3.00915720255943	3	1	0.937645908281857
chrX	44877054	45111334	7.48856399857117	359.180196479298	359	2	0.999999999997104
chrX	45111353	49336327	0.587782851843007	3.00587049158138	3	1	0.936937081557864
chrX	49594078	58550623	0.576646816536938	2.98275776067108	3	1	0.931279936777022
chrX	62470624	65977438	0.673486365026009	3.1898450936179	3	1	0.951910565331918
chrX	65977439	75743055	0.605269250461851	3.04252528059552	3	1	0.94366557609009
chrX	75743364	77717095	5.62254324318863	98.5335576690182	99	2	0.999999989377463
chrX	77717102	102514356	0.624834164633822	3.08406712211636	3	1	0.948620239765468
chrX	102514940	104024506	0.609865570462018	3.05223399916904	3	1	0.94505355224653
chrX	104039861	119932248	0.614627238545163	3.06232465295249	3	1	0.946341107324811
chrX	119934454	120985191	0.72588251036809	3.30782408152596	3	1	0.942998841405922
chrX	120985392	124364504	0.659535596027357	3.15914815300907	3	1	0.952128832343025
chrX	124365706	134897102	0.578017586431551	2.98559316070926	3	1	0.93204090645816
chrX	134899024	136097718	0.732224990933418	3.32239819004525	3	1	0.940954087935893
chrX	136097919	155705512	0.611219240984535	3.05509923268211	3	1	0.945434809338201
