Chromosome	Start	End	Segment	CNF	CN	Call	ProbCall
chr1	12080	19169	0.803739871324299	3.49124081102375	3	1	0.9056886333967
chr1	16872275	16949024	1.03723811612461	4.10458998605308	4	2	0.708815861766977
chr1	25258956	25385885	-0.643825861241017	1.280026908619	1	-1	0.717214835369994
chr1	121719147	121959146	-1.21316055829891	0.862645334941845	1	-1	0.820726298659975
chr1	145332008	145352828	-0.926054023555686	1.05259173833142	1	-1	0.850241106234921
chr1	145353430	145372716	0.840425383591161	3.58115604422454	4	1	0.871020082853923
chr1	146067370	146087661	-0.66272544344664	1.26336766807105	1	-1	0.742307365651021
chr1	146088484	146098060	1.24078450918957	4.72654014660704	5	2	0.987894998737207
chr1	148592603	149472900	0.407628483680429	2.65300700282389	3	1	0.576821462461779
chr1	182853886	182883568	0.668994838899863	3.17992962788891	3	1	0.950849088587149
chr2	63948970	86865352	0.388792003902694	2.61859329135921	3	1	0.493624184023677
chr2	86865614	86878974	-1.19517943917127	0.873464249637236	1	-1	0.826112390879046
chr2	86879429	87187317	0.419059214466765	2.67411074567032	3	1	0.624515960698555
chr2	95848829	95982361	-0.69391527637744	1.23634786447971	1	-1	0.773425519626674
chr2	97515790	97576429	-1.44428357448675	0.734949193223452	1	-1	0.6825831080711
chr2	174350539	174387854	-1.29138112091216	0.817119439173266	1	-1	0.789775439064792
chr3	5178161	5184814	7.82234489324534	452.679101242188	453	2	0.999999999996907
chr3	52256113	52267104	0.57298894419991	2.97520472490521	3	1	0.931661041103064
chr3	93734064	93906186	0.746897874307644	3.35636094948226	3	1	0.93611146439094
chr3	98149921	98391234	0.930612572119164	3.81217030614703	4	1	0.69070363671616
chr3	155922139	156121046	1.40312722128877	5.28948484305719	5	2	0.994097734203217
chr3	156142984	160285921	0.460906942272244	2.75281363353817	3	1	0.769015815534119
chr3	160377363	195619161	0.451099935497284	2.73416429290699	3	1	0.739935824466085
chr3	195750877	198228341	0.469003353793156	2.76830586749937	3	1	0.790764398767964
chr4	9160776	9224983	0.822875006772178	3.53785521285909	4	1	0.889514133993791
chr4	9225078	9272867	-1.0740657258341	0.949957104050525	1	-1	0.848892581290963
chr4	9325132	9358652	1.40889473062963	5.31067311461837	5	2	0.994172153915279
chr4	9358659	9483824	-0.920287902002236	1.05680712471354	1	-1	0.849735494428281
chr4	54723519	54727332	2.43340911879145	10.8033670604609	11	2	0.999427262950322
chr4	190069025	190196187	1.49440600851054	5.63496249626469	6	2	0.995137226805434
chr5	17491204	17685659	2.46792829313468	11.0649750514114	11	2	0.999474130255142
chr5	34178929	36038148	0.836692417318038	3.57190179851702	4	1	0.875283612992884
chr5	36039501	37326018	0.392437815122575	2.62521906437619	3	1	0.510009711721785
chr5	69603491	70414337	-0.841350088396727	1.11624205870798	1	-1	0.837986116946369
chr5	70487640	70987850	-0.806960227149058	1.14316985038848	1	-1	0.829493586057155
chr5	72891729	72905396	0.81802264743587	3.52597598198748	4	1	0.893977534937112
chr5	80331635	80360170	2.81948290916797	14.1181867924474	14	2	0.999785438347202
chr5	103005017	103011255	0.532304847789555	2.89247571732716	3	1	0.900458505986817
chr5	112827227	112836688	5.94093925566847	122.865772069962	123	2	0.999999991225871
chr5	171391180	171410525	1.33874573325885	5.05862653688033	5	2	0.99306534650757
chr6	29727966	29797299	-0.891796378937012	1.07788526635107	1	-1	0.846572503703716
chr6	29826895	29942597	0.876895855310681	3.67283950617284	4	1	0.818017992746819
chr6	29942602	30009144	-2.26209263652403	0.416938749105054	0	2	0.556974812267516
chr6	31114771	31129770	-2.73795436023105	0.299794462318716	0	-2	0.503048526476938
chr6	31164505	31166373	-1.66192048890989	0.632036381616807	1	2	0.399364417286694
chr6	31166958	31355306	0.904801626805723	3.74457406858676	4	1	0.760291913114767
chr6	31355344	31356454	-4.15616117223818	0.112176223745111	0	-2	0.553744823098768
chr6	31356512	31387419	6.45162740868343	175.050504409307	175	2	0.999999998835781
chr6	31403495	31463907	-0.688160539562878	1.24128935620791	1	-1	0.768482549761011
chr6	31463912	31529986	1.14044102274154	4.4089680511453	4	2	0.945268488810171
chr6	32292958	32490364	-0.855113099888449	1.10564397310846	1	-1	0.840743043581013
chr6	32517622	32666711	4.45530335918732	43.874274345699	44	2	0.999998260495153
chr6	33092941	33129196	2.53588325972343	11.5986360843775	12	2	0.999556099600531
chr6	110888893	110893664	1.1797339141256	4.53069983691118	5	2	0.972421698993296
chr6	137871517	137881396	1.76746544421219	6.80910624473306	7	2	0.997291830758153
chr7	50319018	50400774	7.0462058543247	264.331739186987	264	2	0.999999999902642
chr7	74689010	74711184	0.670535881199871	3.18332814531084	3	1	0.9507885795828
chr7	92813890	92834147	7.74372532947794	428.670500502192	429	2	0.999999999995566
chr7	102480350	102667259	0.91348842544305	3.76718902685077	4	1	0.738700241031723
chr7	103184008	103254793	-1.40582200204102	0.754806105574583	1	-1	0.716534851792621
chr7	142407702	142671152	-0.647126561207877	1.27710171983747	1	-1	0.722001877469568
chr8	7254144	7361233	1.65395540430135	6.29390500651468	6	2	0.996533297181386
chr8	7675164	7774055	0.918478909210382	3.7802428246094	4	1	0.7254648315385
chr8	7779222	7985294	-0.551668506538334	1.36446131626781	1	-1	0.494984552057992
chr8	7985468	8015446	1.44613329772861	5.44953562484483	5	2	0.994618770105727
chr8	12359184	12416782	-2.26793172721847	0.415254662712605	0	2	0.556188102708281
chr8	39375698	39668206	3.9924355748815	31.8326547824323	32	2	0.999992436107331
chr8	60780950	60816090	7.35034236155292	326.36496007658	326	2	0.999999999974078
chr8	73013647	73026933	0.740660386158462	3.34188105634273	3	1	0.938249139261768
chr8	86461106	86466884	0.964169854772079	3.90188120454116	4	1	0.576100208161454
chr8	94738368	94765180	0.979314469517191	3.94305673659738	4	1	0.516925004962239
chr8	123777275	123780154	-1.82583354233886	0.564156157117995	1	2	0.526542684434541
chr9	21968066	21974385	2.02177859037238	8.12168228111912	8	2	0.998471891723302
chr9	34838268	34895641	0.910292223724006	3.75885229050814	4	1	0.746856348253219
chr9	36840509	37034074	6.75462191924895	215.960240641269	216	2	0.999999999665462
chr9	65875688	66038957	0.848280671255264	3.60070815616866	4	1	0.861411250581545
chr9	83842230	83978287	0.460036874293651	2.75115395298497	3	1	0.766557819747687
chr9	105521091	105526500	1.07769435525996	4.22132046041027	4	2	0.837447017544983
chr10	37149615	37199805	-1.23342053409994	0.850615745658843	1	-1	0.813932993639964
chr10	46009306	46868209	0.723022800294766	3.30127380683766	3	1	0.943298421809082
chr10	47483864	48053737	0.889652341782344	3.70545920465443	4	1	0.793728528000289
chr10	48057264	48184950	-0.587781264770723	1.33073078547597	1	-1	0.603406705306867
chr10	87864277	87964934	7.53705027091659	371.456708442576	371	2	0.999999999988702
chr10	94694802	95067776	0.659832492361703	3.15979835003405	3	1	0.951017900771806
chr10	133421397	133778707	0.647796508070366	3.13354673030571	3	1	0.950726330510611
chr11	1608345	1630553	0.877449473704609	3.67424918849585	4	1	0.817032519325443
chr11	5777645	5788439	-6.3321224254567	0.0248239683799608	0	2	0.734447913443569
chr11	18103126	18113360	1.1758925985719	4.51865245469009	5	2	0.970605944825956
chr11	100859586	100933191	0.912829718138859	3.76546939210686	4	1	0.74040150381069
chr11	110247763	110272534	0.689650810316064	3.22578617360716	3	1	0.949287026184578
chr11	124015527	124093942	-0.58501498111735	1.33328483203062	1	-1	0.596031094569952
chr12	10422223	10442342	-1.40388073296132	0.755822445123412	1	-1	0.718112409199659
chr12	31114708	31615139	0.476302977065125	2.7823481966101	3	1	0.808667564371303
chr12	43796896	43804659	1.60975305552539	6.1039919330381	6	2	0.996188823334611
chr12	56107061	56114006	0.622546326143833	3.0791802571785	3	1	0.948021152793109
chr12	63597671	63644414	-1.20134831471937	0.869737343743929	1	-1	0.824330373952708
chr12	64531653	64622708	6.51099145614697	182.403734386001	182	2	0.999999999085539
chr12	88055511	88139178	-0.556157906235804	1.360221964887	1	-1	0.509732573384619
chr12	111403225	111439011	6.7055171930592	208.733332686463	209	2	0.999999999589524
chr12	112405061	112504889	0.41709098300872	2.67046501313204	3	1	0.616506652612233
chr13	18171403	18507492	0.508779488909301	2.84569193477385	3	1	0.870579218127196
chr13	27075271	27116660	1.54918011541046	5.85301556564782	6	2	0.995666042946153
chr13	40958871	41017372	7.16252928774026	286.527398124683	287	2	0.999999999941056
chr13	48304140	48479697	6.85351747257166	231.283329503837	231	2	0.999999999779066
chr13	52473826	52657490	0.64790239554605	3.13377672730477	3	1	0.950731533646892
chr13	57141246	57169212	1.88801771564655	7.40252632344022	7	2	0.997928492507188
chr13	75302095	75310247	1.76437031937107	6.79451380315789	7	2	0.997273344539865
chr14	18636292	19649708	-1.28947943390896	0.818197234523655	1	-1	0.790688998035066
chr14	35654227	35760891	0.798674879682844	3.47900530696234	3	1	0.90937398675993
chr14	106373753	106658211	-0.687676044962309	1.24170628353326	1	-1	0.768051662007104
chr15	19780202	22564583	-1.39139332410726	0.762392945962628	1	-1	0.727958737592234
chr15	82812954	82819574	-3.21898025704796	0.214793128111571	0	-2	0.542484453904824
chr15	92832588	92915320	6.67051317885102	203.729795368532	204	2	0.999999999525358
chr16	28606158	28610097	-1.63444085233121	0.644190436316193	1	-1	0.439316712512592
chr16	74360587	74451481	0.735677864138057	3.33035937266148	3	1	0.939820246734042
chr17	1056946	2303798	0.671543679683443	3.18555264458448	3	1	0.950744069224713
chr17	3154020	3197671	4.15927289366719	35.7351736479656	36	2	0.999995503165845
chr17	7670087	7674149	2.19003919398942	9.12635766119315	9	2	0.998968429046658
chr17	12024637	12141397	7.20902487835226	295.912099648725	296	2	0.999999999951841
chr17	19030573	19252559	0.722292742131115	3.29960366025689	3	1	0.943477606143472
chr17	31095295	31373680	6.23970656574784	151.136317448766	151	2	0.99999999727436
chr17	36319901	36453312	-1.07972520297395	0.946237864014229	1	-1	0.84829466748796
chr17	37874182	38060800	-0.763784340022388	1.1778988535917	1	-1	0.814659813620437
chr17	66687032	67724269	0.440142723192662	2.71347708096295	3	1	0.703880170307396
chr17	67726343	68076830	0.552197118570155	2.93263417921033	3	1	0.918381298278512
chr18	14187229	14530595	-0.552051175206258	1.36409944675387	1	-1	0.496252729080996
chr18	51047824	51078532	4.67081903669031	50.9432478951138	51	2	0.99999914754918
chr19	1208034	1226795	4.94678966088034	61.6825139779743	62	2	0.999999667048319
chr19	4885131	4921971	5.69063260576002	103.295429150444	103	2	0.999999977260112
chr19	15537741	21744247	0.556774862405952	2.94195435364731	3	1	0.921732599341074
chr19	27248209	32772893	0.538737608548488	2.90540162856516	3	1	0.906900397753615
chr19	34444937	37891894	0.689822470528833	3.22617001916708	3	1	0.94926728538756
chr19	37892567	39248632	0.412672485659415	2.66229877440045	3	1	0.598206266771315
chr19	43815593	45071654	0.473725863666548	2.77738247198277	3	1	0.802527915071032
chr19	54358399	54364539	0.904407929379515	3.7435523502068	4	1	0.761227692894113
chr19	54667681	54739706	1.49604311467086	5.6413604304174	6	2	0.995153881082156
chr19	54747401	54786503	-2.17092523351737	0.444136414328781	0	2	0.568453936508651
chr19	54786508	54909550	0.806849625953388	3.49877435865469	3	1	0.903309648148718
chr20	6149806	6214618	3.24790782220992	18.9997406722309	19	2	0.999932653278115
chr20	6215029	9734599	0.43839500144234	2.71019188804422	3	1	0.697786620541445
chr20	9734600	14553791	0.877442923056654	3.67423250537322	4	1	0.817044215114429
chr20	26081127	26358584	0.533909077104573	2.89569384384398	3	1	0.902127463791596
chr22	11429687	11972641	-0.815315176778651	1.13656864689773	1	-1	0.831787996486919
chr22	15176952	15975285	-0.747681202013184	1.19112002675455	1	-1	0.807507209226375
chr22	18202302	18887005	0.531167875463714	2.89019708656294	3	1	0.899249716330151
chr22	23786710	23831850	5.29191982842976	78.3531748520225	78	2	0.999999901513528
chr22	41160869	41173780	0.707692572298133	3.26637984875335	3	1	0.946596503811221
chrX	2789563	34132294	0.61359968903049	3.06014431006391	3	1	0.946286884094768
chrX	34147194	37659726	0.662990326081547	3.16672222911854	3	1	0.950996974088598
chrX	37667223	44876881	0.579483432363276	2.98862820522071	3	1	0.934885622446086
chrX	44877054	45111334	7.48866486089051	359.20530851827	359	2	0.999999999985971
chrX	45111353	49336327	0.57711045134148	2.98371647509579	3	1	0.93375289389184
chrX	49594078	58540623	0.563295634472684	2.95528165612211	3	1	0.926071662967192
chrX	62470624	65957238	0.652100026583	3.14290796680699	3	1	0.950899485983587
chrX	65957439	75743055	0.592996910398167	3.01675369284099	3	1	0.940420969920384
chrX	75743364	77717095	6.2860897687931	156.074363152525	156	2	0.999999997733951
chrX	77717102	102514356	0.602173606022173	3.03600382004469	3	1	0.943382282427438
chrX	102514940	104024506	0.616996241731697	3.06735732876847	3	1	0.946998101978312
chrX	104039861	119932248	0.600628365675529	3.0327537609865	3	1	0.94292490208927
chrX	119934454	124364504	0.663375296692873	3.16756735412749	3	1	0.950991723416016
chrX	124365706	134897102	0.572507958336829	2.97421297484732	3	1	0.931406301706373
chrX	134899024	136097718	0.757164519856377	3.38033099670126	3	1	0.932152908926133
chrX	136097919	155695512	0.595065944344292	3.02108325907621	3	1	0.941141306341827
