Chromosome	Start	End	Segment	CNF	CN	Call	ProbCall
chr1	149813270	150319179	0.551487130912594	2.93119130891528	3	1	0.938803090307121
chr1	152579380	153003856	0.964266361540215	3.90214222334896	4	2	0.848122796973124
chr1	228106678	228555901	0.579557709122205	2.98878207788608	3	1	0.942864502888756
chr1	228558295	228807065	-3.04857687578311	0.241722407997486	0	-2	0.906618893083363
chr2	88428816	90285570	1.29138520548583	4.89525904426653	5	2	0.999955606627259
chr2	155264162	155330527	-2.02896838513847	0.490060446616427	0	-2	0.659361543264387
chr3	90184633	90721908	-1.3848715204338	0.765847198223365	1	-1	0.711214796605754
chr4	69889607	74085599	0.71761660425408	3.28892612763581	3	1	0.905348456613485
chr5	17491324	17654643	2.96327622145217	15.5978602077869	16	2	0.999999995936165
chr6	26016378	26432383	2.00670447551632	8.03726402581867	8	2	0.999998916076342
chr6	27110181	27893843	0.784560339305325	3.44513457556937	3	1	0.824684888955454
chr6	28969129	30470251	-0.559298960569675	1.35726369356458	1	-1	0.65972214210376
chr7	63393748	76516521	0.56018755384063	2.94892177661904	3	1	0.940572757550984
chr7	142300923	142544685	3.30455753913741	19.7606368650135	20	2	0.99999999954518
chr7	142554835	142789040	-2.69801075153408	0.308210784448719	0	-2	0.869404840028034
chr8	64090	304903	0.627888057022307	3.09060238030304	3	1	0.940775828051326
chr8	35184834	43247410	0.485000057446412	2.79917184265011	3	1	0.898018849703357
chr8	43513642	43974791	0.495530776791489	2.81967869742015	3	1	0.909309489974812
chr9	60526106	61799626	-0.642550363449479	1.28115909067427	1	-1	0.731843680349793
chr9	113060085	113130128	7.78747814021684	441.869989374747	442	2	1
chr9	134641773	134868475	3.37129328985005	20.6961898737658	21	2	0.999999999707181
chr10	8677032	28652755	0.778400677640221	3.43045675011836	3	1	0.835521908365976
chr10	38091763	39583308	-0.595691138479423	1.32345474336487	1	-1	0.698304442554861
chr10	133374735	133778699	-3.04857687578311	0.241722407997486	0	-2	0.906618893083363
chr11	48376666	49134800	-0.795348933689551	1.15240758902086	1	-1	0.792660449618575
chr11	114517863	118836111	-0.53064405033553	1.3844912632235	1	-1	0.615396538217142
chr11	118836312	119095467	0.984781505863771	3.95802714261881	4	2	0.901938368328451
chr11	129788391	130061271	1.32963411312849	5.02677847776382	5	2	0.999964915970268
chr12	55248503	55732648	-0.786386545856621	1.15958892054317	1	-1	0.790306795583691
chr12	62936003	75209868	1.25345117692569	4.76822124058299	5	2	0.999935843556435
chr14	104117404	106666532	1.0179090285498	4.04996384438297	4	2	0.955998923081036
chr14	106671771	106695397	-3.04857687578311	0.241722407997486	0	-2	0.906618893083363
chr14	106703845	106879812	0.92706440705837	3.80280617197676	4	2	0.706949678563045
chr15	19780202	20011169	-1.39652245202152	0.759687268161842	1	-1	0.7036921442972
chr15	20012740	20890606	0.549360835682496	2.92687439696914	3	1	0.938290153226834
chr15	20893382	21017816	-1.59539195059833	0.661864615753258	1	-1	0.5202362887851
chr15	21019387	22258848	0.662540057946358	3.16573404271298	3	1	0.932888874749749
chr16	28605195	31623731	0.521903869460087	2.8716976661533	3	1	0.928111625902298
chr16	31623732	32784138	-0.601550712138487	1.31809037097334	1	-1	0.703264221917362
chr17	40993429	41397592	2.59151190843798	12.0546002826951	12	2	0.999999960754297
chr19	29024156	30723738	1.15491404018671	4.45342111769985	4	2	0.999285021587864
chr19	39540534	39813555	-0.654011286801915	1.27102174553628	1	-1	0.7384121577068
chr19	53632055	53761222	-3.80925946621492	0.142668677367803	0	-2	0.93788097528031
chr20	60202	1722537	0.393101781652133	2.62642753789575	3	1	0.592158844555785
chr21	5011798	8771535	-0.560128896476133	1.35648312809427	1	-1	0.660789497178714
chr21	30214005	30747233	0.967678712942122	3.91138273491215	4	2	0.858292000602042
chr22	22520471	22923034	2.35691913829915	10.2455046236418	10	2	0.999999845903984
chrX	48081859	48448879	-0.622646707433319	1.29895665715787	1	-1	0.719122012296638
chrX	48458536	49329384	0.5565847203967	2.94156664021172	3	1	0.93990173778401
chrX	120872602	120986639	-3.04857687578311	0.241722407997486	0	-2	0.906618893083363
chrX	139517877	140247004	0.46905851357739	2.76841171251109	3	1	0.875054194303732
