Chromosome	Start	End	Segment	CNF	CN	Call	ProbCall
chr1	26762854	30986660	-1.01297695442203	0.99104539407436	1	-1	0.926370844105427
chr1	34479044	36308225	0.941196506199954	3.84024007887363	4	1	0.77135874310616
chr1	39714805	42604711	0.901301413933538	3.73550013458615	4	1	0.840987897550945
chr1	58820589	66083429	0.724299182330048	3.30419580419581	3	1	0.929092777988886
chr1	72727731	73077730	-0.777873909306296	1.16645131248868	1	-1	0.872989983912707
chr1	89785203	101095738	0.549148164690613	2.92644297148661	3	1	0.848834344205364
chr1	121614147	121974146	-1.29421288039042	0.815517148835636	1	-1	0.891069664928953
chr1	143189147	143274146	-2.269582708507	0.414779728280873	0	2	0.557672094436433
chr1	143274147	144335335	0.574756182736702	2.97885145408768	3	1	0.873316287622116
chr1	150037790	152585091	0.760502576069727	3.38816134101625	3	1	0.927276769931544
chr1	152585092	152614198	-6.68858358132718	0.0193894597817863	0	2	0.525736454147663
chr1	162527761	233362341	-0.906177977643474	1.06719367588933	1	-1	0.918960180917376
chr2	42581654	56444615	0.430814544453802	2.69598887724966	3	1	0.62786294893934
chr2	60703631	66398554	0.58386819723694	2.99772532267136	3	1	0.880592785518554
chr2	66398555	76421120	0.863173229928528	3.63806981797831	4	1	0.882796039448078
chr2	76421121	88780465	0.613796285213768	3.06056134461893	3	1	0.900016278699363
chr2	91546216	92135093	0.461238925262996	2.75344716483474	3	1	0.704392996093148
chr2	94145094	97523504	0.514978279210166	2.85794525077986	3	1	0.805149545549861
chr2	97523705	97560805	-0.898126422012912	1.07316624172206	1	-1	0.917680615337457
chr2	97561006	100731662	0.55542012726271	2.93919306443559	3	1	0.855421846383225
chr2	109848674	125224559	0.646363045385303	3.1304347826087	3	1	0.914649746626805
chr2	154605825	161958670	0.489903675597807	2.80870221662887	3	1	0.763465221173827
chr2	232177981	242180833	-0.960969294819595	1.02742330601145	1	-1	0.924633229038674
chr3	10202	5174541	-0.813561465324773	1.13795107724096	1	-1	0.89300938952321
chr3	5178161	5187729	7.55734769192568	376.719706080964	377	2	0.99999855052649
chr3	5187772	8983680	-0.844370342941534	1.1139076716034	1	-1	0.904903764994948
chr3	8985515	16738187	-0.727156673520263	1.20818662984465	1	-1	0.827681967042997
chr3	16738188	37639612	-0.780647095559619	1.16421128278836	1	-1	0.874840618372714
chr3	68228601	70810547	0.421298348471868	2.67826432015159	3	1	0.601178296175762
chr3	70810548	70890547	-1.85569221656125	0.552600121105785	1	2	0.464550063026098
chr3	84807767	90669686	0.579248849526766	2.98814229249013	3	1	0.876990849521412
chr3	90669687	90719686	-5.68661669267895	0.0388318246002247	0	-2	0.545235023371608
chr3	98149921	98294159	0.758666675953301	3.38385248192412	3	1	0.927503556909849
chr3	101533225	124712359	-1.22810607253084	0.853754940711463	1	-1	0.907067818227491
chr3	138714972	144770094	0.441496621569795	2.71602474105661	3	1	0.656313944690739
chr3	144770095	162284159	0.826127707051646	3.54584065993273	4	1	0.907555354517435
chr3	162284160	198233541	1.21504416755934	4.64295779774416	5	2	0.922577074724721
chr4	10202	2304436	0.456772057088965	2.74493513402342	3	1	0.694040661310573
chr4	9160776	9368010	1.36047478062898	5.13539333344554	5	2	0.953918602340177
chr4	34703187	43385775	-0.843229845302676	1.11478860022356	1	-1	0.904534214211937
chr4	48298898	49072213	0.828148011210025	3.55080962056644	4	1	0.906514885804078
chr4	51795751	55562614	0.446383999667054	2.72524134557332	3	1	0.668771467042711
chr4	55609472	57500576	0.871086612629723	3.65807996533593	4	1	0.875696453194813
chr4	57500577	63851897	0.479713175975852	2.78893280632412	3	1	0.743910322402744
chr4	67495488	81494734	0.401944317718861	2.64257481648788	3	1	0.543515342545311
chr4	88747573	91091328	0.948482659192489	3.85968379446642	4	1	0.755047838964784
chr4	91091329	190201387	-1.5045451749583	0.704882564313128	1	-1	0.776511205316248
chr5	10202	2052892	0.769212192215861	3.40867769323375	3	1	0.925991299683487
chr5	55462133	56761406	-1.02262550350931	0.984439530851329	1	-1	0.92638891668318
chr5	56761407	61530361	-0.574313468598875	1.34321154117568	1	-1	0.505031966459707
chr5	62536629	112827226	-1.03509272678383	0.97596903000147	1	-1	0.926285593975702
chr5	112827227	112836688	5.24134504353881	75.6540307088402	76	2	0.999838256837509
chr5	112836944	118438579	-1.07610297908579	0.948616600790515	1	-1	0.924988708261777
chr5	156007875	158289239	-1.01563435887944	0.989221596012643	1	-1	0.926384546169538
chr5	168139836	181477627	-0.58642563360695	1.33198179687787	1	-1	0.539833458115072
chr6	60202	5101811	1.18362912279556	4.54294904180489	5	2	0.897333653534836
chr6	5101812	9661361	0.634390403719226	3.10456342076896	3	1	0.909963140755539
chr6	9661362	24941110	0.422444769817894	2.68039341851274	3	1	0.604456320798475
chr6	24941111	26217428	0.739201714105188	3.33850387346766	3	1	0.92900702947888
chr6	29781660	29865742	1.2599389945572	4.78971227761427	5	2	0.940845982029586
chr6	32442878	32810175	6.34370271793534	162.433198940262	162	2	0.999980600823482
chr6	33086882	33177829	0.828829019884735	3.55248613771091	4	1	0.906157029437594
chr6	42879909	45828909	0.427369914763553	2.68955951741972	3	1	0.618343974878793
chr6	45828910	58451655	0.82848472391355	3.55163844592851	4	1	0.906338403099236
chr6	60231656	62506168	0.833075728971749	3.562958621931	4	1	0.9038424087611
chr6	103283810	103318809	7.40639089943613	339.293715828184	339	2	0.999997968777663
chr6	107713237	110887675	-0.908089759782816	1.06578042462114	1	-1	0.919244481314645
chr6	110888893	110893664	0.570899596169226	2.97089907549833	3	1	0.870022487768409
chr6	110893865	133360053	-0.952426953127915	1.03352482824478	1	-1	0.924046425787229
chr6	137871517	137881396	1.66816962313892	6.35622248207167	6	2	0.967518864184391
chr6	164425967	169717861	-0.970731292874706	1.02049471234884	1	-1	0.925190347624353
chr7	13744	16061685	-0.890236433774458	1.07905138339921	1	-1	0.916290230263127
chr7	19898964	36134993	0.785944289252929	3.44844101337262	3	1	0.922494469925056
chr7	50319018	50405974	7.13438642038805	280.992228643142	281	2	0.999996308422559
chr7	61015237	61100236	0.653249430970546	3.1454129394633	3	1	0.91701163462862
chr7	61100237	61255236	-2.75753474046703	0.295753113090574	0	2	0.51199316508766
chr7	61255237	61430236	1.26918817706308	4.8205179803488	5	2	0.943073413648155
chr7	61430237	61600236	-0.870009469725435	1.09428651843513	1	-1	0.912030465567729
chr7	61600237	62390236	0.530392683185008	2.88864453624179	3	1	0.826581924172413
chr7	92795029	92834147	7.48804034432749	359.049848693971	359	2	0.999998306755924
chr7	97316436	102140567	0.713049798925793	3.27853159690143	3	1	0.928566133178615
chr7	102140568	103210462	1.12044303299501	4.348274543994	4	2	0.786987834249938
chr7	103254667	119810234	0.8983424980402	3.7278466087441	4	1	0.84498521771258
chr7	130034204	140382613	0.761510285509182	3.39052876778991	3	1	0.927145841985378
chr7	140382814	159334947	0.862178533308906	3.63556233828699	4	1	0.88363753248117
chr8	64084	1697380	-1.75765687674231	0.59145615232128	1	-1	0.406941629765548
chr8	7254144	7398314	0.509365282898247	2.84684763827438	3	1	0.796579822047913
chr8	7398315	9003181	-0.822423833647081	1.13098215511894	1	-1	0.896867592269926
chr8	39375698	39648558	2.23015954714405	9.38371727851367	9	2	0.983328936319108
chr8	39648759	43982107	0.534394613742499	2.89666854884246	3	1	0.831667401461125
chr8	60768395	60816090	7.47091165458542	354.812162650581	355	2	0.999998240680867
chr8	79750852	82090255	0.72177523706854	3.29842028100514	3	1	0.929018596403307
chr8	96609768	109020462	0.456392101741232	2.74421230942971	3	1	0.693145759764814
chr8	109020463	145074357	1.25136329934301	4.76132563089088	5	2	0.938418929543871
chr9	12193	328218	0.942756048165528	3.84439359267736	4	1	0.767969384201011
chr9	1417508	7825082	0.641400553796288	3.11968540820288	3	1	0.912798897156463
chr9	7825083	25476262	-1.07688142444965	0.948104886959454	1	-1	0.924950277033832
chr9	36352718	36833879	-0.593409102168695	1.3255498234674	1	-1	0.559547212104568
chr9	36833880	37034074	6.43948750374774	173.583679903344	174	2	0.999984035458733
chr9	39762423	43221461	0.574798050936609	2.97893790406801	3	1	0.873351330723624
chr9	60521462	60746461	-2.01607847626116	0.494458561089238	0	2	0.551175113875216
chr9	62674014	68275043	0.577611648677007	2.98475320877403	3	1	0.875671676861122
chr9	68275244	74918269	1.51784830486262	5.72727272727273	6	2	0.96161900018494
chr9	76921219	78301965	-0.995834291761517	1.00289162161636	1	-1	0.926117214068121
chr9	84455846	85606688	0.397876695829059	2.63513467431536	3	1	0.530911348367345
chr9	87340785	91397117	-1.48215169513738	0.715909090909091	1	-1	0.795411375647095
chr9	129870349	138331075	0.427108035921682	2.68907135132122	3	1	0.617613667457322
chr10	24235274	28945688	0.871429601020077	3.65894974590628	4	1	0.875371931744346
chr10	44144984	45678994	0.689785325676429	3.22608695652174	3	1	0.925867762451281
chr10	45678886	48008033	0.389390156527199	2.61967920567522	3	1	0.504195481562101
chr10	60239997	70202046	-0.924466710173947	1.05375048108695	1	-1	0.921396833207422
chr10	83435845	84724580	0.417925069085589	2.672009373947	3	1	0.591436846638054
chr10	87864277	87964934	7.23259426418919	300.786136700458	301	2	0.999997019985055
chr10	89572759	94638309	-0.955087578124419	1.03162055335969	1	-1	0.924239504303581
chr11	60202	102765	0.932244786825828	3.81648570297349	4	1	0.789771975237758
chr11	102766	551726	-1.58628915998665	0.666053901697067	1	-1	0.68830186879308
chr11	34220099	38281649	-0.995765673991734	1.00293932249631	1	-1	0.926115606765158
chr11	55123057	55223056	1.07701782603512	4.21934140241094	4	2	0.651006675111333
chr11	55555671	55727206	-1.84027933415338	0.558535415117266	1	2	0.450967154414258
chr11	57917347	57928388	5.22185109321408	74.6386554908935	75	2	0.999832414328705
chr11	61204068	61248444	-1.81130422379036	0.569866454874988	1	2	0.423400677611756
chr11	66981484	74533270	0.773714549819788	3.41933209904576	3	1	0.925187035277849
chr11	74533271	80512434	0.418316643773574	2.67273470619788	3	1	0.592574880950544
chr11	80512435	84670181	0.878090429025861	3.67588193326983	4	1	0.868778151543699
chr11	84670182	88995085	0.46579079974348	2.76214833759591	3	1	0.714622385861292
chr11	96086981	113688393	0.390089698368192	2.6209497580295	3	1	0.506416471595049
chr11	113689550	132141906	0.603823996185104	3.0394788842518	3	1	0.894249897174217
chr11	132146174	135071987	-0.578603319614974	1.33922343641014	1	-1	0.517428360823485
chr12	12211	1038796	0.577437543825879	2.98439302963482	3	1	0.87553005931986
chr12	11062532	11169481	-2.02924054137917	0.489968008210633	0	2	0.55418112830401
chr12	18974389	27040353	0.579248849526766	2.98814229249013	3	1	0.876990849521412
chr12	27040354	34714924	0.932885804141466	3.81818181818183	4	1	0.788511238023924
chr12	37249925	38054924	0.804074333218312	3.49205028381231	3	1	0.917012009865288
chr12	38054925	45801347	0.508859521635369	2.84584980237155	3	1	0.795786744917923
chr12	45801348	47870626	0.872016766158898	3.66043921175051	4	1	0.874813038379164
chr12	64556653	64611410	6.81085965791264	224.544824204116	225	2	0.99999261925367
chr12	73003407	80988019	-0.603997152483154	1.31585712219717	1	-1	0.58875656798471
chr12	80988020	87148435	-0.670483160763568	1.25659246931558	1	-1	0.743093944264665
chr12	87148436	105783991	-0.623809805035208	1.29790986314632	1	-1	0.6405470868621
chr12	111403225	111439011	6.74407862301184	214.387744041075	214	2	0.999991504966285
chr12	129134974	133264802	0.740723831564916	3.34202802549294	3	1	0.928947222499952
chr13	19087754	19131386	0.920985425494317	3.78681626928474	4	1	0.81052729835573
chr13	40976205	41017372	6.83054006213334	227.628921621392	228	2	0.999992919949832
chr13	48304140	48479697	6.93061761516402	243.979752440789	244	2	0.999994276008382
chr13	49497125	92510479	0.535202518382198	2.89829112830485	3	1	0.83267113279167
chr13	92510480	114351745	1.0541921003636	4.1531100478469	4	2	0.564963016184682
chr14	19479471	19892521	0.873777432201451	3.66490914133675	4	1	0.873111615093902
chr14	33116232	34885785	0.838558421593309	3.5765247410817	4	1	0.900634760679476
chr14	35625252	38069445	0.695846606840621	3.23966942148762	3	1	0.926781933423587
chr14	40367428	47027878	0.941818928911473	3.84189723320159	4	1	0.770012605404422
chr14	47027879	60125264	0.459342217478576	2.74982959283692	3	1	0.700035171095361
chr14	60125581	62163632	1.15663624586255	4.45874052793986	4	2	0.861979495632654
chr14	71604601	72794124	-1.94158331377467	0.520661157024796	1	2	0.523405563899308
chr14	77973651	88052088	-0.606617695784565	1.3134691395561	1	-1	0.59583744589538
chr14	106714971	106754218	2.86692830359187	14.5902055530636	15	2	0.99276603560178
chr14	106754219	106880139	-0.593478431214527	1.32548612539277	1	-1	0.559741303692282
chr15	19780202	22569783	-0.624107197478021	1.2976423438208	1	-1	0.641291355129346
chr15	35721373	39909402	-0.579185669042212	1.33868296278529	1	-1	0.519105977639824
chr15	65742006	69990814	0.591188271092821	3.01297409945906	3	1	0.885950158820695
chr15	82812954	82819574	-8.05984418867265	0.00749506035640334	0	2	0.688311665252173
chr15	90505364	92831759	0.389059001848606	2.61907795631641	3	1	0.503143040451903
chr15	92832588	92915320	7.14378426465356	282.828611788966	283	2	0.999996383016583
chr15	92915521	99318173	0.545862681032219	2.91978609625669	3	1	0.845219076960719
chr16	11761	1950975	-0.87335231829926	1.0917538976765	1	-1	0.912809330817105
chr16	12078650	18892345	0.404875252537177	2.64794884711809	3	1	0.552504165406558
chr16	18896079	36258209	0.74744328877482	3.35763007001263	3	1	0.928567718585142
chr16	46383210	47572778	0.781292625471412	3.43734015345269	3	1	0.923608578967822
chr16	64626512	79047244	0.582582200562563	2.99505438597065	3	1	0.879607610702509
chr17	12024637	12141397	7.14835867473219	283.726810850683	284	2	0.999996418799098
chr17	21888115	21988114	-3.79781290334717	0.143805134902921	0	-2	0.553433989813244
chr17	31095295	31373680	6.00551165985354	128.489945406142	128	2	0.999961919538096
chr17	36261255	36472934	-1.23883586356591	0.847428842039944	1	-1	0.904883568987307
chr17	37927397	38252573	-1.12116932797573	0.919442125623533	1	-1	0.921920007916206
chr17	46337327	46704903	1.26880025152512	4.81922196796339	5	2	0.942987210001457
chr17	52248037	59618338	-0.946671729419861	1.03765601777651	1	-1	0.923595709974542
chr17	64967040	64973572	3.33839237481414	20.2295507287641	20	2	0.996297647646942
chr18	10202	14162523	1.129901047432	4.37687459063755	4	2	0.810005944339563
chr18	14162524	15410430	0.66882438166172	3.17955393518456	3	1	0.921514625954928
chr18	20915431	37173130	0.711158356803474	3.27423610176336	3	1	0.928428000745266
chr18	40862021	47902042	-0.927394202916515	1.0516143961525	1	-1	0.921731483656778
chr18	51047024	51098732	4.00557758671743	32.123954286971	32	2	0.998665670423321
chr18	68735312	69394336	-0.923251491002418	1.05463845617298	1	-1	0.921253654494854
chr19	1208034	1226795	4.83167433397477	56.9519894488933	57	2	0.999664051971329
chr19	4885131	4921971	5.57512368097088	95.3475313490851	95	2	0.999912858085864
chr19	27243209	27453208	0.743602163285981	3.34870238654924	3	1	0.928807826222641
chr19	28928209	34058208	0.471419969176365	2.77294685990339	3	1	0.726826088501931
chr19	34058209	41217038	0.66375052508513	3.16839130912208	3	1	0.920171374942695
chr19	41219364	44340408	0.397255972193482	2.63400114401327	3	1	0.528975600751762
chr19	55852035	58604632	0.412159663132475	2.66135259788942	3	1	0.574469614197617
chr20	60202	6199805	-0.831395728502964	1.12397057850154	1	-1	0.900398388680941
chr20	6200249	6214618	1.77086693207875	6.8251792309903	7	2	0.971099662485813
chr20	6215029	7284309	-0.857068832355972	1.10414616604001	1	-1	0.908702826453005
chr20	12769007	20246273	0.446882097271237	2.72618241108219	3	1	0.670020846179745
chr20	30090650	39083768	0.479624767657459	2.78876190582336	3	1	0.743733780689769
chr20	46600859	52881962	0.714304362597743	3.28138383900565	3	1	0.928649882358319
chr20	52881963	62705700	1.0078696131784	4.02187881878918	4	1	0.575169593150278
chr22	10510202	10696258	-0.770468269971552	1.17245433222539	1	-1	0.867769162721112
chr22	15156952	18883527	0.434807764684353	2.70346141294021	3	1	0.638690931456701
chr22	23786710	23993864	0.781742010332493	3.43841101679246	3	1	0.923505861409512
chr22	46350242	50804320	-1.12450194984024	0.917320667882944	1	-1	0.921623878130649
chrX	10202	3829455	-1.41776549058484	0.748583165356347	1	-1	0.839278413953707
chrX	3829656	3930481	0.900377445894972	3.73310851499458	4	1	0.842251436997199
chrX	3931682	15236704	-0.652076696579692	1.27272727272727	1	-1	0.706223480652573
chrX	15236705	15550177	-0.587065624653157	1.33139105015089	1	-1	0.541652648415486
chrX	15550378	25125967	0.529537104644875	2.8869319569996	3	1	0.825469871217379
chrX	25125968	58550623	1.09382202235653	4.26877470355734	4	2	0.709044806792048
chrX	62465624	67461221	0.92271010596377	3.79134595381736	4	1	0.807514392061564
chrX	77557402	77717095	7.26013554040107	306.583350365641	307	2	0.999997194560887
chrX	82467514	82527946	1.43169166111291	5.39525691699607	5	2	0.957791352726586
chrX	82617947	82857946	0.831475416081419	3.55900859283731	4	1	0.904731640174351
chrX	88539410	94825471	-0.826429576780784	1.12784626002513	1	-1	0.898488608729083
chrX	94825472	94875471	0.986789991567873	3.96354125123237	4	1	0.648443623864236
chrX	94875472	97839601	-0.59067615191555	1.32806324110672	1	-1	0.551869669240331
chrX	97839602	97943939	0.475302423706103	2.78041922158596	3	1	0.734956188029005
chrX	97943940	100261952	-0.813068573251997	1.13833992094862	1	-1	0.892783307734881
chrX	100261953	103901042	-0.652076696579693	1.27272727272727	1	-1	0.706223480652575
chrX	103904432	103916106	8.81326911304111	899.680605697663	900	2	0.999999925653175
chrX	103916107	109733373	-0.706153369335484	1.22590453025236	1	-1	0.801140568335856
chrX	114202608	114372607	-0.590676151915545	1.32806324110672	1	-1	0.551869669240316
chrX	114372608	114456395	0.76233951599531	3.39247813192945	3	1	0.927034653948422
chrX	117960814	118098757	-0.939786370286296	1.04262013729977	1	-1	0.922994681167797
chrX	135160357	135183884	2.19753516326004	9.17389988450081	9	2	0.982639032045302
chrX	142139068	142289216	0.508859521635373	2.84584980237156	3	1	0.795786744917929
chrX	142599217	142954216	0.678784523077679	3.20158102766799	3	1	0.923818243657578
chrX	150115861	150146900	3.01713763213819	16.1911957719598	16	2	0.994128743353839
