Chromosome	Start	End	Segment	CNF	CN	Call	ProbCall
chr1	143185147	143299146	-4.39626009631745	0.0949781788377417	0	2	0.614308468097951
chr1	143299147	144309335	0.564128997303992	2.95698924731183	3	1	0.886335169263854
chr2	98108517	98653744	0.736965594166207	3.33333333333334	3	1	0.955554922304109
chr3	75374602	75594964	1.22239242133645	4.66666666666667	5	2	0.951716030300966
chr4	9155818	9366835	1.81871496030765	7.0553368295056	7	2	0.979684447758988
chr4	70187837	72785523	0.822764931664211	3.5375852909924	4	1	0.931652637585165
chr5	70873717	71139461	0.703591946018896	3.25710887653412	3	1	0.955858938935339
chr5	112808600	112836688	1.57668948749695	5.96569196752905	6	2	0.974301183251294
chr6	29826895	29959784	0.459431618637297	2.75	3	1	0.648447573895223
chr6	32437328	32816545	2.91287691644156	15.0623703313921	15	2	0.993771496580839
chr7	50308370	50402974	6.69028634581107	206.541280563191	207	2	0.99997445005563
chr7	63154718	67516382	0.708951217996612	3.26923076923077	3	1	0.956114297572946
chr8	21574390	22517664	1.60728679957061	6.09356620472664	6	2	0.975040133646038
chr8	36975181	39374131	0.678071905112638	3.2	3	1	0.952940130280052
chr8	39374132	39551152	5.9188632372746	121	121	2	0.999906577431216
chr8	39551153	43963107	0.603122166558752	3.03800062482482	3	1	0.922716652576007
chr8	43963108	43983107	-5.99411511153023	0.0313777320211753	0	2	0.626958712900488
chr8	45928108	45950107	-5.57907761225138	0.0418369760282339	0	2	0.615062367801175
chr8	45950108	48703534	0.736965594166208	3.33333333333334	3	1	0.955554922304108
chr8	60779395	60869132	1	4	4	1	0.587353215702852
chr8	69125525	74355703	0.584962500721162	3.00000000000001	3	1	0.908176208745978
chr9	36822591	37034074	6.55041667504883	187.457102086611	187	2	0.999967465603225
chr10	10202	11645207	0.463400520840247	2.75757575757577	3	1	0.662072254459902
chr10	11645208	18883568	0.758991900496206	3.38461538461539	3	1	0.952876563915052
chr10	20802593	27686779	0.599462070416272	3.03030303030303	3	1	0.920081471473924
chr10	47444126	48054937	0.584962500721156	3	3	1	0.908176208745973
chr10	87857465	87964934	7.00845689980038	257.50504721135	258	2	0.99998541430329
chr12	62381448	64108678	0.475589935876659	2.78097338168496	3	1	0.701712558189172
chr12	64108869	72123919	1.45617768610465	5.4876089810564	5	2	0.971205176615223
chr12	72123920	75232206	0.584962500721156	3	3	1	0.908176208745973
chr12	111401551	111450735	6.50686408338797	181.882645516636	182	2	0.999964943852604
chr13	18171403	18501492	0.874469117916143	3.66666666666667	4	1	0.891368005086256
chr13	40975256	41033572	6.56439694708867	189.282463737644	189	2	0.999968237878071
chr13	48302485	48485369	6.49659797978719	180.59297705369	181	2	0.999964322979048
chr14	18695613	19958874	0.678071905112645	3.20000000000002	3	1	0.952940130280053
chr15	19776202	22449167	-0.714446576134975	1.21887774061687	1	-1	0.421635298732102
chr15	92814760	92915320	6.16221809263506	143.232799840662	143	2	0.999937339884398
chr16	58602543	66422393	-0.678071905112636	1.25	1	-1	0.344690694858508
chr17	12024637	12144597	7.13499881693236	281.111529806692	281	2	0.999988378143914
chr17	19006244	19230559	1.08941855606703	4.25576519916143	4	2	0.752555629201034
chr17	31089598	31374064	6.18608966316464	145.622519292493	146	2	0.999939776076452
chr18	51047024	51080732	4.48598080987433	44.8172061247057	45	2	0.99918001788014
chr19	4881807	4921971	5.26973359130897	77.1574517281631	77	2	0.999740371002724
chr19	28126209	29306389	0.459431618637298	2.75	3	1	0.648447573895226
chr19	29306390	30489106	1.2630344058338	4.80000000000002	5	2	0.961250706826581
chr19	51804934	54090397	1.10893437155316	4.31372549019607	4	2	0.810953258569579
chr20	261597	1611396	0.67328800561305	3.18940654473118	3	1	0.952057787745275
chr20	31239659	39079768	0.459431618637297	2.75	3	1	0.648447573895223
chr22	15546315	15930285	0.640105060404241	3.11688528920488	3	1	0.942498474003484
chr22	18183006	18655133	0.959358015502656	3.88888888888889	4	1	0.72973130509315
chrX	2786340	3808395	0.6558288314408	3.15104166666667	3	1	0.947828290646054
chrX	3808396	3964002	3.05546807274078	16.6271393417092	17	2	0.994735274704953
chrX	8469698	20267871	0.584962500721156	3	3	1	0.908176208745973
chrX	23140205	25288967	0.849245787439732	3.60311771899583	4	1	0.914544538277325
chrX	39596102	41564067	0.736965594166211	3.33333333333334	3	1	0.955554922304108
chrX	44421894	45160126	2.25003680156732	9.51389960606509	10	2	0.986954848552685
chrX	45160127	49307729	0.858896904684497	3.62730209863848	4	1	0.906585885458542
chrX	52561313	58554623	0.580995971449194	2.99176316257759	3	1	0.904476933717631
chrX	62462624	62503623	-2.35755200461808	0.390243902439025	0	2	0.719625947185419
chrX	77381720	77807242	3.54432051622381	23.3333333333333	23	2	0.997111456288743
chrX	118138758	121074547	0.627036749514734	3.08877921128972	3	1	0.936791611634389
chrX	129362409	130642637	0.667561015327394	3.17677082234092	3	1	0.950850181280294
chrX	132893876	137540915	0.584962500721159	3.00000000000001	3	1	0.908176208745976
chrX	152603830	155575512	0.765357080705596	3.39958132105207	3	1	0.951716079362643
