Chromosome	Start	End	Segment	CNF	CN	Call	ProbCall
chr1	786793	10171392	0.690600070306539	3.22790936477738	3	1	0.692763273113173
chr1	21334076	21608394	0.850756060719526	3.6068915877276	4	1	0.666738963620058
chr1	25258956	25390915	-1.7663704499021	0.587894648347042	1	-1	0.762584035433635
chr1	39497632	55386024	0.630395573971399	3.09597876017603	3	1	0.652077457606351
chr1	55386025	71027697	0.522476541069577	2.87283780049736	3	1	0.508835847439168
chr1	94291832	99527260	-0.61198746578429	1.30858944050433	1	-1	0.617151928199511
chr1	100670254	105988806	-0.643696325511627	1.28014184397163	1	-1	0.675673683025371
chr1	106333807	108963561	0.73370260406838	3.32580274467663	3	1	0.705676873331733
chr1	121181173	121614146	0.677274797940429	3.19823244805745	3	1	0.686062951861385
chr1	121614147	121974146	-1.29238029516094	0.8165537187546	1	-1	0.945111269677219
chr1	143189147	143274146	-1.6714950913328	0.627855691630448	1	-1	0.835354573293965
chr1	143274147	146254249	0.653303999963688	3.1455319148936	3	1	0.670741086676095
chr1	152585092	152614198	-6.83072977793245	0.0175701488291134	0	-2	0.621226556747358
chr1	176292271	178450873	-0.650560424689429	1.2740656117373	1	-1	0.687648184955884
chr1	248499856	248650963	-1.39711923091421	0.759373084250335	1	-1	0.931419057079773
chr2	10202	8458892	-0.561891674240243	1.35482670177075	1	-1	0.517364761696745
chr2	11997219	15531547	-0.749490989534222	1.18962676409485	1	-1	0.826092856099779
chr2	21443458	23353457	-0.772979342456596	1.17041540020263	1	-1	0.849313239476066
chr2	33988020	36426970	-0.661405009273103	1.26452450124777	1	-1	0.705996842599228
chr2	95839320	95978191	-0.654491644701449	1.27059861820394	1	-1	0.694382038823469
chr2	97495198	97560805	-0.993848419994101	1.00427305390778	1	-1	0.945775944353621
chr2	108010100	108362649	-0.873497363359441	1.09164414090509	1	-1	0.914570593432459
chr2	113942204	117667674	-0.656731930019392	1.26862710350437	1	-1	0.698177916122895
chr2	122130581	126599559	-1.72352030528771	0.605617875862488	1	-1	0.7991110030087
chr2	128559217	136604897	-0.544873269925754	1.37090322338549	1	-1	0.482687966524096
chr2	136604898	143674532	-0.643696325511632	1.28014184397162	1	-1	0.67567368302538
chr2	174380664	174387854	-9.23403062289055	0.00332131293824868	0	2	0.595248302359079
chr2	190549970	191316509	0.733980646263291	3.32644376899695	3	1	0.705716602140578
chr2	216549632	217744880	-0.651912942985052	1.27287174227106	1	-1	0.689975319947147
chr2	219666866	229697023	-0.569147344379532	1.34803004858939	1	-1	0.532120208946505
chr3	5178161	5205368	1.15668354646963	4.45888671586259	4	2	0.786000342651722
chr3	10092142	17224610	0.784966544262069	3.446104723613	3	1	0.703134023156462
chr3	17224611	20699235	0.55839773636414	2.94526559221749	3	1	0.566640045514706
chr3	20699236	21324235	-0.643696325511627	1.28014184397163	1	-1	0.675673683025371
chr3	21881186	30559162	-0.603054341014284	1.31671732522796	1	-1	0.599860327706305
chr3	58849063	75376601	-0.603054341014284	1.31671732522796	1	-1	0.599860327706305
chr3	75554965	90719686	-0.643696325511631	1.28014184397162	1	-1	0.675673683025378
chr3	93709064	97374561	-0.603054341014284	1.31671732522796	1	-1	0.599860327706305
chr3	101989677	111520592	-0.603054341014285	1.31671732522796	1	-1	0.599860327706307
chr3	169566162	198233541	0.837518250371699	3.57394702561874	4	1	0.67752042992738
chr4	9175859	9350088	-0.929994755529153	1.04972049954978	1	-1	0.933591638263532
chr4	18490685	24905327	-0.71367613874544	1.21952882746927	1	-1	0.783665759347812
chr4	26520454	37811516	-0.690517182264625	1.23926336492043	1	-1	0.751536306285321
chr4	49217214	49654578	-0.970900464522801	1.02037505528621	1	-1	0.94228740073694
chr4	78777038	82049734	-0.611987465784294	1.30858944050433	1	-1	0.617151928199518
chr4	83865023	86147596	-0.605830937186229	1.31418562151067	1	-1	0.605266601639473
chr4	89545355	98021544	-0.731159166761973	1.20483938256153	1	-1	0.805466529627798
chr4	100100492	108532974	-0.656381585142743	1.2689352150345	1	-1	0.697586312900929
chr4	110021735	111920936	-0.713866694082798	1.21936775920882	1	-1	0.783914740989264
chr4	113951914	118179044	-0.777445904841602	1.16679741503877	1	-1	0.853338970164847
chr4	119844455	121630878	-0.603054341014283	1.31671732522796	1	-1	0.599860327706303
chr4	121630879	122456498	-0.546786565277656	1.36908634303837	1	-1	0.486583270821202
chr4	122456699	138827169	-0.643021538295923	1.28074074074073	1	-1	0.67448199220733
chr4	140893570	150713927	-0.629215738770889	1.29305555555555	1	-1	0.649560255422004
chr4	154657854	167994426	-0.603054341014285	1.31671732522796	1	-1	0.599860327706307
chr4	170479988	182534263	-0.643696325511631	1.28014184397162	1	-1	0.675673683025378
chr4	186750088	190201387	-0.630459630093158	1.29194116384523	1	-1	0.65184634801037
chr5	17491204	17670659	1.02963233661703	4.08300783676236	4	2	0.473810051553853
chr5	50111303	54968028	-0.690517182264623	1.23926336492043	1	-1	0.751536306285318
chr5	57432976	68046201	-0.632923169678818	1.28973693340695	1	-1	0.656350935316923
chr5	83793830	112819370	-0.623214721207544	1.29844533631437	1	-1	0.638425101018207
chr5	112821838	112836688	5.22530345903291	74.8174794942301	75	2	0.998722629053933
chr5	113768631	118633301	-0.645244581097042	1.27876877233772	1	-1	0.678398240175763
chr5	119224689	131110992	-0.643696325511631	1.28014184397162	1	-1	0.675673683025378
chr5	142233724	142923568	1.05181831764335	4.14628221904431	4	2	0.540998048456219
chr5	180948273	181002863	-3.28586616783154	0.205062249596492	0	-2	0.597143646584992
chr6	29791232	29943037	1.19425283949803	4.57652588151252	5	2	0.831510101776177
chr6	31166958	31312275	0.818428701947078	3.52696852713221	4	1	0.689835158835518
chr6	31312276	31425403	-1.31096917971752	0.806100052017912	1	-1	0.943217079814968
chr6	32255707	32490364	-0.763193519848421	1.1783813318044	1	-1	0.840064314839658
chr6	32490365	32666711	0.954129031716612	3.87481929738363	4	1	0.505500291677544
chr6	32666912	32711911	-5.50940693178583	0.0439069480819595	0	-2	0.657483189971973
chr6	44706985	49214039	-0.603054341014284	1.31671732522796	1	-1	0.599860327706305
chr6	102243810	102293809	-1.349526275247	0.784841766999523	1	-1	0.938590066638557
chr6	114243043	125093253	-0.584366333363321	1.33388442282029	1	-1	0.562848684739946
chr6	137871517	137881396	1.18216606370426	4.53834430300922	5	2	0.818973917432958
chr6	139554498	141884159	-0.673443668905679	1.2540165002171	1	-1	0.725504576433735
chr6	163650967	164957830	-0.806536440385868	1.14350570197054	1	-1	0.876719754193932
chr7	7596651	15555148	-0.643696325511632	1.28014184397162	1	-1	0.67567368302538
chr7	18033059	20623455	-0.603054341014285	1.31671732522796	1	-1	0.599860327706307
chr7	40539394	42863548	-0.611987465784286	1.30858944050433	1	-1	0.617151928199503
chr7	45163143	49731301	-0.559520045890155	1.35705571607856	1	-1	0.512533867371176
chr7	50304370	50405974	7.10278615275663	274.904393292338	275	2	0.999926112724222
chr7	61080237	61260236	-4.51098698287967	0.087717774332074	0	-2	0.649587060048115
chr7	63040237	76566672	0.820665922886336	3.5324421226295	4	1	0.688579688959314
chr7	76566673	91682044	0.637322702780967	3.11087990895711	3	1	0.658142908255234
chr7	92805029	92834147	7.68241751297765	410.835634957943	411	2	0.999972123593342
chr7	129931256	142065587	0.753908536581114	3.37271061242724	3	1	0.707078059791454
chr7	142065627	142094610	-4.22249904665185	0.10713493882439	0	-2	0.64164250963415
chr7	142094659	159334947	0.732323322650224	3.32262464694882	3	1	0.705471446250388
chr8	3142702	5924694	-0.707234769881867	1.22498597361676	1	-1	0.775101480986878
chr8	11996472	16955528	-0.603054341014285	1.31671732522796	1	-1	0.599860327706307
chr8	16955529	21665389	-0.56529035837189	1.35163877336301	1	-1	0.524281910659752
chr8	23449819	25151716	-0.601002141847917	1.31859165688885	1	-1	0.595847284267235
chr8	30946372	32130916	-0.737718976643464	1.19937351766233	1	-1	0.813106746851175
chr8	39375698	39527152	8.70951453606531	837.249927665924	837	2	0.999995558893877
chr8	43932108	43982107	-1.82638200142776	0.563941726655376	1	-1	0.69993879070633
chr8	51380162	60778394	0.81198315826456	3.51124620060789	4	1	0.693184902241923
chr8	60780950	60967920	1.58288160774303	5.9913520476466	6	2	0.921468011579925
chr8	60968121	119047167	0.828585125601691	3.55188562422603	4	1	0.683740999164185
chr8	119047168	134061213	1.07020768545604	4.19947123253178	4	2	0.594973061174686
chr8	134061214	142264862	0.530236233152869	2.88833130023946	3	1	0.522123935631942
chr9	21956243	21974385	1.63299200670652	6.20311128216388	6	2	0.924811560396223
chr9	36840509	37034074	7.11339100194298	276.932584075528	277	2	0.9999273896387
chr9	60521462	60686461	-0.837176054932841	1.11947626841243	1	-1	0.896515817141653
chr9	83477988	88554738	0.512352352898802	2.8527480832161	3	1	0.490885267955596
chr10	39551403	39636402	-1.61832109766759	0.65142857142857	1	-1	0.864622833004629
chr10	50296778	59857930	-0.643696325511627	1.28014184397163	1	-1	0.675673683025371
chr10	59857931	64250365	-0.563803518290364	1.35303248900295	1	-1	0.521256821482695
chr10	64250366	67579921	-0.603054341014285	1.31671732522796	1	-1	0.599860327706307
chr10	81099339	85579580	-0.643696325511627	1.28014184397163	1	-1	0.675673683025371
chr10	87864277	87964934	6.66892302601142	203.505366066279	204	2	0.999851151301794
chr10	87965008	90876100	-0.598549067971952	1.32083561987363	1	-1	0.591031979801448
chr10	104514862	109686229	-0.690517182264625	1.23926336492043	1	-1	0.751536306285321
chr11	14952499	16688088	-0.690253580025095	1.2394898177985	1	-1	0.75114935063592
chr11	18837479	21925358	-0.603054341014283	1.31671732522796	1	-1	0.599860327706303
chr11	21925359	24497397	0.518640919786354	2.86521007427498	3	1	0.502114748750239
chr11	25783889	32174712	0.672580101599138	3.18784194528873	3	1	0.68339502758604
chr11	32174713	37401649	1.07265437197139	4.20659921651398	4	2	0.601928734650759
chr11	42283942	44360263	1.05002853490424	4.14114160173318	4	2	0.535624062648748
chr11	50760524	50820523	1.49858745818009	5.65131833755077	6	2	0.915288448598874
chr11	54525524	54585523	-1.34142744298402	0.789260009390273	1	-1	0.939644090741509
chr11	66459056	78255759	0.782615481333693	3.44049341230398	3	1	0.703702940993428
chr11	78255760	90869202	0.642926701160931	3.12298729714654	3	1	0.662780932140614
chr11	90869403	107334964	1.02497688159875	4.06985355070457	4	2	0.459717274805076
chr11	124069292	124093942	1.16467941382064	4.48366787029637	4	2	0.797381137394289
chr11	127779664	135071987	1.00210970809463	4.00585363182202	4	2	0.392087162327905
chr12	9480523	11921912	-0.605211523363242	1.31474998160797	1	-1	0.604062932446223
chr12	47904865	48233558	1.24090142257916	4.72692319236876	5	2	0.865663447218285
chr12	64561653	64611410	6.88825421060763	236.919676418209	237	2	0.999895206495274
chr12	111403225	111439011	6.98109569196106	252.6673942688	253	2	0.999909846515511
chr12	125594310	129646547	-0.602793704884504	1.31695522381323	1	-1	0.599351454769169
chr13	18171403	18409024	0.550799092028727	2.92979372127277	3	1	0.555222131886881
chr13	33956491	40974255	-0.552407356744518	1.36376271095489	1	-1	0.498036392088251
chr13	40976205	41017372	6.5785159469217	191.143979117353	191	2	0.999828304688166
chr13	47007061	48304121	-0.5689187438924	1.34824366597416	1	-1	0.53165605486783
chr13	48304140	48479697	6.38673164456092	167.350800825719	167	2	0.999768396754445
chr13	48479702	52530388	-0.566183776171166	1.35080200310124	1	-1	0.526098782557871
chr13	52577487	57139746	-0.702590014565199	1.22893617021276	1	-1	0.768747652778092
chr13	57141246	57173577	1.59094996316438	6.02495290012356	6	2	0.922018975292309
chr13	57173778	94296697	-0.647448460372737	1.27681680022105	1	-1	0.682252985864316
chr13	103116466	110121265	-0.661948030067852	1.26404863221884	1	-1	0.70689662662883
chr14	35654227	35761049	0.743971552499237	3.34955990173894	3	1	0.706767632541784
chr14	105721775	106880139	-0.670881154837861	1.25624586288415	1	-1	0.721430401406342
chr15	19780202	22564583	-0.979970143948296	1.0139804635316	1	-1	0.943771441365882
chr15	34381719	39542898	-0.625483430048584	1.29640507185024	1	-1	0.642655103986248
chr15	45896336	49949420	-0.54720996796272	1.36868460201617	1	-1	0.487445571054605
chr15	52963686	55082325	-0.681980425585154	1.24661810821309	1	-1	0.738764917238555
chr15	86066003	87921805	-0.661948030067852	1.26404863221884	1	-1	0.70689662662883
chr15	92832588	92915320	6.09169803011748	136.399829438602	136	2	0.999636460195869
chr15	93596896	97290373	-0.682376793675686	1.24627565762317	1	-1	0.739368803128893
chr16	3298976	4238327	-2.05237071448068	0.482175176784741	0	-1	0.361005097278325
chr16	16525345	18291000	-0.611987465784286	1.30858944050433	1	-1	0.617151928199503
chr16	58834427	65915899	-0.682376793675686	1.24627565762317	1	-1	0.739368803128893
chr16	75669280	81024847	-0.611987465784291	1.30858944050433	1	-1	0.617151928199512
chr17	10665273	12021059	-0.621670019181633	1.29983633387888	1	-1	0.635531266352788
chr17	12021062	12141397	6.799427182122	222.77247547714	223	2	0.999879108929276
chr17	12141598	15715024	-0.549550373506752	1.36646605957066	1	-1	0.492213551054942
chr17	18422282	18857545	-0.831850621828014	1.1236162374237	1	-1	0.893399186116104
chr17	21878115	22761913	-0.693771929743222	1.23647071449652	1	-1	0.756274975145748
chr17	31095295	31373680	5.85962942767023	116.132618089546	116	2	0.999485928474227
chr17	45410005	46332613	-1.23735383034492	0.848299825139738	1	-1	0.949546476231724
chr17	51287973	55736461	-0.681341899225398	1.24716997446178	1	-1	0.737789873931575
chr17	77934239	83245589	0.88375873149296	3.69035276439294	4	1	0.630946427351586
chr18	743009	4130660	0.750712616216448	3.3652475075591	3	1	0.707059011931058
chr18	51022323	51098732	2.60271961541392	12.1486122331862	12	2	0.969599629428727
chr18	51098733	57338198	-0.637785939217339	1.28539704491458	1	-1	0.665150192951256
chr18	60037114	61749914	-0.73505003199341	1.20159437806979	1	-1	0.810033417283064
chr18	64124101	76042919	-0.718531558434222	1.2154313771335	1	-1	0.789931555355912
chr19	1208034	1226795	4.15841769742365	35.7139969409102	36	2	0.994779910208216
chr19	4828596	4921971	5.23346478499888	75.2419213839344	75	2	0.998737066488891
chr19	27828209	39351381	0.801667497388941	3.4862293829435	3	1	0.697744165505931
chr19	54747401	54851279	-1.8567462692964	0.552196531348941	1	-1	0.662864377823115
chr20	6200249	6230426	1.12412225203989	4.35937784102478	4	2	0.728730605881597
chr20	6230427	17345541	-0.603054341014283	1.31671732522796	1	-1	0.599860327706303
chr21	8666388	9177794	-0.872482923668795	1.09241200697828	1	-1	0.914136090165993
chr21	18771285	28841708	-0.603054341014285	1.31671732522796	1	-1	0.599860327706307
chr22	11344687	12072641	-1.00301122517398	0.997914954494257	1	-1	0.946936028342865
chr22	15915286	16277840	-0.811896646484487	1.13926499032881	1	-1	0.880520495893766
chr22	16307841	16332840	7.06118997434673	267.091448278844	267	2	0.999920895084936
chr22	23786710	23831850	4.91486431774186	60.3325358911973	60	2	0.998044828776757
chr22	41160869	41168971	2.62357423561909	12.3254997277521	12	2	0.970236771287134
chrX	2782340	57609691	1.20430058104332	4.60851063829785	5	2	0.840620383815744
chrX	57609692	57644691	-1.80001802515412	0.574342001576042	1	-1	0.72918085640428
chrX	57644692	58550623	1.27390197093368	4.83629407289772	5	2	0.88031470820639
chrX	62465624	156027976	1.88654236281297	7.3949600980771	7	2	0.939772457587179
