Chromosome	Start	End	Segment	CNF	CN	Call	ProbCall
chr2	88446786	92135200	2.66090263642023	12.6485722189866	13	2	0.999999999999999
chr6	23596761	28944537	0.639990943918343	3.1166387548237	3	1	0.885285770502311
chr14	18257823	20784293	-0.716894165157976	1.21681161959246	1	-1	0.737817682250999
chr14	20801227	22320691	2.18447263613855	9.09121196977272	9	2	0.99999999999979
chr14	101442075	106879812	1.0003100379284	4.00085970003603	4	2	0.957185401085714
chr17	39927741	41397592	0.690296463549491	3.22723014154966	3	1	0.86727198616157
chr19	53632055	53766632	-3.68117781598046	0.155913978494624	0	-2	0.996367514766819
chr21	30089716	31038476	2.48483074814005	11.1953734462529	11	2	0.999999999999992
chrX	102937271	156027877	0.742470218617036	3.34607601087275	3	1	0.814399676523254
