Chromosome	Start	End	Segment	CNF	CN	Call	ProbCall
chr1	28643227	44151753	0.441655524655197	2.71632390925785	3	1	0.606940358434251
chr1	228628147	228648032	-3.56777703745605	0.168663881082682	0	-2	0.999999999455384
chr2	89213422	92135200	0.578805479321482	2.98722411528187	3	1	0.883075751217293
chr3	167959283	198228376	0.914843070456837	3.77072795941106	4	2	0.821596781893124
chr4	113419839	113860436	0.495157989465009	2.81895019648298	3	1	0.762307482364191
chr4	160477985	190196190	-0.550823669145448	1.36526057425166	1	-1	0.539690492292558
chr5	10202	46416170	0.684790901339603	3.21493796848198	3	1	0.876775338365632
chr6	18273467	58438364	0.448442072611089	2.72913180599221	3	1	0.630098875801183
chr8	64090	7298024	-1.2427895530361	0.845109652174892	1	-1	0.982548686541457
chr8	13909230	42152763	-1.16659731695213	0.890941544278235	1	-1	0.985909431621273
chr8	42152945	43974791	0.47692835083046	2.78355453939161	3	1	0.716662764323858
chr8	118982578	145066685	0.488185247824	2.80535869745657	3	1	0.745760078027717
chr9	12133	43206105	-1.11028987682138	0.926401903754292	1	-1	0.987639176098478
chr11	56526567	57045390	0.477784438033429	2.78520677531913	3	1	0.718979403557042
chr12	12309	34710158	0.980379218499761	3.94596789603569	4	2	0.940186649137878
chr14	106714683	106879812	0.664729827018417	3.17054274444255	3	1	0.891348111235791
chr17	22221220	22746903	-0.919472711115754	1.05740443942818	1	-1	0.988486376732719
chr19	27243626	36498159	1.40559342549729	5.29853464607347	5	2	0.999553295447759
chr19	36510694	44931386	-0.561173746227898	1.35550107166039	1	-1	0.574471072749285
chr20	12761456	26371726	0.961098106067069	3.89358225879256	4	2	0.915894300777794
chr20	30099564	64327972	0.641762360747269	3.12046787807986	3	1	0.899669915802122
chr22	10510202	12806842	-0.622138052197621	1.2994147148733	1	-1	0.759316957768134
chr22	45435863	50801309	-1.22783475106876	0.853915517836589	1	-1	0.983317853743983
chrX	10202	2677429	-0.804257754339605	1.14531325609323	1	-1	0.974050336655724
chrX	30617453	48228959	0.918056686855957	3.77913665217259	4	2	0.830064470019409
chrX	48244893	55408985	0.498488435114936	2.82546522908496	3	1	0.769817264243228
chrX	55408986	58546333	1.0480592695993	4.13549283811666	4	2	0.983378357648931
chrX	62466334	120875929	0.896999437476181	3.72437782714177	4	2	0.769013847767852
chrX	120876551	120986639	-1.4674770905737	0.723228236157096	1	-1	0.959305694575258
chrX	120986840	156027877	1.17951012322698	4.52999708912122	5	2	0.998827128202934
