Chromosome	Start	End	Segment	CNF	CN	Call	ProbCall
chr1	12848210	15835889	-0.508652480031669	1.40575728173497	1	-1	0.594234598832675
chr1	25243523	25390915	-1.75872967103782	0.591016506440304	1	-1	0.637210779707857
chr1	67415046	68557421	0.582588247895113	2.99506694034099	3	1	0.952229955534034
chr1	83937781	84771669	0.478559498891255	2.78670347743356	3	1	0.858746465242998
chr1	121609147	121969146	-1.71532863510583	0.609066375283856	1	-1	0.681465013695444
chr1	145305158	145332269	0.528128955071836	2.8841155276171	3	1	0.922037571433943
chr1	145332830	145352828	-0.713585867756299	1.21960513709442	1	-1	0.88713546369123
chr1	145353430	145359211	0.655778300447394	3.15093130205548	3	1	0.963046864143536
chr1	146070514	146087661	-0.961797012845923	1.02683401107481	1	-1	0.915959832140384
chr1	146088484	146098060	1.8273029850858	7.09746084558491	7	2	0.99982526798234
chr1	148537201	148575421	-0.52376093093697	1.39111247392463	1	-1	0.637654088604987
chr1	149536490	149553108	-1.02069392146915	0.985758450775682	1	-1	0.915712775278896
chr1	167338109	169230896	0.476922363266727	2.78354298693239	3	1	0.855747198761957
chr1	182858118	182883568	0.665815116782867	3.17292873182883	3	1	0.962902403118276
chr1	196747576	196852261	-3.69750406603156	0.154159524718864	0	-2	0.584529862203123
chr1	196852262	197176697	0.398106722175112	2.63555485925315	3	1	0.610391592939894
chr1	199799352	202319322	0.428675348003677	2.69199428656386	3	1	0.730620868019285
chr2	46644479	48325945	0.473176237792919	2.77632456959828	3	1	0.848614760255194
chr2	95848829	95921757	-0.896281073824113	1.07453980467546	1	-1	0.914177289417137
chr2	97183406	97191307	-1.46202072024289	0.725968713385233	1	-1	0.844075757691158
chr2	97504815	97576429	-1.10273195129154	0.931267830718733	1	-1	0.912562476377067
chr2	171655091	171747887	0.474051211887596	2.77800888180442	3	1	0.850314773304977
chr2	180553657	192774747	-0.49672978020663	1.41742285790743	1	-1	0.558067208526742
chr3	5178161	5184814	8.3643355174014	659.091757113269	659	2	1
chr3	93714064	93906186	0.785081203684392	3.44637861661719	3	1	0.92857088078006
chr3	98149921	98660477	0.376265313146046	2.59595488883754	3	1	0.508754011428655
chr3	111375593	114339130	0.423596695200549	2.68253444354795	3	1	0.71283887394619
chr3	128971118	134915962	0.42224393538416	2.6800203127544	3	1	0.707948326513799
chr3	134925662	145950094	-0.526306582679816	1.38866000454684	1	-1	0.644652029296162
chr3	145950095	155919390	0.429265672088061	2.69309602614628	3	1	0.732628262631155
chr3	155922139	156121046	1.19464039430457	4.57775545034332	5	2	0.996495775739311
chr3	156121247	189259266	0.435567171719654	2.70488483784324	3	1	0.753282845190903
chr3	189259267	198228341	-0.48795610497695	1.42606910587122	1	-1	0.530680495643206
chr4	7667021	9211147	0.46904402484547	2.76838390998	3	1	0.840297565912248
chr4	9211195	9272867	-1.17209970751097	0.887549994812185	1	-1	0.907157473263376
chr4	9325132	9341331	1.98598184853346	7.92264329500833	8	2	0.999898974950803
chr4	9344115	9350088	-2.86846556104204	0.273864550623844	0	-2	0.560091904466918
chr4	9459599	9469954	-4.4800673068781	0.0896180219025505	0	-2	0.507495607298056
chr4	9483705	24111807	0.422135899212857	2.67981962703454	3	1	0.707554970212968
chr4	39948765	41943866	0.396517218084037	2.63265270862624	3	1	0.603345413968936
chr4	54723519	54727332	3.0300840706607	16.337146003664	16	2	0.999998165824405
chr4	68517034	68669987	0.997525541142838	3.99314522349299	4	2	0.697006417438377
chr4	190066847	190092527	1.11118681431293	4.32046565940705	4	2	0.972818879231516
chr5	10202	1053514	0.527684965802376	2.8832280778854	3	1	0.921660507978721
chr5	17491204	17675659	1.18882380492759	4.55933622905921	5	2	0.996031435600033
chr5	34178929	34213813	1.62424604161309	6.16562028089943	6	2	0.999655965987224
chr5	57822971	60772167	-0.521323907563309	1.39346434906019	1	-1	0.630863544796321
chr5	62224274	69217974	-0.612395030915384	1.30821981276976	1	-1	0.814903637868534
chr5	72891729	72905396	0.639253655483566	3.11504640537784	3	1	0.962528566887122
chr5	72905398	80321501	-0.504259301833983	1.41004450429619	1	-1	0.581075142915005
chr5	80331635	80360170	2.38467928493227	10.4445561851052	10	2	0.999976257278051
chr5	103005017	103011255	0.560598916075365	2.94976273605881	3	1	0.943308497910889
chr5	103017293	112827226	-0.510867784019597	1.40360035328747	1	-1	0.600786880010856
chr5	112827227	112836688	6.23063995788486	150.189480528905	150	2	0.999999999999892
chr5	112836944	139317807	-0.490721559936474	1.42333813890986	1	-1	0.539368175743347
chr5	139318764	171391965	-0.471992017646488	1.44193684959663	1	-1	0.479935475278089
chr5	171392780	171410525	0.584219279345739	2.99845491261646	3	1	0.952756873632307
chr5	171420163	174995502	-0.533293323631379	1.38195120455306	1	-1	0.663334713726548
chr5	178767282	178968871	0.558035615619339	2.94452641456851	3	1	0.942020486819313
chr5	180948273	181002863	-2.30335308098491	0.405183384405092	0	2	0.491012440188953
chr6	70202	16528649	0.722724645298648	3.30059161860747	3	1	0.955343192345507
chr6	16528650	23350552	0.419471589149883	2.67487521297359	3	1	0.697724833832878
chr6	23350553	25798965	0.683740288009876	3.21259760753818	3	1	0.961795038914706
chr6	29100865	29397118	1.02585876351332	4.07234210672926	4	2	0.812271919111495
chr6	29397123	29725103	0.447187045144305	2.72675871541026	3	1	0.787698830257802
chr6	29725182	29943037	1.34639112333818	5.08550528154484	5	2	0.999157036938258
chr6	29943218	29975406	-2.45841279746913	0.363893251793894	0	-2	0.49939569163737
chr6	30953289	31647921	0.765185500939125	3.3991770327804	3	1	0.940062896313601
chr6	31648671	32244175	0.382855396400347	2.60784006949325	3	1	0.540344488540443
chr6	32255707	32394180	-0.755197057308152	1.18493091050921	1	-1	0.89866618890967
chr6	32394696	32805175	2.50518059524059	11.3544080950262	11	2	0.999984978243115
chr6	33007024	33086681	-0.553259806468046	1.36295713824268	1	-1	0.712139763326647
chr6	33133788	50388870	0.427136107870456	2.68912367575951	3	1	0.725328304104303
chr6	83980101	87209932	-0.521791101557316	1.3930131707053	1	-1	0.632172119388235
chr6	87215880	87233569	0.467596615614889	2.76560787281016	3	1	0.837269181415769
chr6	87243434	89059748	-0.54920146701842	1.366796570536	1	-1	0.702794572039917
chr6	89059949	105853030	-0.519297035332392	1.39542343192539	1	-1	0.625149935525362
chr6	105853231	110887675	-0.491317910172286	1.42274991159647	1	-1	0.541235500725423
chr6	110888893	110893664	0.579350058695724	2.98835192654161	3	1	0.951133193254544
chr6	110893865	137871462	-0.513317925826642	1.40121862935967	1	-1	0.607964084189154
chr6	137871517	137881396	1.23247207465709	4.69938535309741	5	2	0.998189016808411
chr6	137881597	150804849	-0.516293287500667	1.39833178500971	1	-1	0.616576394588191
chr6	150808917	151092651	-1.51241015205336	0.701050291376713	1	-1	0.82268718622895
chr7	32620366	32838546	0.667009473668827	3.17555657641669	3	1	0.962862527900956
chr7	35104644	35162006	-1.05359607509577	0.963531625273327	1	-1	0.914847736771691
chr7	50319018	50400774	7.18199608709927	290.419816461232	290	2	1
chr7	65460112	74682693	-0.51471889833281	1.39985859423156	1	-1	0.612033726634589
chr7	74689010	74711184	0.467513857690001	2.76544923262793	3	1	0.837094190948529
chr7	74714858	77679630	-0.575322378828573	1.34227253044773	1	-1	0.757653701142354
chr7	92813890	92834147	7.76778468905677	435.87924194766	436	2	1
chr7	99649912	99861962	0.434662698755134	2.70318958804703	3	1	0.750405076772887
chr7	103210328	103254793	-0.717440313888172	1.21635106879721	1	-1	0.88846346580982
chr7	118360235	130050540	0.399662401499278	2.63839834971242	3	1	0.617221765720177
chr7	130051161	142400526	0.702670013967609	3.25502813616283	3	1	0.959401411250489
chr8	64084	7247261	-0.466572139949102	1.44736406697017	1	-1	0.462633578137974
chr8	7254144	7362983	0.500529717997133	2.82946583618854	3	1	0.892737412283136
chr8	7372994	7985588	-1.09330193264221	0.937374898584319	1	-1	0.913095891744462
chr8	8015210	30921171	-0.557864937019994	1.35861346998286	1	-1	0.722379078885323
chr8	30921372	37348084	-0.578972989065853	1.33888032400141	1	-1	0.764328261174336
chr8	39375698	39648558	4.9124286147624	60.2307623677887	60	2	0.999999999772864
chr8	60780950	60816090	7.44360689792329	348.160059474267	348	2	1
chr8	94738368	94761889	0.822041771619024	3.53581249826323	4	1	0.895793324188374
chr8	106285956	115928132	0.463888498072433	2.75850863787751	3	1	0.82923016200515
chr8	115928133	127597184	0.729162493935709	3.31535301247143	3	1	0.953665376249052
chr8	127597185	145074357	1.07851339218862	4.22371763988559	4	2	0.939180623083825
chr9	12193	21967405	-0.548452190591346	1.36750661278874	1	-1	0.701036481079597
chr9	21968066	21974385	1.51944576398178	5.73361790135974	6	2	0.999516963788382
chr9	21974406	29869202	-0.556737089570911	1.35967600073342	1	-1	0.719907388181892
chr9	34838268	34895641	0.522046781041634	2.87198214705261	3	1	0.916630552848978
chr9	36840509	37034074	7.02733484188169	260.896692048536	261	2	0.999999999999999
chr9	105521091	105526500	1.37578471281059	5.19018050160376	5	2	0.999236451834497
chr9	133580537	137393277	0.477533373768434	2.78472212330957	3	1	0.85687483018476
chr10	10202	5160353	-0.488725074061816	1.42530920109119	1	-1	0.533100677537164
chr10	5160790	5605760	-0.625204272683736	1.29665594679542	1	-1	0.82975798422472
chr10	37149615	37197457	-1.32315831427129	0.799318112294065	1	-1	0.884421630336008
chr10	46131621	46858209	1.13189873953859	4.38293942347441	4	2	0.984008183282709
chr10	47461414	47997833	1.18350879877561	4.54257016540942	5	2	0.995534177221374
chr10	69693445	70529348	0.425809267152077	2.68665163666862	3	1	0.720698404720006
chr10	87864277	87964934	7.36868227238533	330.540278114228	331	2	1
chr10	94628310	95065033	0.582126210735445	2.99410789451794	3	1	0.952077622137987
chr10	116093686	133422061	-0.492272356175049	1.42180897200768	1	-1	0.544219262129711
chr10	133666043	133778707	1.98598184853346	7.92264329500833	8	2	0.999898974950803
chr11	32615924	32699330	-1.3706856874031	0.773414819036289	1	-1	0.873202895008026
chr11	55304391	55856213	0.605774821321963	3.04359167483173	3	1	0.958280482793131
chr11	57889387	57938388	5.47975449974984	89.2484061486825	89	2	0.999999999990343
chr11	65499035	67332075	0.442711764440918	2.71831333864628	3	1	0.775000274426985
chr11	67332076	69072062	0.775518674736334	3.42361073094764	3	1	0.934523021800193
chr11	69072512	100859581	0.436994342640248	2.70756194069684	3	1	0.757764696241417
chr11	100859586	102363013	0.824423979707302	3.54165572837958	4	1	0.893014602185564
chr11	102363598	111680665	0.485111145695634	2.79938738859891	3	1	0.870062852359955
chr11	122885791	123927605	0.450080664546068	2.7322332749652	3	1	0.795546186911866
chr11	123939543	124207711	0.444512942068305	2.7217092211359	3	1	0.780193913477805
chr11	124215141	135066987	0.464250117494504	2.75920015985533	3	1	0.830032160833217
chr12	9153091	9463785	0.380302420737027	2.60322934804688	3	1	0.528176419472166
chr12	9480523	9593660	-2.25173169231055	0.419943838987265	0	2	0.487295710135626
chr12	11022417	11133533	-0.928505290868199	1.05080480976473	1	-1	0.91534205041754
chr12	43795608	43800432	1.90490731832218	7.48969681059088	7	2	0.999866068744324
chr12	45348028	47507725	-0.612876995708436	1.30778284545085	1	-1	0.815504132141546
chr12	47507726	48865772	0.407821496251323	2.65336196207913	3	1	0.651895827696216
chr12	64566693	64611410	6.6836888841653	205.598921173979	206	2	0.999999999999994
chr12	111403225	111439011	6.90902012449062	240.354520050799	240	2	0.999999999999999
chr13	18171403	18409024	0.631242093183277	3.09779589718089	3	1	0.961923280676245
chr13	20086235	27075449	-0.566055870350138	1.35092176721875	1	-1	0.739626388256982
chr13	27089774	27116660	1.93581599172124	7.65188924365975	8	2	0.999879658625978
chr13	27117610	35091009	-0.542509562429216	1.37315114836432	1	-1	0.68673579892959
chr13	35142238	40959055	-0.546825462366372	1.36904943104135	1	-1	0.697184665294878
chr13	40976205	41017372	6.67540383660919	204.421600227225	204	2	0.999999999999994
chr13	41017573	42369504	-0.50299708362446	1.41127869627392	1	-1	0.577256062615595
chr13	42369705	48304121	-0.547406900160521	1.36849778521595	1	-1	0.698566885435166
chr13	48304140	48479697	6.4486636245232	174.691260525757	175	2	0.999999999999973
chr13	48479702	51367983	-0.605833998928108	1.3141828324993	1	-1	0.806387572286405
chr13	51368906	52228389	-0.508158482782798	1.40623871344178	1	-1	0.592765622177773
chr13	52229215	52279999	3.44893355250472	21.8404935358605	22	2	0.999999698322083
chr13	52280200	52577286	-0.631213179903605	1.29126653214199	1	-1	0.835977601428295
chr13	52577487	75299741	-0.499934959579455	1.41427732021216	1	-1	0.567925566713766
chr13	75302095	75310247	1.15953753785365	4.46771617694558	4	2	0.992085708902462
chr13	75312651	114346545	-0.519339252352368	1.39538259879344	1	-1	0.625269540158623
chr14	18228380	19474470	-0.578426919059969	1.33938719534328	1	-1	0.763345049547255
chr14	19474471	19996793	0.470648369628695	2.77146419557057	3	1	0.843583958222274
chr14	20002108	35404656	-0.521926445151475	1.39288249404764	1	-1	0.632550610448375
chr14	35654227	35760891	0.619195937854968	3.07203773610488	3	1	0.960544396876379
chr14	35760919	68007406	-0.546510961109429	1.36934791040742	1	-1	0.696434486649484
chr14	105228981	106005313	0.52579518230012	2.87945381537502	3	1	0.920025057198463
chr15	20837148	21496999	-0.704962682551719	1.22691671286496	1	-1	0.88392394999922
chr15	67894037	92816759	-0.552886732466529	1.36330963798133	1	-1	0.711293217868312
chr15	92832588	92915320	5.94678477320064	123.364610010573	123	2	0.999999999999386
chr15	92924286	101715028	-0.546582716039995	1.3692798052168	1	-1	0.69660579977374
chr16	20488316	20535464	3.50990043249522	22.7832306921028	23	2	0.999999770194403
chr16	31884406	31916172	0.973188216941873	3.92634846144168	4	2	0.579850410362901
chr16	70174267	70818610	-0.565106753860519	1.35181080054938	1	-1	0.737691188246527
chr16	70991293	74354001	-0.53578510336463	1.37956639983203	1	-1	0.669804629734399
chr16	74360587	74421281	0.582159747510362	2.99417749612244	3	1	0.952088725197856
chr16	74421482	78552537	-0.566615785519455	1.35039757131699	1	-1	0.740760257064781
chr16	78552738	90106388	-0.497196630156378	1.41696426013224	1	-1	0.559508611532806
chr17	62040	3154905	-0.562981505347163	1.3538036340492	1	-1	0.733297768782311
chr17	3155106	7669912	-0.526863073584536	1.38812445987667	1	-1	0.646168547981114
chr17	7670087	7673445	2.97534455854409	15.7288856545281	16	2	0.999997697113843
chr17	7673480	10357945	-0.54033158963887	1.37522569935584	1	-1	0.681337818580632
chr17	10539939	12024635	-0.488934387572982	1.42510242500623	1	-1	0.533758875742398
chr17	12024637	12141397	6.83258774113066	227.952234512176	228	2	0.999999999999998
chr17	12141598	18440517	-0.522526476567079	1.39230330062712	1	-1	0.634225367995951
chr17	18441337	18877845	-0.690319628906372	1.23943307327556	1	-1	0.877607128401263
chr17	19242560	22751913	-0.558836549356584	1.35769879213018	1	-1	0.724489599891561
chr17	26951914	31094507	-0.576419085851236	1.34125255027992	1	-1	0.759684007548521
chr17	31095295	31373680	6.03493400251522	131.137274209104	131	2	0.99999999999964
chr17	31373685	37621515	-0.543349079335131	1.37235233210144	1	-1	0.688794217459027
chr17	37624320	38195978	-0.896279639742833	1.07454087280014	1	-1	0.914177224189369
chr17	38196291	42752902	-0.542132769485897	1.37350982515924	1	-1	0.685807894530791
chr17	62139867	64973572	0.420971185321843	2.67765703307981	3	1	0.703288249719059
chr17	64973773	83240389	0.456891729203871	2.74516283690457	3	1	0.812921679017198
chr18	10202	11106482	-0.540740817420052	1.37483566491656	1	-1	0.682358401553924
chr18	50895670	51078532	1.77528771071104	6.84612536382666	7	2	0.999791628095535
chr19	60571	1208030	-0.517685534180095	1.39698300119999	1	-1	0.620565732561279
chr19	1208034	1226795	4.4908874098345	44.9698887495862	45	2	0.999999997924295
chr19	4885131	4921971	5.91141654170186	120.37704873225	120	2	0.999999999999239
chr19	34685782	43802457	-0.511184358002106	1.40329239173426	1	-1	0.601718408550605
chr19	44328919	51809933	-0.529532289102093	1.3855585829945	1	-1	0.65337496130967
chr19	53678913	54360208	-0.601840279799945	1.31782583963833	1	-1	0.800883213554941
chr19	54360907	54634867	-0.475723840220874	1.43821180810113	1	-1	0.491850331323202
chr19	54818359	54855942	-2.08117570144465	0.472643493055444	0	2	0.438730595711732
chr19	54865686	54885596	1.98598184853346	7.92264329500833	8	2	0.999898974950803
chr19	54885621	58599432	-0.48689512756252	1.42711824207571	1	-1	0.527336030422712
chr20	87618	1578722	-0.564541023129692	1.35234099636672	1	-1	0.736529806356477
chr20	1588394	1611704	1.57552676424692	5.96088592457999	6	2	0.999596829526308
chr20	1619711	6199805	-0.549895304132278	1.36613939340872	1	-1	0.704413513830394
chr20	6200249	6214618	2.56506220379923	11.8356103717592	12	2	0.999988076122271
chr20	6215029	23791056	-0.554184796742919	1.36208355235667	1	-1	0.714227678259054
chr20	30100650	61764038	0.494838437327928	2.81832587756652	3	1	0.884972779880408
chr20	61772899	64327990	0.739801456432116	3.33989201043228	3	1	0.950441069553594
chr21	35670336	38400731	0.50893851976812	2.84600563778333	3	1	0.903039270684417
chr22	10510202	11972641	-0.806246149001661	1.14373581522559	1	-1	0.907031703080931
chr22	15166952	17524996	-0.467863207923793	1.44606940006864	1	-1	0.466752439962025
chr22	18202302	18892950	0.954198000229357	3.87500453882717	4	1	0.512194544379421
chr22	23786710	23831850	5.41696446509496	85.4473867373362	85	2	0.999999999986163
chr22	23941098	23983664	0.848376736118997	3.60094792482739	4	1	0.859138190705144
chr22	41160869	41173780	0.856107967291354	3.62029677435312	4	1	0.845538641628021
chrX	2794523	3843428	0.411513845063856	2.6601615180653	3	1	0.666909501900473
chrX	3854827	3931802	5.9032895955731	119.700850734429	120	2	0.999999999999201
chrX	3932003	35604958	0.478073554848525	2.78576498809528	3	1	0.857863550051816
chrX	35604959	37447569	0.625260744171984	3.08497916132795	3	1	0.961311474616044
chrX	37453123	44876881	0.439852347421792	2.71293098585086	3	1	0.766523654260645
chrX	44877054	45111334	7.34046074675253	324.137189702966	324	2	1
chrX	45111353	51016859	0.425593995827451	2.68625077862687	3	1	0.719941335856885
chrX	51030594	51163839	0.706933019445824	3.26466061143884	3	1	0.958677239498481
chrX	51164040	58550623	0.410795973947725	2.65883817665893	3	1	0.664025137183393
chrX	62470624	77522392	0.614278645126338	3.06158480341289	3	1	0.959808652146577
chrX	77523223	77717095	7.55998088991207	377.40792040901	377	2	1
chrX	77717102	102514356	0.56613893368703	2.9611117417529	3	1	0.945901898518991
chrX	102514940	104024506	0.583148782006178	2.99623084769574	3	1	0.952412936229679
chrX	104039861	111972759	0.53970798038379	2.90735648956861	3	1	0.930968528444413
chrX	111972760	124364504	1.13038839818537	4.37835337401969	4	2	0.983374701999016
chrX	124365706	155685512	1.15380151949286	4.44998822773661	4	2	0.990862296437809
