Chromosome	Start	End	Segment	CNF	CN	Call	ProbCall
chr2	88931665	92135200	2.29213679002673	9.79561987295653	10	2	0.999999999999991
chr2	209182219	242175634	0.395724609029908	2.63120674033921	3	1	0.475937212431466
chr6	60281443	170745977	-0.687282094943369	1.24204539678578	1	-1	0.925900327471404
chr9	12133	33605293	-0.728064777466886	1.20742637644046	1	-1	0.938557238668887
chr14	18257823	104115581	-0.516917113298059	1.39772727272727	1	-1	0.765034168885442
chr14	104117404	106324760	1.92213788349887	7.57968494764033	8	2	0.999999996728518
chr17	39057018	41425049	1.23129058868914	4.6955383966564	5	2	0.979139923429242
chr19	51563796	58599801	-0.444157514271908	1.47002682925483	1	-1	0.499581147632975
chr21	5011798	8227646	-0.902940067623288	1.06959151988828	1	-1	0.968005972043891
