Chromosome	Start	End	Segment	CNF	CN	Call	ProbCall
chr1	11857463	13555694	-1.46396127711782	0.72499287546309	1	-2	0.510471482934969
chr2	88931665	92135200	-1.32095526549253	0.800539633082366	1	-1	0.758416916414392
chr2	113669165	204507672	0.611982886956709	3.05671678297575	3	1	0.922566641703338
chr3	164001605	198228376	1.00500411340611	4.01389843843226	4	2	0.980236910893013
chr6	95123	28732904	0.865097038954849	3.64292435751813	4	1	0.992226565437299
chr6	28733105	33418317	-1.45469037718515	0.729666752149864	1	-1	0.5114410857822
chr7	142299176	146100566	-2.40650000476432	0.377225731750246	0	-2	0.999999947203964
chr8	64090	8049267	-0.980291728889219	1.01375446670047	1	-1	0.926266883635148
chr8	35796751	43974791	0.977575844473498	3.93830773019142	4	2	0.932689836114104
chr8	45974792	145066685	0.534423056648636	2.89672565757401	3	1	0.820353895501627
chr11	54591479	56376553	-0.992038213307918	1.00553394601899	1	-1	0.925362947088436
chr11	72478220	111347824	0.786829184732075	3.45055680763892	3	1	0.986683778737602
chr13	90281883	114346637	0.546053906656315	2.92017313226045	3	1	0.841223052835224
chr14	18257823	22552154	-2.45470701643229	0.364829168312702	0	-2	0.999999985177461
chr14	99964528	106879812	-2.02940213904579	0.489913129493799	0	-2	0.999729486672933
chr19	51371605	58599801	-0.752892118672114	1.18682554234951	1	-1	0.873196304843706
chr21	30319123	31628600	-2.37511695230156	0.385521452727701	0	-2	0.999999881882854
