Chromosome	Start	End	Segment	CNF	CN	Call	ProbCall
chr1	228106678	228651379	0.981796205098223	3.94984545174956	4	2	0.986860665298989
chr2	88931665	90295570	2.46121483800375	11.0136047744842	11	2	0.999885543342476
chr5	16941842	17649643	2.01861567816735	8.10389610389612	8	2	0.999675582589215
chr6	26017084	27893843	0.5031866437072	2.83468149646106	3	1	0.785928297844474
chr7	142300923	142529762	3.00821789831696	16.0913994770882	16	2	0.999967625791701
chr7	142535808	142789040	-3.86881672527515	0.13689894888858	0	-2	0.999471389422667
chr10	133374735	133778699	-3.96504603501845	0.128065516365802	0	-2	0.999600888873781
chr14	21384291	22320691	1.83207067090961	7.12095467987505	7	2	0.999494042559628
chr14	22332921	22537680	-1.27204433915585	0.828145209092239	1	-1	0.662480444263693
chr14	103208099	106666532	1.03594638600123	4.10091654885387	4	2	0.994946517204024
chr14	106671771	106695397	-4.70138638091503	0.0768726183541623	0	-2	0.999954846075828
chr14	106703845	106879812	2.40341570838204	10.5810853108882	11	2	0.999868994926699
chr19	51394487	53766632	-1.62140517448289	0.650037487500249	1	-2	0.529341471986087
chr21	30165563	32625096	0.552791856552471	2.93384338035083	3	1	0.819761779978822
chr22	15166843	17070675	-0.451106753986365	1.46296296296296	1	2	0.488349354288991
chr22	17080700	25437823	0.399406027008267	2.63792953411601	3	1	0.461911907424368
chrX	135396428	136816574	-0.618693739622363	1.30252066389038	1	-1	0.519472735037993
