Chromosome	Start	End	Segment	CNF	CN	Call	ProbCall
chr1	1709397	1713649	1.34734245547024	5.08885983667785	5	2	0.98132644363535
chr1	70594431	70744430	-0.87161229231894	1.09307145000005	1	-1	0.876347345609432
chr1	97899100	98096377	-0.793549122532569	1.15384615384616	1	-1	0.852601305008436
chr1	99322261	99442260	-0.907787714431286	1.06600358177805	1	-1	0.882152756090582
chr1	103248479	103547108	-0.777607578663545	1.16666666666667	1	-1	0.844856979836646
chr1	109681709	109700399	-3.3971800622179	0.189835266480963	0	-2	0.674380530082719
chr1	121468060	121974146	-1.19273030079387	0.874948313544809	1	-1	0.861570237797376
chr1	143189147	143274146	-2.91880639776723	0.26447322946655	0	-2	0.627130630171334
chr1	143274147	144919903	0.432071979713139	2.69833969232915	3	1	0.551605792711582
chr1	146088484	146124906	0.836434458455074	3.57126318721645	4	1	0.853874498773312
chr1	158808424	158829277	1.06558834162758	4.18604651162792	4	2	0.784917872993291
chr1	164115711	164235710	-0.728223335367191	1.20729368279032	1	-1	0.810049182830594
chr2	94520621	94560620	-2.63770720345343	0.321366799495075	0	-2	0.591401716574352
chr2	95839320	95960527	-0.885117914300025	1.08288653546493	1	-1	0.878806286544733
chr2	98085817	98568671	0.67896575377231	3.20198323408198	3	1	0.923637394395209
chr2	114032655	114217654	-0.597897556048652	1.32143223555967	1	-1	0.554124729349818
chr2	131971647	132121646	-0.718426742439711	1.21551968496913	1	-1	0.800509381334541
chr2	137301263	137331262	-4.49663558906268	0.0885947126308664	0	-2	0.727122080346084
chr2	155220540	155320539	-0.744000385417031	1.19416286805307	1	-1	0.823333058678485
chr2	180038657	180208656	-0.861233012235541	1.10096376512636	1	-1	0.874193276364385
chr3	5178161	5184814	8.31647922011389	637.587360783621	638	2	0.999999999558785
chr3	75376602	75594964	1.10132118744329	4.29102167182663	4	2	0.868815333976665
chr3	75937916	76462915	-0.559427408614013	1.35714285714286	1	-1	0.422976366291979
chr3	156019674	156047434	7.02544454717436	260.555075370331	261	2	0.999999970272332
chr3	168577209	168607208	-1.19870183942979	0.871334251451865	1	-1	0.859800355316544
chr4	4054390	4157180	1.1395728930374	4.40631578947369	4	2	0.924071447534227
chr4	9160776	9364635	1.67750667519118	6.39749305095862	6	2	0.989265640932779
chr4	51795751	51835750	-1.98073715486861	0.506720761308987	1	2	0.505416204231822
chr4	67017089	67237088	-0.867089722517435	1.09650339392349	1	-1	0.875438363858955
chr4	70123001	72837882	1.0028568255972	4.00792865000016	4	2	0.569005240561126
chr4	116817281	118025629	-0.604071323668859	1.31578947368421	1	-1	0.573546479463368
chr4	190066847	190201387	1.12231725317666	4.35392710368153	4	2	0.903042144969099
chr5	50111303	50311302	-0.787081079196744	1.15903081275493	1	-1	0.849618381258268
chr5	67451839	67761838	-0.586563716740325	1.33185431642406	1	-1	0.516968896934969
chr5	80326702	80360170	1.92515010825363	7.59552721916896	8	2	0.992978812618842
chr5	112827041	112849346	5.36590982247483	82.476420894232	82	2	0.99999648364014
chr5	180881472	181002863	-1.27992184281426	0.823635636052493	1	-1	0.827645939943586
chr6	29761660	29817499	-2.2109786174253	0.431975496078744	0	-2	0.525119574406332
chr6	29817500	29960784	1.49941687913685	5.65456827560686	6	2	0.985589357439972
chr6	30249358	30263641	-2.42692420948261	0.371922978691019	0	-2	0.560594919267046
chr6	31166958	31312275	0.541230003864879	2.91042532929701	3	1	0.835256100735182
chr6	31312276	31356454	-2.61024190916951	0.327543424317619	0	-2	0.58758345962026
chr6	32442878	32810175	7.39745777466611	337.199310174921	337	2	0.999999990760511
chr6	92376973	92506972	0.41724105004024	2.6707428054508	3	1	0.496661645632934
chr6	94334679	94604406	-0.589743228670853	1.3289223150723	1	-1	0.527568743864818
chr6	102643810	102723809	0.944550313673569	3.84917780126449	4	1	0.626007544594581
chr6	103278810	103328809	1.74145998577984	6.68746754924632	7	2	0.990364114664256
chr6	110888893	110893664	1.08275584801534	4.23615637951744	4	2	0.829438141813991
chr6	137871517	137891596	1.62355774603374	6.16267942583735	6	2	0.988252964347123
chr7	11877288	11982287	-0.925999418556221	1.05263157894737	1	-1	0.884208394191782
chr7	14822997	14951566	-0.681234944375103	1.24726243740007	1	-1	0.75284553173888
chr7	19235742	19390741	-0.678071905112635	1.25	1	-1	0.747802324026787
chr7	50299370	50400774	6.98075353509993	252.607477495531	253	2	0.999999965874859
chr7	54351736	54396735	-1.67807190511263	0.625000000000003	1	2	0.397214042352933
chr7	60880237	61095236	0.516067850103696	2.86010448058323	3	1	0.791878161546751
chr7	61095237	61120236	-1.35965259600241	0.77935222672065	1	-1	0.777219725156508
chr7	61120237	61150236	2.00135780609799	8.00753281998494	8	2	0.993860097744601
chr7	61150237	61600236	-4.26437888449484	0.104069636719879	0	-2	0.721741495360494
chr7	61600237	61730236	1.32584570237676	5.01359584418651	5	2	0.980448997254851
chr7	62400237	62585236	-0.745526311152473	1.19290048031602	1	-1	0.824495822513526
chr7	63085237	65435111	0.939536574589919	3.83582412822181	4	1	0.641925313235345
chr7	65435112	67515382	0.534767410764894	2.8974171539961	3	1	0.825262991036366
chr7	92813890	92844347	7.6166641104684	392.531360739249	393	2	0.999999995436953
chr7	104520331	104590330	-0.621649093886259	1.29985518724408	1	-1	0.625060313197286
chr7	109575838	109850837	-0.668018240448712	1.25874125874126	1	-1	0.730582262598895
chr8	7257550	7774055	0.581990325574028	2.99382589751711	3	1	0.882759323965254
chr8	12110800	12173330	1.41972039544787	5.3506731201713	5	2	0.983581222675416
chr8	21535390	22471701	1.53753903591119	5.80597772068014	6	2	0.986460300443349
chr8	36971181	39365131	0.60698880705116	3.04615384615386	3	1	0.901135901989013
chr8	39365132	39712132	2.2129937233342	9.27272727272728	9	2	0.995805065905801
chr8	39712133	43982107	0.667283472597447	3.17615974042958	3	1	0.922419845501549
chr8	45932108	47812598	0.907811799237175	3.75239525100529	4	1	0.729994096508113
chr8	60780950	60816090	7.45096883217043	349.941227522537	350	2	0.999999992213254
chr8	69128525	74414686	0.74699932081218	3.35659696821673	3	1	0.915124527726643
chr8	92308153	92391709	-0.874469117916138	1.09090909090909	1	-1	0.876898798417538
chr8	114595978	114700977	-0.999999999999998	1	1	-1	0.887636808771474
chr9	3942496	3987495	-0.874469117916136	1.09090909090909	1	-1	0.876898798417537
chr9	21968066	21974385	1.85397389527013	7.22989099214161	7	2	0.992053528160263
chr9	23327189	23377188	0.529208343112667	2.88627415752502	3	1	0.81605028471762
chr9	28594400	28949202	-0.569135355354064	1.34804125098025	1	-1	0.457075739441588
chr9	36823880	37034074	6.65223776875513	201.165315337636	201	2	0.999999907414955
chr9	37462907	37477773	6.79933775029423	222.75866636877	223	2	0.999999940576356
chr9	42689078	42730776	-3.03654824527213	0.243746220641553	0	-2	0.640306894291921
chr9	64920626	65070625	-1.70401310420089	0.613862266135364	1	2	0.419423498388244
chr10	10202	11190839	0.53356599585036	2.89500531291271	3	1	0.823321131955948
chr10	11190840	25854527	0.706339588475067	3.26331801839909	3	1	0.923388863262183
chr10	25854528	27933019	0.49376048066513	2.81622085996306	3	1	0.742577598884014
chr10	38842723	38901402	1.57897617988812	5.97515517278364	6	2	0.987352409080257
chr10	39381403	39426402	1.44745897697122	5.45454545454545	5	2	0.984314290872276
chr10	39426403	39636402	-1.06413006078736	0.956521922540566	1	-1	0.884827162025043
chr10	87864277	87964934	7.21104452494186	296.326640741269	296	2	0.999999983330605
chr10	88319922	88477959	-0.992750215152441	1.00503781525921	1	-1	0.887623415669621
chr10	115431543	115489601	-1.26303440583379	0.833333333333336	1	-1	0.835705372064108
chr10	133664925	133783907	2.17029140481924	9.00228603349034	9	2	0.995465414201435
chr11	54525524	54590523	-1.31504170930212	0.803827751196174	1	-1	0.808143246852723
chr11	56046635	56071505	1.67069237474704	6.36734693877551	6	2	0.989142206649974
chr11	56506313	56537580	0.860891412349794	3.63232026593537	4	1	0.821462837824634
chr11	85008508	85121983	-1.13750352374993	0.909090909090912	1	-1	0.874787489046248
chr11	87616631	87851630	-0.68182403997374	1.24675324675325	1	-1	0.753765698771565
chr11	99618607	99723606	-0.999999999999998	1	1	-1	0.887636808771474
chr11	105505052	105595051	-0.805717356041168	1.14415510709472	1	-1	0.857686146786507
chr11	124064292	124093942	1.71049338280502	6.54545454545457	7	2	0.989845532272758
chr12	9480523	9593660	-2.63676188883811	0.32157744157429	0	-2	0.591271270333538
chr12	10998148	11169481	-1.04843076962629	0.966987556830459	1	-1	0.886004978689912
chr12	44226628	44493911	-0.646363045385298	1.27777777777778	1	-1	0.686852480630425
chr12	62381448	64319047	0.617383978413539	3.06818181818183	3	1	0.9068873835198
chr12	64319248	75208006	1.33198175955129	5.03496503496505	5	2	0.980716455304249
chr12	75521858	75631857	-1.14942689472712	0.901608552146299	1	-1	0.872385342792706
chr12	77399856	77469855	0.759476351402216	3.38575211502113	3	1	0.910559527203915
chr12	111403225	111439011	6.84361904227103	229.701909927012	230	2	0.999999948059458
chr13	18171403	18507492	0.860513183783514	3.63136811237982	4	1	0.822034441898805
chr13	40976205	41017372	7.08438008705944	271.419410277447	271	2	0.99999997523692
chr13	48304140	48485369	6.86523016517664	233.168673776256	233	2	0.999999951370661
chr13	57141246	57173577	2.11206204141572	8.64617502698174	9	2	0.994961586476792
chr13	94248181	95274523	0.451947106381414	2.73577030424837	3	1	0.621023741557915
chr14	19484471	19936674	1.16715013429153	4.49135305735407	4	2	0.94725872754941
chr14	35654227	35760891	0.830787616522728	3.55731225296443	4	1	0.860153131158374
chr14	41112428	41232427	-0.665074300846161	1.26131244777379	1	-1	0.725183443348004
chr14	62802433	62837951	-1.36210403900405	0.778029067477797	1	-1	0.775297247305147
chr14	106012257	106117042	-1.32612186620852	0.797677856142332	1	-1	0.801147325619961
chr15	19780202	22573064	-0.645333632929264	1.27868984145875	1	-1	0.68453537768297
chr15	24127547	24572546	-1.1360715682568	0.909993680599442	1	-1	0.875060392438073
chr15	34410481	34531436	-1.09720236747243	0.934844057564079	1	-1	0.881261618362022
chr15	87349189	87384188	-3.16992500144231	0.222222222222223	0	-2	0.653992184928979
chr15	92821760	92915320	6.32755958403002	160.625772673311	161	2	0.999999758495537
chr15	97270374	97295373	8.21945947268812	596.120209059236	596	2	0.999999999385354
chr16	32131624	32848058	-0.917623062659502	1.05876098445758	1	-1	0.88332879341467
chr17	12024637	12146597	7.22718331006927	299.660124871151	300	2	0.999999984155127
chr17	19024616	19237559	0.744008981033387	3.34964680211628	3	1	0.916068674764308
chr17	21788115	21858114	-0.941766734414538	1.04118993135012	1	-1	0.885575308466432
chr17	21858115	21903114	1.27753397552892	4.84848484848489	5	2	0.977500738221796
chr17	21903115	22085727	-1.33723876898134	0.791554851082413	1	-1	0.793687459945096
chr17	31095295	31374064	6.23283490075706	150.418155488627	150	2	0.999999682200164
chr17	46337327	46724183	0.623448132790504	3.08110560744303	3	1	0.909792270620025
chr17	64967040	64973572	4.07673900459916	33.7482082653968	34	2	0.999912714388624
chr18	51047024	51083732	4.50487614467516	45.4080489514695	45	2	0.999968478098986
chr19	1208034	1226795	4.82205870582974	56.5736640243487	57	2	0.999985628320155
chr19	4885131	4921971	5.38164054179057	83.3806400637341	83	2	0.999996627830201
chr19	24423209	24448208	-8.35184172574518	0.00612174333646348	0	2	0.652207903453971
chr19	27243209	27338208	1.03242147769238	4.0909090909091	4	2	0.678599138048869
chr19	27338209	27453208	0.777607578663557	3.42857142857144	3	1	0.901988552422938
chr19	29313390	30476106	1.23935702317811	4.72186574704195	5	2	0.972952064738034
chr19	51804934	54086566	1.01264390043871	4.03521040385578	4	2	0.606070691222838
chr19	54724340	54744906	4.47133835039162	44.3646398098422	44	2	0.999965801055095
chr19	54747401	54786503	-1.09339258053447	0.937316002984766	1	-1	0.88174958853408
chr19	54786508	54818525	0.723002958764986	3.30122840439968	3	1	0.921166222003754
chr19	54819797	54852193	-2.25741529347635	0.418292694482696	0	-2	0.533170277724559
chr20	60202	1611396	0.590474406857423	3.0114836095473	3	1	0.889778178661856
chr20	6200249	6250426	0.813068573252003	3.5138888888889	4	1	0.877317776319313
chr20	26323585	26348584	2.44745897697122	10.9090909090909	11	2	0.997288426112223
chr20	26348585	26383584	-0.578076115135918	1.33971291866029	1	-1	0.488118727374338
chr21	5288938	5378937	-0.776226583484537	1.16778397307641	1	-1	0.844121123407314
chr21	7924957	9279257	-0.595124168717726	1.32397495467882	1	-1	0.545201407845924
chr22	10510202	10620201	-1.51837875311509	0.698155954134851	1	-1	0.593774330841269
chr22	11369687	12032641	-0.907335570382916	1.06633772218696	1	-1	0.882094851261504
chr22	12032642	12187641	0.6094481466183	3.05135100525036	3	1	0.902588457896136
chr22	16307841	16347840	1.68061797908249	6.41130471793128	6	2	0.989321579092517
chr22	18387189	18721133	0.986955852076066	3.96399694889399	4	2	0.508718766135902
chr22	23786710	23831850	5.18823480158998	72.9196029921196	73	2	0.999994382686538
chrX	10202	130201	-6.94316340757251	0.0162528506729195	0	-2	0.60080254434874
chrX	2782340	3818557	0.682346755445401	3.20949598328584	3	1	0.923838598723629
chrX	3818758	4242002	1.30995545322129	4.95867768595043	5	2	0.979672136316423
chrX	4402003	7565592	0.743383420124424	3.34819469074556	3	1	0.916259075318883
chrX	7565593	7595592	-1.1122195802606	0.925163606089739	1	-1	0.879134517129898
chrX	7595593	13099118	0.769387071858588	3.40909090909092	3	1	0.906174231692836
chrX	13099119	13134118	-1.13750352374994	0.909090909090906	1	-1	0.874787489046246
chrX	13134119	18082329	0.81241831168067	3.51230544125833	4	1	0.87787976512275
chrX	18082330	22754629	0.74694968273883	3.35648148148149	3	1	0.915140661807374
chrX	22754630	22829629	-1.26303440583379	0.833333333333336	1	-1	0.835705372064108
chrX	22829630	23067204	0.906890595608524	3.75000000000001	4	1	0.732220222337923
chrX	23067205	23107204	-0.811465175460087	1.13960576459638	1	-1	0.859870526866357
chrX	23107205	25325967	0.938599455335857	3.83333333333333	4	1	0.644842070751824
chrX	25390968	25816499	1	4	4	2	0.558139743991096
chrX	25816500	27304179	0.584962500721162	3.00000000000001	3	1	0.885316120054553
chrX	27498518	28361661	0.862496476250065	3.63636363636364	4	1	0.81901074013222
chrX	28361662	28401661	-0.808021982667466	1.14232884079553	1	-1	0.858577828421628
chrX	28401662	32095815	0.681924230608249	3.20855614973263	3	1	0.92381709759631
chrX	32095816	32155815	-0.658774282456344	1.26683244109543	1	-1	0.713064788623316
chrX	32155816	34207855	0.936692396196405	3.8282695023888	4	1	0.650720033379288
chrX	34207856	35294958	0.862496476250072	3.63636363636365	4	1	0.81901074013221
chrX	35294959	35369958	0.473931188332418	2.77777777777779	3	1	0.689573699985177
chrX	35369959	35853537	1.01022441801316	4.02844879568728	4	2	0.596946284539348
chrX	35878538	36470249	0.791413378188587	3.46153846153847	3	1	0.89374184898252
chrX	36470250	44548060	0.70652448060207	3.26373626373626	3	1	0.923372796242518
chrX	44548061	49342978	1.03618406493339	4.10159221608243	4	2	0.691796811293415
chrX	49594078	51204039	0.755581272333559	3.37662337662339	3	1	0.912095535367358
chrX	51204040	52537312	0.589134874063854	3.00868876465275	3	1	0.888726447574994
chrX	52537313	56175086	0.892509069465816	3.71280377495244	4	1	0.764620296323947
chrX	56175087	56200086	-4.88998336971334	0.0674525423184403	0	-2	0.729799877908615
chrX	56200087	57504256	1.07920896650424	4.22575453456695	4	2	0.820880884465102
chrX	57504257	57659691	0.691846123994353	3.23069850989537	3	1	0.924050671190076
chrX	57659692	58550623	1.24204635297526	4.73067599247746	5	2	0.973384831377343
chrX	62465624	66337039	1.03242147769238	4.0909090909091	4	2	0.678599138048869
chrX	66337040	66382039	0.932118617183273	3.81615195012326	4	1	0.664498385475121
chrX	66382040	66921221	0.769030762876067	3.40824905430364	3	1	0.906344144139208
chrX	66921222	66951221	-1.64495436189805	0.639513020623552	1	-1	0.368877059915045
chrX	66951222	71897261	0.813434617557263	3.51478055495025	4	1	0.876999419303665
chrX	71986669	74930902	0.881923715451939	3.68566185504028	4	1	0.785746767443699
chrX	74930903	74960902	-3.46410186072579	0.18123055796975	0	-2	0.679705934992039
chrX	74960903	75461154	1	4	4	2	0.558139743991096
chrX	75553260	76536140	1.00755399092715	4.02099903784672	4	2	0.586840512787558
chrX	76761141	77045719	0.787411806602879	3.45195057125275	3	1	0.896297143989701
chrX	77270720	77841371	6.36501766595719	164.85086718164	165	2	0.99999978348068
chrX	77841572	79827589	0.629459148680784	3.09396987261505	3	1	0.912365409271211
chrX	79952590	80196309	0.783118491533004	3.44169318423029	3	1	0.898886623971314
chrX	80196310	81667513	0.669885264299208	3.18189287306568	3	1	0.922762339476273
chrX	81767514	82117513	1	4	4	2	0.558139743991096
chrX	82252514	82512946	1.25481389902883	4.77272727272729	5	2	0.975169783743567
chrX	82557947	82912946	1.03242147769238	4.0909090909091	4	2	0.678599138048869
chrX	82912947	82942946	-3.60214914024541	0.164692967763337	0	-2	0.689754039667886
chrX	82942947	83057946	1.02898015643586	4.08116250221514	4	2	0.666329091719975
chrX	83057947	83227946	0.542444448793258	2.91287632501768	3	1	0.837050636742277
chrX	83227947	83332946	1.03242147769238	4.0909090909091	4	2	0.678599138048869
chrX	83861066	84680665	0.483451506608483	2.79616889728956	3	1	0.716106320036296
chrX	84680666	84715665	-1.67807190511263	0.625000000000003	1	2	0.397214042352933
chrX	84715666	85679603	0.560826619072748	2.9502283388409	3	1	0.861201088354408
chrX	85824604	86179361	0.602826275018531	3.03737760576507	3	1	0.898541747670199
chrX	86619699	86972444	0.647344348283991	3.13256478902828	3	1	0.918361757819802
chrX	86972445	87037444	-0.622202143810843	1.29935698975947	1	-1	0.626582754555745
chrX	87037445	87107444	1.09221228556872	4.26401432711223	4	2	0.850619279917659
chrX	87107445	87157444	-1.02795437057533	0.98081002446629	1	-1	0.887060564702394
chrX	87157445	87694717	0.661568244969353	3.16360229248876	3	1	0.921519986415793
chrX	88684410	88814517	0.825371287679987	3.54398202766891	4	1	0.865794390002568
chrX	88814518	88889517	0.447458976971225	2.72727272727273	3	1	0.605890431156509
chrX	88889518	89069517	0.994013679166969	3.98343678185577	4	2	0.535389017128036
chrX	89659518	89809517	0.859158443822158	3.62795973412771	4	1	0.824062505057564
chrX	89809518	91462027	0.591136268341364	3.01286549707604	3	1	0.890290246218868
chrX	91462028	91512027	-0.861596411497866	1.10068647919698	1	-1	0.874272826671937
chrX	91512028	93785471	0.44839609622528	2.729044834308	3	1	0.609079060542894
chrX	94050472	94515471	0.584962500721156	3	3	1	0.885316120054548
chrX	94560472	94785471	0.675565049502072	3.19444444444446	3	1	0.923367304169373
chrX	94785472	94820471	-0.678071905112636	1.25	1	-1	0.747802324026788
chrX	94820472	94885471	1.32192809488737	5.00000000000003	5	2	0.980269636138275
chrX	95040472	95188375	1.09221228556872	4.26401432711223	4	2	0.850619279917659
chrX	95188376	95213375	-1.6463630453853	0.638888888888889	1	2	0.367829280777226
chrX	95213376	96238375	0.447458976971227	2.72727272727274	3	1	0.605890431156517
chrX	96238376	96273375	-1.35989594508638	0.779220779220781	1	-1	0.777029986375853
chrX	96273376	96958158	0.675810610729625	3.19498821734156	3	1	0.923389100039401
chrX	96958359	96985452	-3.64234451438288	0.160167738029467	0	-2	0.692447898146348
chrX	96985453	97794601	0.447458976971226	2.72727272727274	3	1	0.605890431156513
chrX	97794602	98398939	0.816575647135929	3.52244125679797	4	1	0.874207509867597
chrX	98398940	99453939	0.47804729680465	2.7857142857143	3	1	0.701288809423017
chrX	99453940	99528939	-1.13750352374993	0.909090909090912	1	-1	0.874787489046248
chrX	99528940	99893939	0.862496476250065	3.63636363636364	4	1	0.81901074013222
chrX	99893940	99943939	-0.893331368473662	1.07673903469719	1	-1	0.880126290836623
chrX	99943940	100143939	0.57001522588949	2.96907847610083	3	1	0.871316765520454
chrX	100143940	103856042	0.501345778201946	2.83106677580107	3	1	0.760551851623714
chrX	103856043	103896042	-1.7811543996388	0.581900987850503	1	2	0.471160290348993
chrX	103896043	103943597	1.62676420477676	6.17639150790193	6	2	0.9883154639303
chrX	103943598	105406247	0.572989859055082	2.97520661157025	3	1	0.874336217556828
chrX	105644673	107841385	0.483715665528545	2.79668092551565	3	1	0.716814072598862
chrX	107841586	107890006	-1.01448953348588	0.990006887028389	1	-1	0.887462361779994
chrX	107890007	109089736	0.604360769859538	3.04060997277242	3	1	0.899518229364272
chrX	109189737	109239736	1.47309922944307	5.55235275713152	6	2	0.984957421401417
chrX	109239737	109289736	-0.851803498609884	1.10818327700728	1	-1	0.872018146500202
chrX	109289737	111421174	0.483697388116154	2.796645494766	3	1	0.716765152278359
chrX	111421175	111476174	-1.55254102302878	0.681818181818181	1	-1	0.537844751834344
chrX	111476175	112614824	0.688634451995171	3.22351445300824	3	1	0.924036771161702
chrX	112689799	114077607	0.723152005611688	3.30156947655103	3	1	0.92113921292893
chrX	114077608	114147607	0.947458976971226	3.85694607919936	4	1	0.616536416967384
chrX	114147608	116903888	0.906890595608522	3.75000000000001	4	1	0.732220222337928
chrX	116903889	117413888	0.448595141940163	2.72942138107551	3	1	0.609754406936242
chrX	117413889	117878888	0.938599455335861	3.83333333333334	4	1	0.644842070751812
chrX	117878889	121386348	0.719999728037791	3.29436344805031	3	1	0.921683268265778
chrX	121386349	121446348	-0.654103759106902	1.27094027957122	1	-1	0.703570644772228
chrX	121446349	122467586	0.807354922057609	3.50000000000001	4	1	0.882102917503167
chrX	122567587	122707586	1.18442457113743	4.54545454545455	5	2	0.956896444631572
chrX	122707587	122937586	0.5462820325571	2.92063492063493	3	1	0.842552866950434
chrX	122937587	124443001	0.671310139998821	3.18503701742313	3	1	0.922932387087522
chrX	124443002	124792553	0.608171598668764	3.04865225536706	3	1	0.901841800027784
chrX	124792554	124857553	-0.722466024471086	1.21212121212122	1	-1	0.804573018499218
chrX	124857554	125054019	0.73696559416621	3.33333333333334	3	1	0.918072793735359
chrX	125179020	126617891	0.802268665976771	3.48768239155365	3	1	0.886081231214923
chrX	126617892	126717891	0.66218428772071	3.16495346537404	3	1	0.921626863086781
chrX	126717892	126787891	1.17118846545684	4.50394267551696	5	2	0.949795671177646
chrX	126787892	127116799	0.447458976971227	2.72727272727274	3	1	0.605890431156517
chrX	127116800	127176799	0.75820316534436	3.3827654887966	3	1	0.911072944177114
chrX	127176800	127221799	-1.37851162325373	0.769230769230769	1	-1	0.761781233746501
chrX	127221800	127791799	0.865939669042689	3.64505268969882	4	1	0.813604128812916
chrX	127791800	127821799	-0.9213801290944	1.05600734616361	1	-1	0.883736890013069
chrX	127821800	128362539	1.05865518763945	4.16597790450532	4	2	0.764766642912903
chrX	128362540	131866925	0.71049338280502	3.27272727272728	3	1	0.922981600904931
chrX	131971926	132704440	0.5462820325571	2.92063492063493	3	1	0.842552866950434
chrX	132708455	137662498	0.739640442373841	3.33951927777333	3	1	0.917347576566424
chrX	137712499	140575345	0.549700967686063	2.92756452273164	3	1	0.847244026874977
chrX	140575346	142944216	0.811560074488928	3.51021664588354	4	1	0.87861456626472
chrX	143274973	144009770	0.83821644829373	3.57567706989279	4	1	0.851805578546888
chrX	144194771	147669848	0.71049338280502	3.27272727272728	3	1	0.922981600904931
chrX	147669849	149386583	0.73696559416621	3.33333333333334	3	1	0.918072793735359
chrX	149441584	155665512	0.765752563722095	3.40051336901351	3	1	0.907863873962617
