Chromosome	Start	End	Segment	CNF	CN	Call	ProbCall
chr1	72297731	72362730	1.33585047111973	5.04848484848484	5	2	0.979924694989211
chr1	73992731	74134837	-0.747435521556061	1.19132288309119	1	-1	0.847688929606216
chr1	103898807	104133806	-0.618345839267152	1.30283479960899	1	-1	0.657000667330942
chr1	121614147	121974146	-0.968468939172209	1.02209625049431	1	-1	0.902213961178144
chr1	143189147	143279146	-2.12574538696462	0.458265191816447	0	2	0.730863762749148
chr1	143279147	144345335	0.481800894442517	2.79297158184717	3	1	0.487357406870203
chr1	146088484	146098060	1.04795441990827	4.13519229685325	4	2	0.815306726371271
chr1	158808424	158829277	1.34792330342031	5.0909090909091	5	2	0.980282527731493
chr1	191300086	191615085	0.59888487695352	3.0290909090909	3	1	0.758106775530747
chr1	191615086	191675085	-1.33740639546309	0.791462885807021	1	-1	0.853276217899125
chr2	87388771	87563588	-0.761604403547711	1.17968002392345	1	-1	0.856427690252487
chr2	92085094	92135093	-2.58418298820292	0.3335134876339	0	2	0.699449831603629
chr2	94145094	94175093	1.17973993301768	4.530718738931	5	2	0.960144787158691
chr2	95839320	95978191	-0.901842496753046	1.07040555135991	1	-1	0.896759364887869
chr2	97494797	97558939	-0.977427932224058	1.01576880094733	1	-1	0.902590929677299
chr2	125854560	126159559	-0.571040124488788	1.34626262626262	1	-1	0.518513580042373
chr2	145966890	146166889	-1.11415163389191	0.923925458523304	1	-1	0.899620662128739
chr3	5178161	5184814	8.25654779697271	611.643751230239	612	2	0.999998529293903
chr3	21766186	22617459	-0.558967292188213	1.35757575757576	1	-1	0.479183206722598
chr3	26633750	26940704	-0.558967292188213	1.35757575757576	1	-1	0.479183206722598
chr3	55249482	55354481	-1.07989964612415	0.946123456790124	1	-1	0.901871303769664
chr3	75376602	75594964	0.97020726806021	3.91824407334811	4	2	0.604796521397318
chr3	76287916	76407915	-0.673379869383295	1.25407195713666	1	-1	0.769444954197748
chr3	76672916	76777915	-0.615550820554584	1.3053613053613	1	-1	0.649792764702458
chr3	82751819	82817766	1.02986392010139	4.0836632996633	4	2	0.77369556229871
chr3	95513385	95868384	-0.664149528880272	1.26212121212121	1	-1	0.754406552953185
chr3	155983016	156047434	1.40484520673943	5.29578740217197	5	2	0.981609610852264
chr3	162809160	162904159	-1.12358114751757	0.917906336088151	1	-1	0.898817316295008
chr3	195503104	198233541	0.478252794282499	2.7861111111111	3	1	0.476329555405591
chr4	4104550	4157180	2.61214165338344	12.228212754344	12	2	0.994901853487714
chr4	9160776	9186274	1.04795441990827	4.13519229685325	4	2	0.815306726371271
chr4	9325132	9359889	1.04795441990827	4.13519229685325	4	2	0.815306726371271
chr4	43035776	43365775	-0.582111566007461	1.33597076155392	1	-1	0.55359741597901
chr4	46438964	46518963	0.720187698066505	3.29479270157715	3	1	0.819555982094386
chr4	46518964	46683963	-0.746364292168459	1.19220779220779	1	-1	0.846967849351541
chr4	54714762	54727332	2.06634499797678	8.3764851218435	8	2	0.990713116542689
chr4	59105577	59440576	-0.677611788686831	1.25039872408293	1	-1	0.775868789526291
chr4	68474618	68669987	0.836680003701888	3.57187106435226	4	1	0.717117019122271
chr4	69254710	69370037	-1.0438619210757	0.970054748885444	1	-1	0.903147658441613
chr4	72822883	72887882	-1.17753818555219	0.884210526315788	1	-1	0.892586909751981
chr4	86117597	86289630	-0.652076696579695	1.27272727272727	1	-1	0.732501441593132
chr4	91520511	91994312	-0.564853421780745	1.35204819452436	1	-1	0.498462621324761
chr4	103804854	104199853	-0.767553913999626	1.17482517482518	1	-1	0.85969075127532
chr4	136965679	137095678	0.477144072747326	2.78397078717765	3	1	0.472869745138085
chr4	190078908	190092527	1.54792327602375	5.84791878711564	6	2	0.984113485303994
chr4	190092728	190201387	-0.941559943290552	1.04133918275921	1	-1	0.900606757061824
chr5	17491204	17670659	0.79541592668051	3.47115533291707	3	1	0.772630441149279
chr5	80326702	80360170	2.19371007800895	9.14960890817308	9	2	0.991900678467858
chr5	112827041	112872707	1.71509094260929	6.5663467777003	7	2	0.986591568559712
chr5	120641406	120977084	-0.601875748100778	1.31779344161419	1	-1	0.612552406305219
chr5	130078642	130138641	-1.113059654615	0.924625044606349	1	-1	0.899708468794462
chr6	29707774	29980606	1.15964749625136	4.46805670742512	4	2	0.951461993525366
chr6	31034512	31532826	0.829079498647995	3.55310296909828	4	1	0.72914384593958
chr6	32417328	32810175	5.6358371682168	99.4457056929791	99	2	0.99989994421039
chr6	88315493	88400492	-1.00167447881865	0.998840013033561	1	-1	0.903240929956532
chr6	91472088	91541972	-0.778270277396838	1.16613088401307	1	-1	0.865034452902187
chr6	94489407	94579406	-0.705893652811272	1.22612523962937	1	-1	0.811946738992779
chr6	103283810	103318809	3.14320539317733	17.6696969696969	18	2	0.997248010992952
chr6	110888893	110893664	1.57457949255552	5.95697329927135	6	2	0.984534153369616
chr6	137871517	137891596	1.38641835809839	5.2285769980507	5	2	0.981224441138794
chr7	8776998	8876997	-1.22465722936096	0.855798331085048	1	-1	0.884625312245267
chr7	9466998	9576997	-0.986077623767632	1.00969696969697	1	-1	0.902883844336853
chr7	50319018	50405974	6.99448646532388	255.023514201979	255	2	0.999987673479918
chr7	61055237	61400236	-0.852516726938445	1.10763555739688	1	-1	0.888765515003768
chr7	61400237	61470236	0.840037449671786	3.58019321764245	4	1	0.711532199939147
chr7	89318568	89657254	-0.652076696579694	1.27272727272727	1	-1	0.73250144159313
chr7	92805029	92839347	7.657046767429	403.673974687517	404	2	0.999995873815842
chr7	102480350	102688328	0.994518052844628	3.98482965550292	4	2	0.677861980242343
chr7	104213113	104293112	-0.711398944829004	1.22145528901123	1	-1	0.817728969525548
chr8	1167634	1462633	-0.635022166175129	1.28786184210526	1	-1	0.697000465310174
chr8	7247462	7398314	0.539618927533838	2.90717703349282	3	1	0.648382542872064
chr8	39345132	39527152	7.71426894886556	420.006821388721	420	2	0.999996254396369
chr8	60768395	60816578	7.16492139544998	287.002878334594	287	2	0.999990655204591
chr8	90382905	90437904	-0.558967292188211	1.35757575757576	1	-1	0.479183206722592
chr8	121012283	121532282	-0.616948329910866	1.3040974406415	1	-1	0.653414398121892
chr9	19742551	20360885	-0.725550073544417	1.20953282828282	1	-1	0.831010032826465
chr9	21968066	21974385	1.96841258080151	7.82674575419809	8	2	0.989696376934797
chr9	36833880	37034074	6.85420807859495	231.394069398051	231	2	0.999984554732409
chr9	42689078	42730776	-2.57448865839851	0.33576211044769	0	2	0.700596398183565
chr9	61453253	61662251	-1.72304190132974	0.60581873468836	1	-1	0.480167710180367
chr10	31373925	31476464	-0.664149528880271	1.26212121212121	1	-1	0.754406552953183
chr10	38851403	38896402	2.3479233034203	10.1818181818181	10	2	0.993154751530232
chr10	39296403	39376402	-1.27604045330149	0.825854507574789	1	-1	0.872769247442438
chr10	39376403	39421402	1.55504896810344	5.87687400318978	6	2	0.984226956528974
chr10	39421403	39471402	-1.0886252613899	0.940418443547742	1	-1	0.901395486029475
chr10	39471403	39571402	1.00554931843607	4.01541560672784	4	2	0.709491971490028
chr10	39571403	39636402	-2.04286364985921	0.485363104731525	0	2	0.71278762223656
chr10	47454126	48053737	0.883014425485569	3.6884493522146	4	1	0.624823300165548
chr10	56886575	57111574	0.483036548267003	2.79536475869809	3	1	0.491180445711681
chr10	87864277	87964934	7.27307931809318	309.346375029505	309	2	0.999992174168988
chr10	91353648	91440609	-0.973179922857512	1.01876413554036	1	-1	0.90242164598484
chr10	105308632	105333631	-5.50966009398362	0.0438992440253549	0	-2	0.586447340143791
chr11	50710524	50820523	-0.714612079408722	1.21873792126479	1	-1	0.820938300985827
chr11	55683518	55727206	0.495104628254452	2.81884593341358	3	1	0.527915772504819
chr11	56046635	56076705	1.36414223530291	5.14846455130033	5	2	0.980709110891214
chr11	57917347	57923388	5.70654035969566	104.440709965021	104	2	0.999909825854044
chr11	99022402	99147401	0.509578335719495	2.84726808313015	3	1	0.570072944597139
chr11	132146915	133737712	-0.649502752915869	1.275	1	-1	0.727490725567897
chr11	133737713	135071987	-0.572232120015049	1.34515076531882	1	-1	0.522344878584237
chr12	9480523	9578660	1.13530304056224	4.39329397715334	4	2	0.936372547023597
chr12	31114708	31159056	0.950945831509791	3.86627921936843	4	2	0.545832905473041
chr12	31159257	31199158	-1.65866206762559	0.633465490460167	1	-1	0.580306046904465
chr12	43795608	43804659	1.39944550356761	5.27600343388603	5	2	0.981499715698273
chr12	64561653	64611410	6.478992863546	178.402604061178	178	2	0.999972061055726
chr12	111403225	111439011	7.1854707559222	291.120123062113	291	2	0.999990964014224
chr13	18171403	18188202	-1.17877305727979	0.883454012025816	1	-1	0.892409915544105
chr13	18188203	18409024	0.763801897458851	3.39591864585777	3	1	0.800199441678396
chr13	19087754	19131386	1.1486144951969	4.43401759530792	4	2	0.945332020200624
chr13	27080650	27095910	1.62340688380468	6.16203502981431	6	2	0.985278748199461
chr13	40976205	41017372	7.16504679171796	287.027825154898	287	2	0.999990657119343
chr13	48304140	48485369	6.85865505295345	232.108420663566	232	2	0.999984664268106
chr13	52229215	52285199	0.47542336415713	2.78065231259968	3	1	0.467488742262305
chr13	52520389	52577286	0.494398443451562	2.81746647414663	3	1	0.525800816848044
chr13	53771069	54412289	-0.743948084028006	1.19420616029922	1	-1	0.845307977854938
chr13	55141631	55534746	-0.607566000513906	1.31260606060606	1	-1	0.628436151137461
chr13	57134747	57178777	1.93668874494963	7.65651962723961	8	2	0.989346333361001
chr13	62505504	63421998	-0.664149528880272	1.26212121212121	1	-1	0.754406552953185
chr13	75302095	75310247	1.48420060190285	5.59524227652466	6	2	0.983062124822155
chr13	93970810	94068180	-0.834074530322585	1.12188552188552	1	-1	0.884517156316567
chr14	19489471	19693966	0.814698136491021	3.51786016425201	4	1	0.749623383728126
chr14	19693967	20116198	-0.586612871815387	1.33180893865415	1	-1	0.567487608628566
chr14	35654227	35760891	0.653335352972486	3.14560027512127	3	1	0.808810769135881
chr14	40127428	40157427	-8.10779671297274	0.0072500330493834	0	-2	0.651440213346768
chr14	46412482	46647481	-0.900004210023279	1.07177033492823	1	-1	0.896532409956876
chr14	86333804	86718803	-0.57807611513591	1.33971291866029	1	-1	0.540948770851319
chr14	97185615	97255614	-0.904960795065642	1.06809443289509	1	-1	0.897133585716786
chr14	106389398	106710618	-0.56827295831184	1.34884730790192	1	-1	0.509577454000969
chr14	106714723	106754218	2.09691174090339	8.55585326953742	9	2	0.991011536328432
chr15	19780202	21877159	-0.752898143074847	1.18682058641641	1	-1	0.851229334873471
chr15	34394942	34747022	-0.827301934362079	1.12716448889297	1	-1	0.882735262263422
chr15	81574415	81714414	-0.756032613877546	1.18424484025487	1	-1	0.85316159003668
chr15	92832588	92915320	6.24512166511038	151.704667673063	152	2	0.999959888212149
chr15	97260374	97290373	5.59505796588781	96.6741296573754	97	2	0.999893786200602
chr15	101864806	101978886	0.567977482687551	2.96488774383511	3	1	0.708538584109862
chr16	34193427	34614681	-0.680419196059962	1.24796788096789	1	-1	0.779972895616147
chr16	46383210	46484658	-1.01479992491451	0.989793912983656	1	-1	0.903375420687993
chr16	75725350	76146079	-0.623507544382927	1.29818181818181	1	-1	0.669936307131323
chr17	12013167	12141397	7.06730551002829	268.226042986628	268	2	0.999989044728451
chr17	16746972	16845677	0.705955560805346	3.26244947889514	3	1	0.821437283754041
chr17	18428286	18622696	-1.21721950296979	0.860221739753494	1	-1	0.886054154031503
chr17	19024616	19237559	0.77676788871252	3.4265764821386	3	1	0.790345962689505
chr17	21888115	22205064	-0.97763069927846	1.01562604730316	1	-1	0.902598587570979
chr17	22411914	22761913	-0.782794025378891	1.16248006379585	1	-1	0.867101524216977
chr17	27102123	27187122	-0.993113614414761	1.00478468899521	1	-1	0.903071836134023
chr17	31095295	31373680	6.20624073893321	147.670796850452	148	2	0.999957427271573
chr17	64967040	64973572	3.62139003090206	24.6137066874772	25	2	0.998462936531703
chr18	25522356	25952355	-0.69836914945733	1.23253690984666	1	-1	0.803432055257282
chr18	51047024	51078532	4.58736009219134	48.0798367421674	48	2	0.999561479565521
chr19	1208034	1226795	5.0844755706753	67.859343637053	68	2	0.999779072299905
chr19	4885131	4921971	5.70396774445608	104.254637138504	104	2	0.999909483154386
chr19	24373209	24448208	-0.65207669657969	1.27272727272728	1	-1	0.732501441593122
chr19	54724340	54744906	4.1843647235707	36.3621279159372	36	2	0.999250647043603
chr19	54856143	54906389	1.04795441990827	4.13519229685325	4	2	0.815306726371271
chr20	1578923	1630327	3.59993174415088	24.2503177217712	24	2	0.998421366302133
chr20	6200249	6215226	2.34520224253852	10.1626323973479	10	2	0.993134236580314
chr20	7741898	7876897	-0.558967292188213	1.35757575757576	1	-1	0.479183206722598
chr20	26338585	26383584	-1.19218496151659	0.875279106858054	1	-1	0.89038169498655
chr20	30090650	30265649	-0.619295293096016	1.30197767145135	1	-1	0.659416844327878
chr20	61243886	64333190	0.543021977908383	2.91404261976528	3	1	0.656341387077106
chr21	22053258	22213257	-0.772540142491527	1.17077176425871	1	-1	0.86225869486219
chr22	15930286	16080285	-1.76910835823096	0.586780015493453	1	2	0.47330817410932
chr22	16167841	16277840	-0.699087861279106	1.23192304606472	1	-1	0.804277109423091
chr22	16307841	16347840	4.53547211539897	46.3813245403262	46	2	0.99952968696935
chr22	16347841	16372840	-5.94213218659849	0.0325289443341029	0	-2	0.609796724902767
chr22	23786710	23831850	5.05954936537672	66.6969722324349	67	2	0.999771197840142
chr22	23931873	23961138	1.8692826712008	7.30701754385962	7	2	0.988567178905516
chr22	41160869	41173780	0.823217882185246	3.53869613051139	4	1	0.737845319350847
chrX	10202	120201	-2.55709013435821	0.339835828102366	0	2	0.702648949707192
chrX	2782340	21061871	0.967906723208815	3.91200095697147	4	2	0.597753144734452
chrX	21061872	25741499	0.967856189261416	3.9118639319019	4	2	0.597598334612162
chrX	25741500	28346661	0.969411680166576	3.91608391608391	4	2	0.602361786328154
chrX	28346662	28391661	-0.986077623767634	1.00969696969697	1	-1	0.902883844336853
chrX	28391662	31745010	0.985353224035594	3.95959595959595	4	2	0.650728577939301
chrX	31745011	32395393	0.610957709254106	3.05454545454547	3	1	0.773146832187744
chrX	32427543	33689655	1.01392237623237	4.03878787878788	4	2	0.732551529188386
chrX	33689656	34242855	1.33585047111973	5.04848484848484	5	2	0.979924694989211
chrX	34337856	38611600	0.985353224035594	3.95959595959595	4	2	0.650728577939301
chrX	38611601	55878565	1.02599063934091	4.07271437392121	4	2	0.764061144715252
chrX	55958566	56175086	1.36755933084707	5.1606734006734	5	2	0.98079272063142
chrX	56175087	56200086	-4.78247552061	0.0726710458527833	0	-2	0.534899029267154
chrX	56200087	58510623	1.12974313337077	4.37639553429026	4	2	0.932058782990133
chrX	58510624	58550623	-1.02439132951745	0.983235336297483	1	-1	0.903379707590489
chrX	62465624	65161673	1.10452492501327	4.30056116722782	4	2	0.907525230067693
chrX	65211674	75450954	1.01938977310289	4.05412275555167	4	2	0.747095593027664
chrX	75451155	75620103	0.509514319321532	2.84714174471651	3	1	0.569892001949964
chrX	75620104	79036803	1.3479233034203	5.09090909090907	5	2	0.980282527731492
chrX	79262223	84241123	1.02447218380954	4.06843004345611	4	2	0.760218317495566
chrX	84366852	87709409	1.02599520853295	4.07272727272729	4	2	0.764072652919329
chrX	87749410	89799517	0.932885804141464	3.81818181818182	4	2	0.491649662174568
chrX	89988072	90528101	1.20691099389323	4.61685682738313	5	2	0.968035051383725
chrX	90993102	94655471	0.959771616415784	3.89000393990934	4	2	0.572812477452569
chrX	94655472	95198375	1.07281606528594	4.20707070707071	4	2	0.862828602442192
chrX	95198376	96493375	1.12553088208386	4.36363636363637	4	2	0.928545949200607
chrX	96493376	99513939	1.08488889758651	4.24242424242423	4	2	0.881857426178157
chrX	99513940	105154280	1.01691467275433	4.04717342962857	4	2	0.740564598427816
chrX	105154281	105544672	0.88849168478301	3.70247933884298	4	1	0.611738392173024
chrX	105619673	110235346	1.02599520853295	4.07272727272729	4	2	0.764072652919329
chrX	110235347	114481395	0.955605880641545	3.87878787878787	4	2	0.560056749522238
chrX	114551396	122457586	1.00577477627074	4.01604316669349	4	2	0.710124439078487
chrX	122457587	122582586	0.6476672500398	3.13326599326598	3	1	0.805470753739967
chrX	122582587	124565602	0.932885804141468	3.81818181818183	4	2	0.491649662174579
chrX	124565803	124590802	0.757061738018773	3.38009018055801	3	1	0.804557244810979
chrX	124590803	126351102	1.02786951654243	4.07802188172007	4	2	0.768765110292925
chrX	126491103	127416799	0.893171754090289	3.71450959847982	4	1	0.600206119509708
chrX	127416800	133128427	0.985353224035594	3.95959595959595	4	2	0.650728577939301
chrX	133128428	143567660	1.00706606776874	4.01963935560897	4	2	0.713735042108173
chrX	143567661	144084770	1.18059113372869	4.53339268513805	5	2	0.96045198393656
chrX	144214771	144574770	0.862496476250059	3.63636363636362	4	1	0.669772406439081
chrX	144619771	145149770	1.33585047111973	5.04848484848484	5	2	0.979924694989211
chrX	145149771	145204770	-0.65207669657969	1.27272727272728	1	-1	0.732501441593122
chrX	145204771	146909979	1.01392237623236	4.03878787878785	4	2	0.732551529188359
chrX	146979980	155550512	1.01474451150754	4.04109008137474	4	2	0.734765651639927
