Chromosome	Start	End	Segment	CNF	CN	Call	ProbCall
chr1	152514501	155602197	0.537251373732581	2.90241008462679	3	1	0.72983506585366
chr2	88446786	92135200	1.63408916549821	6.20783049614987	6	2	0.96225602799823
chr2	112579483	146194821	-0.679726189952376	1.2485674928677	1	-1	0.619621116221549
chr5	16941842	17643228	1.87446911791614	7.33333333333333	7	2	0.947927305758031
chr6	26016378	28964737	0.726378184556462	3.30896076299094	3	1	0.814043879234677
chr7	60897247	87320787	0.706868661160901	3.26451497894861	3	1	0.824188321797825
chr7	142681414	142789040	-9.87394363827017	0.00213145802786201	0	-2	1
chr7	142791693	159333577	0.649986860587353	3.1383078091715	3	1	0.829520100754704
chr8	50960263	145066685	0.645078082454609	3.12764784447087	3	1	0.828385988442952
chr11	23521403	50802516	0.472697090715041	2.77540265132199	3	1	0.582710995424151
chr11	64372416	107297730	0.664714037652786	3.17050804508941	3	1	0.831413616405047
chr11	127778078	135075899	0.775764787865651	3.42419482349738	3	1	0.76484727938318
chr14	20801227	22320691	1.74137304781077	6.68706456918944	7	2	0.957015487089782
chr14	101952415	106324760	0.665780299207103	3.1728521582285	3	1	0.831463220801861
chr14	106329431	106879812	0.979141395102338	3.94258373205742	4	2	0.80432489288624
chr17	39927741	41397592	0.497645740509961	2.8238153245749	3	1	0.648532584527914
chr19	39553033	40299584	-0.674081630483174	1.25346209511803	1	-1	0.601772248821591
chr19	53632055	53766632	-3.68117781598046	0.155913978494624	0	-2	0.999999997987328
chr21	5011798	7681742	-0.777350657329326	1.16687445018246	1	-1	0.850371904411122
chr21	30060234	30881555	1.21406548672544	4.63980922317952	5	2	0.971053971939639
chr22	15166843	16897546	-1.03499452070542	0.976035467710497	1	-1	0.971649127327503
chr22	22580013	22923034	2.23684759545568	9.42731931937582	9	2	0.897220849877514
chrX	62466334	102906158	0.448844209027548	2.72989262946751	3	1	0.510457121067489
chrX	102906359	135123952	0.919023262498856	3.78166944341821	4	2	0.604122025257269
chrX	136146701	156027877	0.866555842604718	3.64660982043898	4	1	0.553180877295936
