Chromosome	Start	End	Segment	CNF	CN	Call	ProbCall
chr1	12080	120937	-0.816820053468888	1.13538370907826	1	-1	0.893786948199099
chr1	68652422	68702421	-1.37859838768971	0.769184508680179	1	-1	0.822351915712733
chr1	121604147	121974146	-1.47245105491534	0.720739063275795	1	-1	0.748637720440626
chr1	143189147	143304146	-1.96872516982606	0.510957368320795	1	2	0.531418874233353
chr1	145326419	145374217	-0.755370286288893	1.18478864062876	1	-1	0.877803361780944
chr1	146088484	146096582	2.30755528734725	9.90086990003663	10	2	0.996205925149375
chr1	148536244	148591629	-0.854392617177211	1.10619627022499	1	-1	0.900348865495808
chr1	169247336	169359717	-0.6791988624223	1.24902394716789	1	-1	0.84142607273245
chr1	177526858	177556857	-2.35328535115472	0.391399725383755	0	-2	0.505665675066487
chr1	190066979	190166096	-0.82705164120765	1.12736005761785	1	-1	0.895774778051849
chr1	216112477	216172476	-0.758299879332683	1.18238520350321	1	-1	0.878757672374646
chr1	248156343	248270139	-0.533201547949698	1.38203911886926	1	-1	0.577414811874034
chr2	51273649	51303648	-2.50481988497274	0.352374178624862	0	-2	0.530337201962455
chr2	78297450	78367449	-0.895140704349333	1.07538950387011	1	-1	0.905428428659262
chr2	92085094	92135093	-1.27551399520463	0.826155927568404	1	-1	0.870398553861121
chr2	95819274	95940034	-0.606447449880643	1.3136241452426	1	-1	0.76231206744033
chr2	97523705	97576005	-0.897430266359456	1.07368421052631	1	-1	0.905658246831677
chr2	103160206	103305205	-0.540626032666071	1.37494505494505	1	-1	0.602358165954641
chr2	117177675	117722674	-0.527247002864868	1.38775510204082	1	-1	0.556523636629291
chr2	163228743	163303742	-0.758491341291195	1.18222829801777	1	-1	0.878819234726212
chr2	171680091	171747887	0.423490807465581	2.68233756405197	3	1	0.474154293067806
chr2	188123992	188188991	-2.11220950358603	0.462585034013604	0	2	0.529921931851481
chr2	193579748	193769747	-0.632431791874652	1.29017628893461	1	-1	0.798851780187628
chr2	208637339	209167338	-0.542251287208094	1.37339699565263	1	-1	0.607643601360175
chr2	226049555	226179554	-0.869496090000908	1.09467598707693	1	-1	0.902458289993517
chr3	10202	485969	0.570146212372179	2.96934805961711	3	1	0.864653958695365
chr3	5178161	5184814	8.13824081808168	563.487898883641	563	2	0.999999996920566
chr3	7810674	7995673	-0.527247002864873	1.38775510204081	1	-1	0.556523636629309
chr3	54667569	54737568	-0.736613990706226	1.20029249117685	1	-1	0.871096633455972
chr3	75376602	75594964	0.774098792886414	3.42024291497976	3	1	0.826895984137748
chr3	77946398	78256397	-0.581057204706173	1.33694748267408	1	-1	0.713488270707922
chr3	88956845	89320762	-0.527247002864873	1.38775510204081	1	-1	0.556523636629309
chr3	95508385	95868384	-0.649200500448824	1.27526714742626	1	-1	0.816906064070191
chr3	98149921	98339159	0.502500340529183	2.83333333333333	3	1	0.758277977546398
chr3	146775549	147230548	-0.527247002864873	1.38775510204081	1	-1	0.556523636629309
chr3	155993016	156047434	1.1723591414994	4.50759888661336	5	2	0.970196085961532
chr3	160536800	160562120	-0.610571937569598	1.30987401850001	1	-1	0.768925692667307
chr3	173883086	174133085	-0.615895559669353	1.30504942008656	1	-1	0.776978735262273
chr4	4104550	4157180	3.47350238920025	22.2156182945839	22	2	0.999569714723163
chr4	9160776	9359889	1.01698087842667	4.04735915979228	4	2	0.811450385414536
chr4	14238265	14318264	-0.916050792196649	1.05991546686053	1	-1	0.90732305687813
chr4	46558964	46683963	-0.835369298227205	1.12087912087912	1	-1	0.897275730137617
chr4	54714762	54727332	2.12372001657993	8.71632515878676	9	2	0.994807268294052
chr4	63721898	63981897	-0.519276230930359	1.39544355479168	1	-1	0.527473421667347
chr4	66502089	66592088	-1.07011193987781	0.952564084956894	1	-1	0.908484740830132
chr4	68474618	68643740	-3.69623425636992	0.154295270265381	0	-2	0.670130010641799
chr4	91639313	91919312	-0.685717623973673	1.24339301209824	1	-1	0.845736183888599
chr4	92455001	92640499	-0.916050792196647	1.05991546686053	1	-1	0.907323056878129
chr4	95410818	95495817	-0.929345446436218	1.05019305019305	1	-1	0.908296208763657
chr4	115562281	115742280	-0.657126639765339	1.26828006482008	1	-1	0.824242307245827
chr4	116082281	116212280	-0.675737871743433	1.25202392254999	1	-1	0.839008722169916
chr4	124347763	124417762	-1.34210042813049	0.788891923010262	1	-1	0.842581217895616
chr4	135136516	135281515	-0.527247002864873	1.38775510204081	1	-1	0.556523636629309
chr4	137922517	138017516	-0.807354922057608	1.14285714285714	1	-1	0.891800076095952
chr4	190067738	190092527	0.564926892588939	2.95862508875171	3	1	0.859976543525077
chr4	190092728	190201387	-0.719662299056016	1.21447913209848	1	-1	0.863996107356239
chr5	17491204	17670659	0.802101429667731	3.4872781250184	3	1	0.79010380304288
chr5	26863750	26926154	0.467305676583482	2.76505020668751	3	1	0.652315562236213
chr5	27433586	27713585	0.776664726400116	3.42633146783881	3	1	0.823966645010357
chr5	42336577	42371576	-0.775174516308458	1.16863587540279	1	-1	0.883829275152971
chr5	80326702	80360170	2.09951171562658	8.57128623231583	9	2	0.994591485784122
chr5	84013630	84117044	0.637406809761609	3.1110612739274	3	1	0.89256117929239
chr5	89810831	89945830	-0.719892080807269	1.21428571428571	1	-1	0.864099989452545
chr5	101183194	101238193	0.658963082164929	3.1578947368421	3	1	0.892131315143069
chr5	101238194	101278193	-1.12416435223271	0.917535350467127	1	-1	0.903587441478007
chr5	104616277	104836877	-0.543236310174871	1.37245960707242	1	-1	0.610815328493753
chr5	111304873	111374412	-0.667601519472339	1.25910489737295	1	-1	0.832940823320089
chr5	112827227	112836688	6.06603192216442	133.994680927858	134	2	0.999998897553404
chr5	120086031	120251030	-0.929345446436218	1.05019305019305	1	-1	0.908296208763657
chr5	128722882	128962881	-0.607715111972399	1.31247040165926	1	-1	0.764380630934256
chr5	171389950	171415725	1.05634818770344	4.15932145236316	4	2	0.89005924804288
chr5	180891472	181016059	-0.629762324203401	1.29256575594929	1	-1	0.795617796340692
chr6	29184780	29239779	-1.48335168705004	0.715313866060498	1	-1	0.73765736096374
chr6	29807500	29980606	2.13683553576841	8.79592642005785	9	2	0.994920859417264
chr6	30178018	30259357	-0.941780738939787	1.04117982436319	1	-1	0.909049788369365
chr6	31166958	31317275	0.785844347376126	3.44820213286085	3	1	0.812787230944833
chr6	31317276	31356634	-1.9076531033892	0.533051525082189	1	2	0.517400441595061
chr6	31356689	31367419	5.42456909036094	85.8989797121489	86	2	0.999994427534434
chr6	31980662	32045432	-0.996163403190865	1.00266286540583	1	-1	0.91064456777533
chr6	32288537	32437327	-0.976495239041168	1.01642570134514	1	-1	0.910381200689413
chr6	32439872	32676911	8.90874880468714	961.237288538815	961	2	0.999999999731129
chr6	32676912	32711911	-6.24806489147687	0.0263132837193985	0	-2	0.704481736189506
chr6	33092941	33174676	0.653988885438018	3.14702553655022	3	1	0.892554581298518
chr6	36565508	38375378	0.555659423753404	2.93968062202722	3	1	0.850478588224027
chr6	38886788	43525318	0.548622259268646	2.92537639005072	3	1	0.842160731300969
chr6	44229300	45448302	0.903732040282996	3.74179894179894	4	1	0.543113928639144
chr6	48649040	48764039	0.543142325026523	2.9142857142857	3	1	0.834967633485492
chr6	48764040	49039039	-0.497499659470821	1.41666666666666	1	-1	0.443726834656662
chr6	50063871	50093870	-0.653016386362851	1.27189856023264	1	-1	0.82052485124384
chr6	55644258	55734257	-0.623569541836071	1.29812603214606	1	-1	0.787689460919816
chr6	61325146	61515145	0.53338045180939	2.89463301216353	3	1	0.820474618316229
chr6	66338935	66618934	-0.623569541836071	1.29812603214606	1	-1	0.787689460919816
chr6	71713943	71808942	-0.637670992558522	1.28549946294307	1	-1	0.804896614254136
chr6	80844072	80939071	-1.16046467219325	0.894736842105261	1	-1	0.898523953993023
chr6	103293810	103343809	0.791121072357733	3.46083718694435	3	1	0.805843625641167
chr6	110888893	110893664	1.05660214192283	4.16005367239244	4	2	0.890449916696541
chr6	124415652	124468216	-1.36374827058199	0.777142857142857	1	-1	0.831068456068404
chr6	126839926	127019925	-0.799106762109509	1.14940978643078	1	-1	0.889944660923196
chr6	137871517	137881396	1.67715376625226	6.39592830144325	6	2	0.989248590683683
chr6	153312940	153512939	-0.592284630120021	1.32658339239052	1	-1	0.736896233693159
chr6	165502665	165565467	1.09724121404335	4.27890371089011	4	2	0.937046348223192
chr7	50319018	50405974	6.95698027334718	248.479026666319	248	2	0.99999990072553
chr7	57885237	57930236	1.86430323295569	7.28184096605146	7	2	0.992026914092765
chr7	57930237	57970236	-4.17450478448354	0.110758952175544	0	-2	0.70113757283409
chr7	57970237	58045236	1.28010791919273	4.85714285714284	5	2	0.979946962917917
chr7	60880237	61265236	-0.7167871248705	1.21690190388251	1	-1	0.862676946795621
chr7	61265237	61325236	1.32572952828172	5.01319213689349	5	2	0.981508452004727
chr7	61380237	61615236	-1.38714752417888	0.764639945945257	1	-1	0.817010616939782
chr7	61615237	61730236	0.940613166166071	3.8386876281613	4	2	0.568666335664552
chr7	62450237	62570236	-4.92613679658951	0.0657832092984961	0	-2	0.725659011791349
chr7	84574838	84629837	-1.30485458152843	0.809523809523804	1	-1	0.859427157394905
chr7	92805029	92854347	7.0475334122663	264.575087361238	265	2	0.999999923062433
chr7	116763513	116774458	1.67136794690017	6.37032928048605	6	2	0.989150287800977
chr7	125371135	125451134	-0.805271907267832	1.14450843275586	1	-1	0.891342722093064
chr7	134089989	134119988	-1.56279426669362	0.676989673713723	1	-1	0.639891776001618
chr7	145331230	145696229	-0.527247002864873	1.38775510204081	1	-1	0.556523636629309
chr7	154598424	154628423	-1.22899010385676	0.853231950822726	1	-1	0.884313023103185
chr8	7393315	7552156	-0.901827340969004	1.07041679623158	1	-1	0.906083960446406
chr8	7779222	7985294	-1.04279946083889	0.970769400400012	1	-1	0.909868684589699
chr8	12111426	12298924	-1.21736184877588	0.860136868791247	1	-1	0.887207775329638
chr8	39375698	39648558	6.38515804663291	167.168364968152	167	2	0.999999524693768
chr8	51003093	51088092	-0.889817082249581	1.07936507936508	1	-1	0.904872202255744
chr8	56336636	56361635	-1.48239276708061	0.71578947368421	1	-1	0.738645758230024
chr8	60780950	60816090	7.46431787673639	353.194208589348	353	2	0.999999976768577
chr8	76304364	76384363	-0.557887970333269	1.35859177924505	1	-1	0.655061015082617
chr8	90372905	90477904	-0.719892080807267	1.21428571428571	1	-1	0.864099989452544
chr9	7970083	8145082	-0.835369298227205	1.12087912087912	1	-1	0.897275730137617
chr9	15927488	16070938	-1.10322072035878	0.930952380952375	1	-1	0.9058403175234
chr9	21968066	21974385	1.9268282399004	7.60436741776217	8	2	0.992798878190153
chr9	36840509	37034074	6.80786706836691	224.079532496449	224	2	0.999999849567588
chr9	60521462	60666461	-1.28332141997878	0.821697099892588	1	-1	0.867659191441436
chr9	79411942	79471941	-0.887587258154231	1.08103463191647	1	-1	0.904630036928657
chr9	120163241	120280300	-0.652118722808042	1.27269019826148	1	-1	0.819688415192388
chr10	39426403	39451402	-7.15879755337979	0.0139964275103183	0	-2	0.637244985697118
chr10	39451403	39511402	0.696786691700332	3.241781133647	3	1	0.882869370706594
chr10	47483864	48053737	0.631376360956423	3.0980842141852	3	1	0.892000934628298
chr10	81289339	81374338	-0.719892080807269	1.21428571428571	1	-1	0.864099989452545
chr10	87864277	87964934	7.34485964676943	325.127019864154	325	2	0.99999996712179
chr10	95139640	95201609	-1.4677459911162	0.723093447905481	1	-1	0.753206385223872
chr10	133664443	133752271	-1.05045892140275	0.965629113370039	1	-1	0.909551143083044
chr10	133753051	133783907	-0.706943592524944	1.22523323597321	1	-1	0.857873164192727
chr11	16356520	16391519	-0.835369298227205	1.12087912087912	1	-1	0.897275730137617
chr11	30269021	30329020	-1.0995587844046	0.933318382178219	1	-1	0.906186929070177
chr11	37531650	37601649	-0.938978330440011	1.04320426254302	1	-1	0.908892966135329
chr11	42358942	42403941	-1.13492958008611	0.910714285714285	1	-1	0.902244175528563
chr11	50470524	50635523	-0.491381550307867	1.42268715266427	1	-1	0.419661108341793
chr11	50635524	50715523	0.75936960120465	3.38550160030698	3	1	0.842168378489062
chr11	50715524	50760523	-3.2532218131131	0.209755157123578	0	-2	0.629141195850115
chr11	50760524	50820523	1.6444005307418	6.25235862247726	6	2	0.988681385060841
chr11	54525524	54580523	-0.519092871116431	1.39562092043295	1	-1	0.526792103562983
chr11	55138057	55265810	-0.680017283268119	1.24831559418025	1	-1	0.841984260563271
chr11	55459179	55742406	0.577288518554436	2.98408476836062	3	1	0.870332907262632
chr11	56046635	56081705	1.08746284125034	4.25	4	2	0.928429286722532
chr11	56470751	56527380	0.579668201051638	2.98901098901098	3	1	0.872050043388567
chr11	57917347	57933388	5.31693282354366	79.7234823318542	80	2	0.999992753960703
chr11	87651631	87731630	-0.571695579417154	1.34565112208027	1	-1	0.691572442584583
chr11	96542402	96592401	-2.02449033078883	0.491583933296341	0	2	0.535026666067984
chr11	124064292	124093942	1.65207669657969	6.28571428571427	6	2	0.98881667122573
chr11	128089664	128314663	-0.552782094972003	1.36340852130326	1	-1	0.64027733504058
chr12	9468786	9588660	-2.6535022036121	0.317867582396009	0	-2	0.552967690649954
chr12	11062532	11164481	-1.6458914993635	0.639097744360897	1	-1	0.505067953662667
chr12	23070200	23180199	-0.905671512113252	1.06756838549794	1	-1	0.906439467483935
chr12	33126996	33161995	-0.807354922057611	1.14285714285714	1	-1	0.891800076095953
chr12	37339925	37614924	0.476965248422044	2.78362573099415	3	1	0.685256670122815
chr12	58047074	58112073	-0.540626032666071	1.37494505494505	1	-1	0.602358165954641
chr12	60099927	60179926	-1.08837487789037	0.940581669793228	1	-1	0.907161010322738
chr12	64561653	64611410	6.61919145028813	196.609803546257	197	2	0.999999747329026
chr12	73813407	73888406	-1.04182017569463	0.97142857142857	1	-1	0.909905366754911
chr12	78800758	78930757	-0.569044067705818	1.34812655203521	1	-1	0.684952661750549
chr12	111403225	111439011	6.90669530524785	239.967514607648	240	2	0.999999885723657
chr13	18171403	18409024	1.44361937723203	5.44004798548429	5	2	0.984579493938434
chr13	19077754	19131386	0.969170608223348	3.91542959964012	4	2	0.668846556144311
chr13	27075271	27116660	1.01250636793096	4.03482574449368	4	2	0.80016055436595
chr13	29389825	29980696	0.822664853648891	3.53733990147783	4	1	0.755508701126894
chr13	40976205	41017372	7.04334977219309	263.808963171409	264	2	0.999999922147801
chr13	48304140	48485369	6.60151139312355	194.21507716255	194	2	0.999999734858818
chr13	52218390	52245514	0.672284460662764	3.18718875109852	3	1	0.890079740940551
chr13	52525389	52587486	0.625723182049396	3.08596817136848	3	1	0.891185814428207
chr13	55824747	55909746	0.502500340529178	2.83333333333332	3	1	0.758277977546386
chr13	56569747	57119746	-0.550174541108239	1.36587499954398	1	-1	0.632462638165682
chr13	57119747	57169212	1.34073206763826	5.06559616243032	5	2	0.981949182571746
chr13	57173457	57677071	-0.527247002864875	1.38775510204081	1	-1	0.556523636629316
chr13	65308258	65393257	0.579668201051642	2.98901098901099	3	1	0.87205004338857
chr13	83254040	84566725	0.432111012637785	2.6984126984127	3	1	0.511787217796942
chr13	87718475	88433474	1.01707351335894	4.04761904761904	4	2	0.811679047257975
chr13	90876387	93482845	0.695145418471578	3.23809523809524	3	1	0.883492536209425
chr13	99984944	100816698	0.47801391264995	2.78564982466187	3	1	0.688660401775415
chr13	107084229	111772595	0.631798771686159	3.09899144376526	3	1	0.892050419979155
chr14	19489471	19693966	0.938864515443231	3.83403767975468	4	2	0.562446630552385
chr14	19693967	19971874	-0.551324026648882	1.36478715477854	1	-1	0.63592948361571
chr14	28270193	28350192	-0.65712663976534	1.26828006482008	1	-1	0.824242307245828
chr14	30397857	30502856	-0.849175097752233	1.11020408163265	1	-1	0.899553782725291
chr14	35625252	35760891	0.633678892372019	3.10303268320761	3	1	0.892251792744054
chr14	42518458	42544025	-4.42979040561967	0.0927962035946857	0	-2	0.712597889705285
chr14	62408633	62448632	-1.73498573955114	0.600823963632569	1	2	0.399506414687625
chr14	86438804	86473803	-2.71989208080727	0.303571428571427	0	-2	0.562596942205696
chr14	104944252	104952904	-0.554800945949377	1.36150195507656	1	-1	0.646205162298066
chr14	106012257	106164215	-0.67036562561929	1.25669484701108	1	-1	0.835065465475674
chr14	106700619	106762254	2.35913927029508	10.2612833453496	10	2	0.99653081562157
chr15	19780202	22569783	-0.984928350323833	1.01050163056219	1	-1	0.910537102869947
chr15	35706373	35791372	-0.835369298227205	1.12087912087912	1	-1	0.897275730137617
chr15	92832588	92915320	6.41584906752931	170.762699860963	171	2	0.999999562177652
chr15	97270374	97300373	4.8870118216485	59.1789347179039	59	2	0.99997985739541
chr16	34729682	34769681	1.70372277899111	6.51480853150179	7	2	0.989689819935173
chr16	46383210	46594342	-0.636657165844886	1.28640314091501	1	-1	0.80375719506399
chr17	62040	2283823	0.726449538389588	3.30912442396313	3	1	0.867935867876793
chr17	7670087	7672818	3.7142883897742	26.2507800744626	26	2	0.999736128726058
chr17	12024637	12141397	7.19669108866078	293.3930911912	293	2	0.99999994964853
chr17	18900186	19242559	0.516923233862728	2.86180075891319	3	1	0.790644775007403
chr17	31094279	31373680	6.30409068421822	158.03394699061	158	2	0.999999410131868
chr17	46337327	46704903	0.803896502690171	3.49161987069132	3	1	0.787357380373509
chr17	64967040	64973572	3.41353172866299	21.3110789083735	21	2	0.999514999207629
chr18	51037323	51093732	3.8534084250716	28.9082310487935	29	2	0.999802283671103
chr18	60372700	60607699	-0.609627955376718	1.31073137388927	1	-1	0.767441542776952
chr18	68134831	68229830	-1.25522381380382	0.837857142857143	1	-1	0.876952581754171
chr18	71321003	71411002	-0.719892080807269	1.21428571428571	1	-1	0.864099989452545
chr19	1208034	1226795	4.9329567036399	61.0939114033322	61	2	0.999981905552854
chr19	4885131	4921971	5.75348569769571	107.895112029839	108	2	0.999997543287646
chr19	24403209	24448208	-0.893819012807082	1.0763751483973	1	-1	0.90529319919641
chr19	27323209	27573208	0.433751741134489	2.70148325801432	3	1	0.518867576310194
chr19	54724340	54744906	1.77817794730837	6.85985436054114	7	2	0.990840897077796
chr19	54747401	54839603	-0.93428754531829	1.04660166172407	1	-1	0.908613594616588
chr19	54839804	54906389	0.594494909496358	3.01988771712176	3	1	0.880952995347545
chr20	6200249	6214618	2.51551411777609	11.4360277265597	11	2	0.997365610215671
chr20	30090650	30145649	-1.04873958963442	0.966780587833218	1	-1	0.909627163269582
chr21	5318938	5373937	-1.16046467219325	0.894736842105261	1	-1	0.898523953993023
chr21	7934957	8044956	-1.19510252598359	0.873510817143654	1	-1	0.892171885241917
chr21	8526388	9192794	-0.834495153725684	1.12155847943473	1	-1	0.897122661248201
chr22	10510202	10696258	-1.2521641791819	0.839635936654492	1	-1	0.87787341237485
chr22	11369687	12052641	-0.543563450043293	1.37214842879759	1	-1	0.61186337660431
chr22	16272841	16342840	4.91565403974445	60.3655705746424	60	2	0.999981158812984
chr22	18202302	18528037	0.574684169795143	2.97870276673807	3	1	0.868355177771459
chr22	23786710	23831850	5.31607988605504	79.6763628451234	80	2	0.999992738942874
chr22	23931873	23993864	0.460178986963948	2.75142496874412	3	1	0.626248646328485
chr22	41160869	41168971	2.87804110306293	14.7030250258231	15	2	0.998639014694735
chrX	2789563	21211871	0.781302062221291	3.43736263736263	3	1	0.818458329937983
chrX	21266872	25455967	0.908207030142416	3.75342337246772	4	1	0.527982924802683
chrX	25455968	26744179	1.12733763878948	4.36910457963087	4	2	0.95593704142032
chrX	26744180	29074698	0.958179824305367	3.88571428571427	4	2	0.630881157811352
chrX	29074699	29363457	0.528857748928139	2.88557283953201	3	1	0.812981378309347
chrX	29363458	34242855	0.939071001357664	3.8345864661654	4	2	0.5631808698956
chrX	34327856	34737330	0.885007818683465	3.69354926004764	4	1	0.60307604623991
chrX	34737331	37577741	1.01707351335894	4.04761904761904	4	2	0.811679047257975
chrX	37637742	41842534	0.814866982817996	3.51827190236039	4	1	0.7694549271837
chrX	41842535	41873429	-0.889817082249582	1.07936507936508	1	-1	0.904872202255744
chrX	41873430	44876881	0.717171724801575	3.28791208791208	3	1	0.873379726672914
chrX	44877054	45255995	7.25785567220042	306.099244149827	306	2	0.999999957746172
chrX	45255996	49336327	0.813809943627627	3.51569506588218	4	1	0.771265705884375
chrX	49594078	55103044	0.876766149537664	3.67250931367924	4	1	0.627530053448122
chrX	55143683	56394764	0.986792269020727	3.96354750812326	4	2	0.726514896927752
chrX	56459765	56942795	0.894184170297977	3.7171171832019	4	1	0.574410989758899
chrX	56942796	58550623	1.12772123226859	4.37026642105009	4	2	0.956117139091857
chrX	62530624	62700623	0.978072257358301	3.93966308460422	4	2	0.698572291143105
chrX	62700624	62905623	1.42645934486119	5.37572502685282	5	2	0.984172863775596
chrX	62905624	66557039	0.989888684032709	3.97206349206349	4	2	0.736112820389377
chrX	66582040	67949199	0.958179824305371	3.88571428571428	4	2	0.630881157811366
chrX	67949200	69463781	0.967126992529943	3.90988721641849	4	2	0.661879036536061
chrX	69463782	73004209	0.97897029613004	3.94211618208589	4	2	0.701507981105954
chrX	73034410	76546140	0.990436750375663	3.97357272846135	4	2	0.737792660394451
chrX	76546141	76646140	1.01424767947064	4.0396986595647	4	2	0.804610979939265
chrX	76646141	76776140	0.675207306472921	3.19365242081972	3	1	0.889453281599158
chrX	76776141	77205719	1.03428280339116	4.09619047619046	4	2	0.850546195310878
chrX	77205720	77290719	0.461864680992389	2.75464170630657	3	1	0.632543417508327
chrX	77290720	78403975	2.31676133675387	9.96425081458577	10	2	0.996265884977547
chrX	78403976	78438975	-4.93640513204334	0.0653166617148187	0	-2	0.725806331735406
chrX	78438976	81667513	0.979944566648042	3.94477924294815	4	2	0.704678542303068
chrX	81667514	81697513	-0.881239721730045	1.08580142191697	1	-1	0.903910480490892
chrX	81697514	82902946	1.16304706223345	4.47859764881173	4	2	0.96816203338073
chrX	82902947	87132444	1.0451739589568	4.12723034517301	4	2	0.871454870204062
chrX	87132445	87157444	-1.30485458152842	0.80952380952381	1	-1	0.859427157394909
chrX	87157445	87417444	1.16222219362391	4.47603771853754	4	2	0.967963709164492
chrX	87472445	88029409	0.820657972274746	3.53242265559239	4	1	0.759198237315874
chrX	88029410	88054409	-0.815816500805808	1.13617376775271	1	-1	0.893583202559745
chrX	88054410	89064517	0.99381853106007	3.98289799330245	4	2	0.748027105898795
chrX	89064518	89089517	-1.47477958297074	0.719576719576716	1	-1	0.74633888825327
chrX	89089518	89289517	1.0743947963295	4.21167699483143	4	2	0.914517337897871
chrX	89289518	89339517	-0.66320722323603	1.26294584407291	1	-1	0.829420742946043
chrX	89339518	89444517	1.23011978336105	4.69172932330824	5	2	0.977300105745342
chrX	89444518	89474517	-0.567655766669036	1.34942447449691	1	-1	0.681412814124475
chrX	89474518	91467027	0.961791077857748	3.8954529180093	4	2	0.643478932147015
chrX	91467028	93249276	0.980357677217853	3.94590897812868	4	2	0.706018343527742
chrX	93343769	95273375	0.958179824305371	3.88571428571428	4	2	0.630881157811366
chrX	95273376	99483939	1.01707351335894	4.04761904761904	4	2	0.811679047257975
chrX	99483940	99513939	-1.35744825219218	0.78054393622438	1	-1	0.834560374403602
chrX	99513940	99903939	1.1092058667961	4.31453735002876	4	2	0.945793735855139
chrX	99903940	99928939	-1.04182017569463	0.97142857142857	1	-1	0.909905366754911
chrX	99928940	101989537	0.938572957206916	3.83326292675035	4	2	0.561409997917462
chrX	102049538	109244736	0.949268711695382	3.86178731647579	4	2	0.599442130003303
chrX	109244737	109269736	-5.95716369221014	0.032191783273732	0	-2	0.716279324283731
chrX	109269737	112600928	0.944980182208265	3.85032488149206	4	2	0.58420452909253
chrX	112600929	114703117	0.901596295939004	3.73626373626373	4	1	0.550235737352083
chrX	114703118	114773646	0.717028705556963	3.28758616220871	3	1	0.873457945152788
chrX	114773647	116888888	1.08746284125034	4.25	4	2	0.928429286722532
chrX	116888889	116983888	-0.527247002864875	1.38775510204081	1	-1	0.556523636629316
chrX	116983889	117358888	1.01707351335894	4.04761904761904	4	2	0.811679047257975
chrX	117403889	117970813	1.08746284125034	4.25	4	2	0.928429286722532
chrX	117972592	118248757	0.684257102328841	3.21374865735768	3	1	0.887113653069774
chrX	118248758	120878842	0.928360384004228	3.80622377807265	4	2	0.525265400573388
chrX	120930192	120956007	-1.05045892140275	0.965629113370039	1	-1	0.909551143083044
chrX	120959378	124364379	0.958179824305371	3.88571428571428	4	2	0.630881157811366
chrX	124364384	124473785	0.590372147005581	3.01127015975701	3	1	0.878772899905451
chrX	124473786	125628329	0.929691339551455	3.8097368227574	4	2	0.529950048048895
chrX	125628330	127206799	0.867688744096962	3.64947450915195	4	1	0.652971439341226
chrX	127206800	127406799	0.469207455001997	2.76869753346257	3	1	0.659023771883724
chrX	127406800	138057498	0.948458773758381	3.85961989360229	4	2	0.596567611658737
chrX	138057499	138112498	-0.527247002864868	1.38775510204082	1	-1	0.556523636629291
chrX	138112499	138568780	0.958179824305371	3.88571428571428	4	2	0.630881157811366
chrX	138568781	138593780	-1.30485458152842	0.80952380952381	1	-1	0.859427157394909
chrX	138593781	144194770	0.990601301997749	3.97402597402597	4	2	0.738295879319349
chrX	144229771	150026466	0.935992752152069	3.82641340908649	4	2	0.552243560141754
chrX	150026467	155645512	0.955202997063851	3.87770484896118	4	2	0.620425834215522
