Chromosome	Start	End	Segment	CNF	CN	Call	ProbCall
chr1	12080	19169	0.658839150292225	3.15762347577287	3	1	0.949952754239529
chr1	1450567	1495978	-1.46484251685391	0.724550164131263	1	-1	0.686932113899609
chr1	16688550	16953540	0.642700986953037	3.12249873411359	3	1	0.948896369164456
chr1	25246375	25390915	-0.671929990226732	1.25533290744119	1	-1	0.740222867068726
chr1	120809685	120890334	-1.0035219832798	0.997561724653814	1	-1	0.855301256598358
chr1	143209147	145330666	0.477443996303443	2.78454961027836	3	1	0.782867293104642
chr1	145341652	145393227	1.32744271610516	5.01914879502925	5	2	0.99816177091866
chr1	182858118	182883568	0.834862666801841	3.56737447558095	4	1	0.860682418224314
chr2	26193449	26239163	0.615089152810385	3.06330528841218	3	1	0.943809980383207
chr2	88782870	88804828	-1.10346513549886	0.930794676394644	1	-1	0.849336139421614
chr2	95848829	95960527	-0.551775257165601	1.36436035819384	1	-1	0.44434789838324
chr2	97144535	97191307	-1.08755418956631	0.941116879225287	1	-1	0.851087696196978
chr2	97507567	97558939	-0.956866252279078	1.03034946965208	1	-1	0.854081724404978
chr2	169563092	169614802	0.434763285320241	2.70337806449339	3	1	0.638247620461261
chr2	171477974	171785595	0.526227758881353	2.88031731806142	3	1	0.879854845937271
chr3	5178161	5184814	8.35689625418702	655.701895049225	656	2	0.999999999999999
chr3	93714064	93906186	0.499659808008096	2.82776025143387	3	1	0.835054872165469
chr3	155925197	156121046	1.43968796770001	5.42524378778437	5	2	0.998632405067252
chr3	156142984	160026787	0.424549898277861	2.68430740659139	3	1	0.595438290327883
chr3	160026988	160285921	0.73057612098457	3.3186031585065	3	1	0.939855575779266
chr3	160377363	198228341	0.524723834039118	2.87731632088857	3	1	0.877757453044362
chr4	9160776	9175774	3.66183757370053	25.313543543806	25	2	0.999997905297123
chr4	9175859	9203269	-2.29668721699673	0.407059835437072	0	2	0.719124562331456
chr4	9210624	9368010	1.34711569865609	5.08806005368073	5	2	0.998270357633988
chr4	54723519	54727332	2.68578685145317	12.8686325401932	13	2	0.99995188277154
chr4	102801327	102809943	0.82390925322736	3.5403923575562	4	1	0.875139810879634
chr4	102811641	103057961	-0.67513163313202	1.25255014931384	1	-1	0.744308771203658
chr5	17491204	17655459	5.12889164146838	69.9810129189623	70	2	0.999999991913096
chr5	34178929	34233813	1.38238475816837	5.21397894915403	5	2	0.998426276912588
chr5	69632197	70512268	-0.586172750652919	1.3322152939128	1	-1	0.557538612476029
chr5	70512349	70530308	0.843204067018894	3.58806012840236	4	1	0.848222977596868
chr5	71197716	71489689	0.513533810818069	2.85508522457146	3	1	0.860582612355661
chr5	72893151	72905528	0.938855415866447	3.83401349722875	4	1	0.581058756557019
chr5	80331635	80360170	2.58166394614167	11.9725947357344	12	2	0.999934540308033
chr5	103005017	103011255	0.688144822424514	3.22242062503178	3	1	0.948736143941709
chr5	112827227	112836688	6.1988873242811	146.920033944798	147	2	0.99999999992598
chr5	171389950	171410525	1.01667574570144	4.04650322620678	4	2	0.752765401941412
chr6	29100865	29262987	1.52214022978203	5.74433636415295	6	2	0.998879417355762
chr6	29736660	29888195	1.20613646788154	4.61437888443453	5	2	0.994815740446787
chr6	30986171	31588142	0.778146542241276	3.42985251728375	3	1	0.917214210741057
chr6	32255707	32396616	-0.926092815768401	1.05256343587491	1	-1	0.851844378705606
chr6	32401635	32746317	5.16523505009113	71.7663205194871	72	2	0.99999999304342
chr6	33092941	33176788	0.685492954895212	3.21650282302792	3	1	0.949006806946458
chr6	110888893	110893102	1.28290374218368	4.86656472244692	5	2	0.997766269921979
chr6	137871517	137881396	1.73440490125263	6.6548442479729	7	2	0.999337988862324
chr7	47582784	47937091	0.632282005865941	3.10002963227781	3	1	0.947499039223723
chr7	50319018	50400774	7.30039042930973	315.258275035795	315	2	0.999999999999664
chr7	74797573	75348786	-0.541731168046951	1.37389222080649	1	-1	0.409306257819344
chr7	92813890	92834147	7.23164739141623	300.588788852587	301	2	0.999999999999522
chr7	103210328	103277703	-1.12363549552436	0.917871758135954	1	-1	0.846653929783584
chr8	7332400	7362983	1.11428424022947	4.32975154308147	4	2	0.963529900943091
chr8	7739059	7973239	-0.796938946292207	1.15113820555117	1	-1	0.826587487674243
chr8	39375698	39648558	1.75307787985621	6.74153854930355	7	2	0.999368589561132
chr8	42089276	43957107	0.515617826387045	2.8592124596875	3	1	0.863999365628838
chr8	45957108	60743194	0.476732964208016	2.78317758343243	3	1	0.78094543483578
chr8	60780950	60816578	7.81935608131227	451.742262782947	452	2	0.999999999999978
chr8	60819991	94865731	0.437776995515133	2.70903117430111	3	1	0.650346366650658
chr8	123780368	145054157	0.513643420509078	2.85530214976272	3	1	0.860764907626541
chr9	21968066	21974385	2.2842139251729	9.74197259778922	10	2	0.999846686343808
chr9	34837642	34895641	0.897846420719636	3.72656499191172	4	1	0.726855748441727
chr9	36840509	37034074	6.84340250673451	229.667436325577	230	2	0.999999999996625
chr9	64126921	64428670	-0.636269263553836	1.28674906697782	1	-1	0.682778421148443
chr9	83842230	83978287	0.584769348102212	2.99959837730615	3	1	0.93213476336516
chr9	105521091	105526500	1.54047836593596	5.81781881022375	6	2	0.99892833122684
chr10	47720031	48011647	0.85538811080473	3.61849081815726	4	1	0.827500638718398
chr10	87864277	87964934	7.25659691789174	305.832288423722	306	2	0.99999999999958
chr10	94733241	95067776	0.474686037364459	2.77923155106263	3	1	0.775321630908669
chr10	133664443	133778707	1.34711569865609	5.08806005368073	5	2	0.998270357633988
chr11	1608345	1630553	1.42610632607656	5.37440978024917	5	2	0.998586798409304
chr11	55343144	57018363	0.447322349134118	2.72701445804763	3	1	0.686885505108133
chr11	100859586	100933191	0.988461856118165	3.96813705628014	4	2	0.635677324341996
chr11	123940549	123995018	0.433037904204759	2.70014691079357	3	1	0.631206382646457
chr12	9480523	9573460	1.14800088277936	4.43213210346289	4	2	0.983019102852827
chr12	31114708	31200611	0.794138536544145	3.46808326497877	3	1	0.905358524025609
chr12	43796896	43804501	1.68024146665559	6.4096317233862	6	2	0.99924129016929
chr12	56107061	56112840	0.421768580029287	2.67913741504273	3	1	0.583344851586749
chr12	64566693	64611410	6.59127866653707	192.842424981643	193	2	0.999999999988439
chr12	111403225	111439011	6.8293802834536	227.446004873898	227	2	0.999999999996383
chr12	112405061	112504889	0.588491607810371	3.00734755498253	3	1	0.933988961665781
chr12	122542009	122562078	-0.724753524194114	1.21020082712095	1	-1	0.791290610459326
chr13	18171403	18219551	-0.585610727338927	1.33273437930006	1	-1	0.555832257708658
chr13	18219563	19171586	0.617797112209345	3.06906055628959	3	1	0.94451474345196
chr13	40976205	41017372	7.19253455523067	292.54901596989	293	2	0.999999999999416
chr13	48304140	48479697	6.88681525323444	236.683488350012	237	2	0.999999999997278
chr13	52532562	52657490	4.06033295727367	33.3666040833962	33	2	0.999999488040206
chr13	57141246	57173577	1.54964026140528	5.85488267625866	6	2	0.998952023608299
chr13	75302095	75310247	2.04260975493408	8.23980248343151	8	2	0.999703234553111
chr14	19499286	19975666	1.04182046966522	4.11764789785551	4	2	0.837303045239285
chr14	35654227	35760891	0.740568346449056	3.3416678609402	3	1	0.936383586588111
chr15	19810202	20535262	-0.856243784833319	1.1047777850351	1	-1	0.841969499607365
chr15	20669445	22202029	-0.923446674570395	1.05449578279649	1	-1	0.85159619898475
chr15	27951708	27990824	-1.2110554893984	0.863904958972234	1	-1	0.828472327734428
chr15	82812954	82819574	-1.81979213309075	0.566523562820849	1	2	0.619940470988038
chr15	92832588	92915320	6.63625210285867	198.948622926285	199	2	0.999999999990698
chr16	35090462	36248209	0.441458059115779	2.71595214416229	3	1	0.66476578902431
chr16	74360587	74421281	1.07005510795838	4.19902712555627	4	2	0.905266956044928
chr17	3154020	3197671	4.11613832949099	34.6825562366305	35	2	0.999999582219309
chr17	7670087	7672818	3.89901508018462	29.8366794408171	30	2	0.999999086180955
chr17	12024637	12141397	7.17959660937064	289.93719422946	290	2	0.999999999999376
chr17	18428286	18622696	-1.47134998551245	0.721289343561925	1	-1	0.68086565667996
chr17	19030573	19222359	0.522713672863378	2.87331003971047	3	1	0.874878749723635
chr17	31095295	31373680	6.07116028667006	134.471840928017	134	2	0.999999999866642
chr17	45503264	46332613	-1.46712038811762	0.723407074494758	1	-1	0.684825350852959
chr17	46334772	46476306	0.427659638557865	2.69009969231079	3	1	0.608750626274573
chr17	67738277	67743984	0.884847272175826	3.69313825604163	4	1	0.762866658004309
chr18	14187229	14523647	-0.704017749379079	1.22772057925926	1	-1	0.77491462113671
chr18	51047024	51078532	4.83698255967181	57.1619235322368	57	2	0.999999973506305
chr19	1208034	1226795	4.70138563258	52.0341053916852	52	2	0.999999954648205
chr19	4885131	4921971	5.73593337420862	106.590376057783	107	2	0.999999999397268
chr19	34500085	35269212	0.429627961569342	2.69377240116064	3	1	0.617055318798192
chr19	35269412	37413293	0.486676918393752	2.8024272436277	3	1	0.806368777362738
chr19	43418345	44909252	0.658776783689557	3.15748697707662	3	1	0.949951120172959
chr19	54747401	54855942	-1.56715165295816	0.674948039765432	1	-1	0.574286857767195
chr19	54865686	54906389	1.34711569865609	5.08806005368073	5	2	0.998270357633988
chr20	6200249	6214618	2.87034307003504	14.6247805341668	15	2	0.99997246398317
chr21	8556388	10128887	-0.623426068755337	1.29825513455297	1	-1	0.655914070460726
chr21	10136682	10570536	0.622667821996808	3.07943957974793	3	1	0.945662125359488
chr21	10577432	10798737	-0.546641900819347	1.36922363335887	1	-1	0.42647130456041
chr21	13398865	13426290	-0.676912518093211	1.25100493604682	1	-1	0.746515102336285
chr22	18203146	18892950	0.511301986768808	2.85067187212789	3	1	0.856807300748879
chr22	21468232	21550475	0.692815290088006	3.23286954070422	3	1	0.948181709972936
chr22	23786710	23831850	5.43399758711731	86.46219680362	86	2	0.999999997758949
chrX	2789563	35544958	0.608016642733306	3.04832482553631	3	1	0.941731592649265
chrX	35544959	37659726	0.712203843283438	3.27660972205292	3	1	0.944793816045117
chrX	37667223	44876881	0.580760072131725	2.99127401055918	3	1	0.929985734579654
chrX	44877054	45111334	7.61100480503485	390.994581720901	391	2	0.999999999999934
chrX	45111353	58550623	0.588260836043978	3.00686654175095	3	1	0.933877825966168
chrX	62470624	67924199	0.822341835126364	3.53654798193201	4	1	0.877045311696966
chrX	67924200	75743055	0.615619570474331	3.06443174266362	3	1	0.943951883068396
chrX	75743364	77826242	6.41964242213598	171.212286088191	171	2	0.999999999973722
chrX	77829099	102514356	0.578636477137951	2.98687420222661	3	1	0.928780858337945
chrX	102514940	105446447	0.611993585593401	3.05673945084572	3	1	0.94294352015347
chrX	105484279	107116096	0.467390778526756	2.76521331675553	3	1	0.754164953826703
chrX	107116604	115123865	0.627489395344273	3.08974846836924	3	1	0.946652096414355
chrX	115123876	115156719	-1.00973096095694	0.993277708223543	1	-1	0.855272064611775
chrX	115163673	124364504	0.611871135964973	3.0564800192157	3	1	0.942907882539533
chrX	124365706	133027291	0.582012141196598	2.99387116880992	3	1	0.930674254573062
chrX	133027292	135719118	0.941435347503538	3.84087589160438	4	1	0.570392351716869
chrX	135812049	156003464	1.02253482778908	4.06297032582821	4	2	0.774407399153369
