Chromosome	Start	End	Segment	CNF	CN	Call	ProbCall
chr1	15659793	15835889	-0.450457117858907	1.4636218739435	1	-1	0.419025570124231
chr1	16764404	16953540	0.751739654525639	3.36764404219228	3	1	0.906054276184223
chr1	25258956	25390915	-0.801528527273501	1.14748196005263	1	-1	0.820982510726427
chr1	44462942	44880051	0.426905014686667	2.68869296215379	3	1	0.794982492827817
chr1	65190791	65228136	1.21451117004086	4.64124279364428	5	2	0.959043122931009
chr1	109681709	109700399	-2.99293515139468	0.251227247423452	0	-2	0.56488995738559
chr1	120197904	120808707	0.425000249507556	2.6851454699442	3	1	0.78949915975008
chr1	146071097	146087661	-0.747446936962834	1.19131345671824	1	-1	0.805051315149369
chr1	146138269	146142827	-3.02511508923824	0.245685549589311	0	-2	0.567688983634544
chr1	146144630	146298705	1.00662123351297	4.01840014871109	4	2	0.538412145222122
chr1	148592603	149472900	0.401681269035341	2.64209303590426	3	1	0.70882566745451
chr1	149536490	149541395	-0.535515412224926	1.37982431408392	1	-1	0.649961063220164
chr1	158724131	158809077	0.868561504994269	3.6516829330897	4	1	0.801011415133714
chr1	182853886	182883568	0.435245050500003	2.70428096556627	3	1	0.817131699386592
chr1	207477872	207609774	0.500729395414508	2.82985747788329	3	1	0.911479143189219
chr2	86865614	86878974	-0.727702300190447	1.20772978055448	1	-1	0.797900723676208
chr2	86879429	86951413	0.395148228000646	2.63015573877798	3	1	0.681713422362696
chr2	94197668	95799073	0.470418459670548	2.77102256623775	3	1	0.881981130715649
chr2	95838741	95958645	-0.510576373759762	1.40388389543894	1	-1	0.60189887227356
chr2	96283852	96929354	0.819333656290955	3.52918157053071	4	1	0.859993283364736
chr2	97152442	97191307	-1.23001066014818	0.852628591627974	1	-1	0.807449599432754
chr2	97507961	97560805	-1.40970445256892	0.752777570319366	1	-1	0.713345922295485
chr2	111321415	122215580	0.806084324832881	3.4969188688982	3	1	0.871630519231693
chr2	171517245	171785595	0.623882712596228	3.08203386180623	3	1	0.936887422484962
chr2	174380083	174387854	-4.93939197993316	0.0651815748696101	0	-2	0.596467586277562
chr3	5178161	5184814	8.51942220470603	733.891106800982	734	2	0.999999999952772
chr3	52256113	52267104	0.35856847744884	2.56430608469925	3	1	0.501573749771241
chr3	93714064	93924368	0.636562618081811	3.10924137178569	3	1	0.935943919303659
chr3	98149921	98660477	0.624807800983752	3.08401076472883	3	1	0.936832760901676
chr3	155925197	156121046	1.18049091463225	4.53307777677159	5	2	0.937968914480654
chr4	9160776	9222080	1.15178003015066	4.44375731670577	4	2	0.909071692374557
chr4	9250438	9364635	0.722072624442152	3.29910026507835	3	1	0.918109264324427
chr4	9367841	9483824	-0.936349176220918	1.04510712177928	1	-1	0.841659622753611
chr4	54723519	54727332	2.52070048550109	11.4772132724455	11	2	0.998137227714182
chr4	67492702	67495287	-2.13701491526272	0.454699424978656	0	2	0.530247712961527
chr4	68474618	68669987	0.791316548934795	3.46130614152011	3	1	0.882921519946425
chr4	69937027	70082800	-0.500670782284526	1.41355617541435	1	-1	0.578491082399918
chr4	190066847	190196187	1.15178003015066	4.44375731670577	4	2	0.909071692374557
chr5	17491204	17655459	5.37921722152738	83.2407016958235	83	2	0.999998276484484
chr5	34178929	34193613	1.85602051338121	7.24015464858689	7	2	0.993378493365223
chr5	70487640	70520200	-1.4412267558459	0.736508073024944	1	-1	0.687986346443778
chr5	72893474	72905396	1.41204577264404	5.3222850227345	5	2	0.98552358172358
chr5	80331635	80360170	2.6824692633702	12.839074129965	13	2	0.998659984201521
chr5	112827227	112836688	6.26736385423757	154.061637472881	154	2	0.999999880728413
chr5	171391180	171410525	1.14401991520822	4.41991895209302	4	2	0.899004828748744
chr6	105929	152906	-0.892537935235368	1.07733136743667	1	-1	0.837588047328063
chr6	29723470	29945584	1.30180225947025	4.9307334329881	5	2	0.979733047618477
chr6	31166958	31354627	1.26845001094486	4.81805215578238	5	2	0.975181079995783
chr6	31355052	31356634	-0.924572855042663	1.05367295528367	1	-1	0.840797864364298
chr6	31869475	31871551	1.96582147358341	7.81270138850159	8	2	0.994578445086791
chr6	31965604	32045432	-0.702154170231439	1.229307493165	1	-1	0.787436445556233
chr6	32339520	32443515	-1.31539688955785	0.803629879437674	1	-1	0.772269641165661
chr6	32443676	32758098	5.85774403994553	115.980949165846	116	2	0.999999579015248
chr6	33092941	33129196	3.00919555159831	16.1023076320682	16	2	0.999327625122955
chr6	110888893	110893664	1.10716854133918	4.30844880539815	4	2	0.835367763304054
chr6	123218441	123278415	-0.853075734364512	1.10720646008776	1	-1	0.831815686431443
chr6	137871517	137881396	2.09657575638003	8.5538609568898	9	2	0.995748371868518
chr7	50319018	50400774	7.25507142671413	305.50907535941	306	2	0.999999995367771
chr7	63124579	63456022	-0.507601604886942	1.40678162403019	1	-1	0.59514842627228
chr7	73248546	73259408	-1.2404369809602	0.84648887871715	1	-1	0.80393179264731
chr7	74810785	74913281	-0.559590232765941	1.35698969714772	1	-1	0.684572002701865
chr7	92813890	92834147	7.71628873547482	420.59524668838	421	2	0.999999999080727
chr7	100733980	100738579	-5.23952003570194	0.0529391912158037	0	-2	0.576765523427356
chr7	100981375	101051945	-0.477031159994552	1.43690914118089	1	-1	0.511491871292753
chr7	103175442	103277703	-1.11798979368284	0.921470705101685	1	-1	0.833993206140264
chr8	64084	213735	-0.795701575789965	1.15212593714155	1	-1	0.81950361514822
chr8	6936680	7362983	0.404366758030028	2.64701571146246	3	1	0.719408116881168
chr8	7372994	7541818	-0.527242023893848	1.3877598914136	1	-1	0.635592592919504
chr8	7546985	7743454	0.420044791614812	2.67593818862121	3	1	0.774467554056723
chr8	25435478	25468492	0.796925432063484	3.47478913608132	3	1	0.87882775125814
chr8	39285132	39648558	2.18680675775277	9.10593245388322	9	2	0.996416208468313
chr8	60780950	60816090	7.34391453503993	324.914098405997	325	2	0.999999996590766
chr8	73020552	73027202	0.576620526843426	2.9827034074844	3	1	0.93636104053506
chr8	86461106	86466884	0.6815675474045	3.2077629837522	3	1	0.92921949284767
chr8	93704761	93728293	0.509717346470425	2.84754244460808	3	1	0.917192778974763
chr8	94739418	94761889	1.01004505049559	4.02794797748005	4	2	0.549944462163911
chr9	21968066	21974385	2.03303579347613	8.18530283392333	8	2	0.995212057229889
chr9	33543053	33638570	-0.581579372253819	1.33646367684741	1	-1	0.709054962328961
chr9	34838268	34895641	0.730956457065771	3.31947815348005	3	1	0.914894040121579
chr9	36840509	37034074	6.86449249138892	233.049481259789	233	2	0.99999998266725
chr9	42860442	43186461	-0.522386146769456	1.39243873544701	1	-1	0.626463696156968
chr9	64118053	64428670	-0.84798894692008	1.11111724134854	1	-1	0.830918296295292
chr9	105521091	105526500	1.29558404575882	4.90952702897764	5	2	0.979067446607734
chr10	32517917	32847966	-0.716983476827571	1.21673629382334	1	-1	0.793685068131838
chr10	37149615	37197457	-1.82991635661094	0.562561857148597	1	2	0.474363439982611
chr10	45684374	45965892	-0.552041268468155	1.36410881382174	1	-1	0.67473830254936
chr10	47483864	48053737	0.482498363470516	2.79432216674336	3	1	0.895955895734193
chr10	87864277	87964934	7.3513300323707	326.588466431446	327	2	0.999999996677248
chr10	94694802	95065033	0.466345034910245	2.76320966642506	3	1	0.876462380487568
chr10	133679261	133778707	1.15178003015066	4.44375731670577	4	2	0.909071692374557
chr11	86608	128249	-0.65747910206276	1.26797025138637	1	-1	0.765232470260315
chr11	1608345	1630553	1.4629426846247	5.51340157118468	6	2	0.986832698777846
chr11	32635622	32760218	-0.688147110636121	1.24130091045948	1	-1	0.781056681204485
chr11	55343144	55856213	0.563205351900294	2.95509672301131	3	1	0.934767033766831
chr11	89845449	89956739	-0.593533753809617	1.32543529834742	1	-1	0.720293551038201
chr11	89968440	89971755	0.886708655328564	3.69790626433618	4	1	0.771513270027414
chr11	89972111	90222867	-0.442964567576643	1.47124287896698	1	-1	0.390732784645908
chr11	100859420	100933191	1.37817758068332	5.19879612791554	5	2	0.984418085278111
chr11	110247763	110264786	0.926729794679319	3.80192426801888	4	1	0.688105390950846
chr11	123940549	123995018	0.506459755761711	2.84111997643253	3	1	0.915248748747924
chr12	10422223	10450031	-1.13351736377865	0.911606196486815	1	-1	0.831429424561001
chr12	31114708	31615139	0.634268664593888	3.10430145903833	3	1	0.936145438470662
chr12	43796896	43804659	1.15269067818969	4.44656316007885	4	2	0.910184495062714
chr12	56107061	56112840	0.697901763604261	3.24428770383772	3	1	0.925383785027492
chr12	64566693	64622708	6.75260159165278	215.658024952655	216	2	0.999999974917401
chr12	88046687	88054465	0.486564672578425	2.80220921522572	3	1	0.899943318923079
chr12	88055511	88139178	-0.517681652271499	1.39698676011471	1	-1	0.617092880671589
chr12	111403225	111439011	6.905838492356	239.825040826574	240	2	0.99999998489418
chr13	18171403	18219053	-1.40461066268149	0.755440134442011	1	-1	0.717159316369159
chr13	27089774	27116660	1.56007029189762	5.89736419726226	6	2	0.988864726395276
chr13	40958871	41068779	7.12498827333799	279.167710393427	279	2	0.99999999277455
chr13	48304140	48479697	6.83596658631723	228.486732745977	228	2	0.999999980947921
chr13	52473826	52658583	0.591344557015876	3.01330051005254	3	1	0.937287198945446
chr13	52659069	52687886	-0.816765107972395	1.13542695134901	1	-1	0.824597364400744
chr13	57141246	57173577	2.07075396304622	8.4021233332883	8	2	0.995537391017156
chr13	75302095	75310247	1.94103337782962	7.67961175982218	8	2	0.994326220223079
chr14	19499286	19669708	2.04133935536003	8.23254992224067	8	2	0.995285475084916
chr14	35625252	35761049	0.838080801477339	3.57534088906736	4	1	0.840724418579465
chr14	35762618	35775846	-1.48019563596126	0.716880405196774	1	-1	0.652274094977093
chr14	92003400	92080511	-0.521877347621358	1.392929897173	1	-1	0.62547571566878
chr14	105921135	106874939	-0.653420732759818	1.27154213318313	1	-1	0.762920642984499
chr15	19810202	22574066	-1.15150095704792	0.900313303505308	1	-1	0.828040768356684
chr15	70763324	70836513	1.22723073751068	4.6823433768616	5	2	0.964311145647771
chr15	82812954	82819574	-6.20667561281956	0.027079114764448	0	2	0.534051664918842
chr15	92832588	92915320	6.46944345572318	177.225630912442	177	2	0.999999937156449
chr15	101966105	101978886	0.784587429330787	3.4451992667598	3	1	0.88753854098893
chr16	14470902	15029002	0.501452353145165	2.83127592043454	3	1	0.911980623434184
chr16	18339805	18411910	0.875068252714133	3.66818970774759	4	1	0.790980788147184
chr16	46398210	46554077	-0.55656185964472	1.35984115718602	1	-1	0.680727071994069
chr16	81012027	81017877	-1.49096158231498	0.711550678326339	1	-1	0.64153261636378
chr17	7670087	7674829	1.29414155998552	4.90462066732519	5	2	0.978902976564336
chr17	10359889	10539934	0.491675132594302	2.81215308528705	3	1	0.90450374457597
chr17	12024637	12141397	7.44525919331057	348.559030004877	349	2	0.999999997603748
chr17	18595123	18622696	-1.34351219652358	0.788120319934303	1	-1	0.75715299467586
chr17	19030573	19222359	0.89302448877533	3.7141304535514	4	1	0.76009232760596
chr17	31094279	31373680	6.47201872603845	177.542268514886	178	2	0.999999937672453
chr17	46193596	46557626	-0.579948963091173	1.33797488626817	1	-1	0.707421720709737
chr18	51047024	51078532	4.91752674539024	60.4439796245607	60	2	0.999993709110658
chr19	1208034	1226795	4.73126028225167	53.1228367118813	53	2	0.999989584153092
chr19	4885131	4921971	5.68996460208013	103.247611869216	103	2	0.999999304500948
chr19	20948611	21310720	0.362843906618321	2.57191668151351	3	1	0.524272584247943
chr19	54219334	54223009	-1.95746797145692	0.514959910575124	1	2	0.52183358068623
chr19	54632483	54739706	0.372992740239354	2.5900729642149	3	1	0.577024843931577
chr19	54747401	54786503	-1.07533767611181	0.949119944652814	1	-1	0.839397147629365
chr19	54786508	54909425	1.15178003015066	4.44375731670577	4	2	0.909071692374557
chr20	6200249	6214618	2.52664501812447	11.5246019594899	12	2	0.99815937719105
chr21	13406463	13427926	-0.6865291739312	1.24269377091671	1	-1	0.780287944460325
chr22	11477166	11962641	-2.25451129260137	0.419135523836331	0	2	0.519010020763597
chr22	18773732	18887005	0.514807483451253	2.85760692838905	3	1	0.919966275797236
chr22	23786710	23831850	5.56083543125633	94.4078834977365	94	2	0.99999898234676
chr22	23941098	23961138	1.52538717241414	5.75727917917062	6	2	0.988183080270562
chr22	25231652	25559745	-1.43474147072689	0.739826318762112	1	-1	0.693456020926945
chr22	38961985	39014377	-4.8066765610687	0.0714621653264352	0	-2	0.603022057334504
chr22	41160869	41173780	1.10700828990844	4.30797025884384	4	2	0.835029800143312
chrX	284105	9030403	0.995092501181327	3.98641663992636	4	2	0.499929264246699
chrX	9032104	24995992	0.664533797850332	3.17011196966633	3	1	0.932397473825084
chrX	25004591	37796213	0.773744457959539	3.41940298507462	3	1	0.894349046964837
chrX	37798915	39005682	0.550220430865015	2.9286188244028	3	1	0.932393645764298
chrX	39052695	58510623	1.56253969753276	5.90746713276314	6	2	0.988911762595567
chrX	62510624	80682663	0.904933661671109	3.74491678617021	4	1	0.736828370609582
chrX	80683940	93488768	0.727316821771863	3.31111431881709	3	1	0.916249310317703
chrX	93488769	115156719	0.881935941071131	3.68569308803683	4	1	0.779738084447274
chrX	115163673	124364504	0.81602919858015	3.5211073169179	4	1	0.86303932621624
chrX	124365706	133027291	0.8585698843248	3.62647997949793	4	1	0.815297218841106
chrX	133027292	156027976	1.06123039328658	4.17342080142059	4	2	0.716993363466857
