Chromosome	Start	End	Segment	CNF	CN	Call	ProbCall
chr1	11868	897434	0.968342203680782	3.91318198076254	4	2	0.657461888697121
chr1	20196249	35800167	0.470628627339688	2.77142627024941	3	1	0.768790662642844
chr1	228106678	228512305	0.716507497146559	3.28639865686517	3	1	0.87270895299244
chr1	235540052	248937043	0.728825205577272	3.31457800511509	3	1	0.864957602390967
chr2	12952935	88438815	0.425684743478355	2.68641975308642	3	1	0.640307178563354
chr2	88446786	90305570	1.53419976350664	5.79255470304065	6	2	0.978140623258625
chr2	94145201	130283329	0.385143134491989	2.61197870427033	3	1	0.481164523729198
chr2	130283530	204379792	0.691877704637668	3.23076923076923	3	1	0.884797898060067
chr2	204379993	242175634	-0.588656984278898	1.32992327365729	1	-1	0.768922169963497
chr3	90170696	90721908	-0.692172102157489	1.23784261715296	1	-1	0.860045555789996
chr3	163489566	198228376	1.15799526934783	4.46294265511635	4	2	0.959295333574886
chr4	10202	41298655	0.469485283301222	2.76923076923077	3	1	0.766232289468539
chr4	49072282	49649729	-0.878403428037526	1.08793817353225	1	-1	0.90821005808868
chr4	68282460	69423164	-0.539357564983157	1.37615448609182	1	-1	0.674539886022056
chr4	95705494	171788963	-0.623097629607926	1.29855072463768	1	-1	0.811079803860274
chr5	8718084	16936276	0.465790799743478	2.76214833759591	3	1	0.757720603352047
chr5	16941842	17654643	1.38230071286684	5.2136752136752	5	2	0.975258423722587
chr6	60202	29128908	1.00041058927218	4.00113855719384	4	2	0.757128808021957
chr6	30359277	32455246	1.02606881166759	4.07293505963452	4	2	0.822396976785045
chr6	32459820	32731695	-1.37292829322346	0.772213513736491	1	-1	0.889921190349767
chr7	6490792	58117246	-0.611434712082345	1.30909090909091	1	-1	0.798570834258495
chr7	60887247	63393657	-0.646985685010568	1.27722643227713	1	-1	0.832166351037435
chr7	142300923	142353358	3.56820852856938	23.7229008406183	24	2	0.992479557820458
chr7	142358638	142441325	1.77241894465687	6.83252552626633	7	2	0.981763522506329
chr7	142450946	142544685	3.47455353671094	22.2318104906936	22	2	0.992290154449018
chr7	142554835	142616415	-5.91338380919835	0.0331836453505598	0	-2	0.99994291750781
chr7	142618848	142671244	3.75150559453797	26.9367818128543	27	2	0.992787677591837
chr7	142681414	142789040	-5.34722702091724	0.0491308489736754	0	-2	0.999727860877492
chr8	264904	7519511	-1.61122975469485	0.654638449566815	1	-1	0.78524110846142
chr8	7525142	7706113	1.23051761510754	4.69302327400007	5	2	0.970105751586384
chr8	7715442	15385769	-1.39273677430364	0.761683329458266	1	-1	0.885075750063098
chr8	35064834	43974791	1.11093296492706	4.31970551880922	4	2	0.93838811184689
chr8	45934792	145076885	0.492000679066329	2.81278772378517	3	1	0.810366112786649
chr9	12133	33510711	-0.6204930714009	1.30089717046239	1	-1	0.808425768031578
chr9	40883964	42196662	0.455662123869555	2.74282413833707	3	1	0.732423827086677
chr10	14060	20582246	0.806591598620086	3.49814865560217	3	1	0.780587164157525
chr10	96730715	97771952	0.703606997219777	3.25714285714286	3	1	0.879577586266262
chr11	60202	777488	0.379977612705864	2.60264332355873	3	1	0.459285396915805
chr11	65147979	111513021	0.847996906554948	3.59999999999999	4	1	0.700763957006684
chr11	111513438	135075899	-0.696323609668859	1.23428571428572	1	-1	0.862038806799569
chr13	18174009	47729434	-0.584962500721156	1.33333333333333	1	-1	0.763374482780138
chr13	90043079	114346637	0.526068811667586	2.88	3	1	0.855571777215165
chr14	18227823	20823478	-1.05247972457725	0.964277489969964	1	-1	0.919904002482229
chr14	22505109	103550406	-0.584962500721156	1.33333333333333	1	-1	0.763374482780138
chr14	103553420	105858242	-0.512934960302403	1.4015906342818	1	-1	0.604508726126292
chr14	105859483	106165730	2.63324718942802	12.4084171609342	12	2	0.989284581267148
chr14	106850884	106879812	3.70437808933023	26.0710736097807	26	2	0.992715993695916
chr15	20826453	21017816	-0.796392438713951	1.15157435103306	1	-1	0.894233311440753
chr15	64719803	85169345	0.536180127634876	2.9002557544757	3	1	0.864978789382703
chr16	28324050	31669422	0.75014190205173	3.36391651623171	3	1	0.848456919502732
chr16	46382717	90222678	-0.599787533447843	1.31970224979338	1	-1	0.78434401641399
chr17	64098	2558094	0.457789401865924	2.74687146164857	3	1	0.737978781220279
chr17	40993429	41435249	2.11379733998625	8.65658105300278	9	2	0.985570734787389
chr18	11102	15410482	-0.521542788420362	1.39325295335525	1	-1	0.628780910870133
chr18	29898442	80257746	-0.673545881865411	1.25392765801973	1	-1	0.850065853941539
chr19	27243626	34021895	-0.562936194391159	1.35384615384615	1	-1	0.725400398308735
chr19	53629712	53761222	-5	0.0625	0	-2	0.999320920029899
chr19	56066683	58599801	-0.477625671890154	1.43631713554987	1	-1	0.493344920313945
chr21	30214005	30747233	1.29278174922785	4.90000000000001	5	2	0.973029729764358
chr22	10510202	12896842	-0.578405148689422	1.3394074069436	1	-1	0.752968484184082
chr22	15156843	16897546	-1.159261252989	0.895483495191243	1	-1	0.917920439535839
chr22	22580013	22919851	1.75338419009014	6.74297005175259	7	2	0.98150742514403
chr22	42679769	50801309	-0.599787533447843	1.31970224979338	1	-1	0.78434401641399
chrX	10202	48448879	-0.609558644651792	1.31079434625796	1	-1	0.796402176082288
chrX	49331615	58546333	-0.824428435416547	1.12941176470588	1	-1	0.899850554359803
chrX	62466334	139517876	-0.736965594166206	1.2	1	-1	0.878152611988671
chrX	140092762	156027877	-0.626439136697313	1.29554655870446	1	-1	0.814374005633922
