Chromosome	Start	End	Segment	CNF	CN	Call	ProbCall
chr1	1450567	1512483	-0.714599442735394	1.21874859632777	1	-1	0.795283412377981
chr1	25258956	25390915	-1.33761711856094	0.791347291501286	1	-1	0.780414993500452
chr1	103546308	103571735	-4.85312845693326	0.0691978749075461	0	-2	0.572635690148066
chr1	146078084	146098060	1.02395398927229	4.06696898648604	4	2	0.608460607627631
chr1	146109791	146126389	0.759896177395062	3.3867375163301	3	1	0.919364092249507
chr1	146144630	146298705	0.886700694121558	3.69788585828001	4	1	0.793624296177155
chr1	148592603	148679715	0.529708238585141	2.88727442809066	3	1	0.847300949208375
chr1	149536490	149548372	-0.732307164189804	1.20388103564129	1	-1	0.80938122966533
chr1	152600663	152614198	-5.63380942931229	0.0402795275164326	0	-2	0.535912527829403
chr1	158724131	158809077	0.436254527922632	2.70617385755399	3	1	0.601110801028953
chr1	182858118	182881271	0.49163282717501	2.81207062325058	3	1	0.772593703238412
chr1	207477872	207611668	0.466592145256771	2.76368300012345	3	1	0.7042407896576
chr2	63920433	63947500	-0.870387501037648	1.09399981863811	1	-1	0.862908198468349
chr2	86865614	86878974	-1.72544790757292	0.604809242829575	1	2	0.472033956247421
chr2	95848829	95948662	-0.907542824616695	1.06618454557814	1	-1	0.868577196609998
chr2	97144535	97191307	-0.819661581555912	1.13314966133365	1	-1	0.850798240255746
chr2	97504815	97576429	-0.907313315347833	1.06635417165534	1	-1	0.86854910948423
chr2	113074244	113439158	0.591327407340332	3.01326469041121	3	1	0.911162618174383
chr2	171517245	171785595	0.462203034703941	2.75528782521805	3	1	0.690629860577299
chr2	174380083	174387854	-5.1283607310936	0.0571793990983115	0	-2	0.563713161330503
chr3	5178161	5184814	8.00477418724918	513.697124314175	514	2	0.999999975044124
chr3	93714064	93928841	0.516808700597463	2.86157357411953	3	1	0.825652918123596
chr3	98149921	98391234	0.935559713761027	3.82526504771804	4	1	0.679329357172517
chr3	155925197	156121046	1.07582909068426	4.21586622967775	4	2	0.77890054290388
chr3	160357459	160375948	-1.2868813939313	0.819671991300485	1	-1	0.810269551798232
chr4	68471414	68669987	0.560430737315929	2.94941889449179	3	1	0.886198330985169
chr4	190071035	190196187	0.526542043985468	2.8809448515395	3	1	0.842307831493244
chr5	17491204	17655459	5.7051144996004	104.33753897557	104	2	0.999990063776843
chr5	34179498	34193613	1.53667560741091	5.80250398112913	6	2	0.977696148373799
chr5	70421269	70512268	-0.777982477755752	1.166363535764	1	-1	0.835449493259822
chr5	72891729	72905396	1.39259546085869	5.25101188438647	5	2	0.972901175166173
chr5	80331635	80360170	2.52974066827634	11.5493573222395	12	2	0.994831748593597
chr5	103005017	103011255	0.753145151893262	3.37092645534208	3	1	0.921999056663232
chr5	112827041	112836688	5.99649743590527	127.689619491522	128	2	0.999995021224868
chr5	171391180	171410525	1.22971021589169	4.69039757479724	5	2	0.958256038057836
chr6	29100865	29262987	0.801515037270045	3.48586098709557	3	1	0.896382579193966
chr6	29791232	29797299	-2.57019605513244	0.336762626728571	0	2	0.520001197663094
chr6	29826895	29943037	2.30899785483138	9.91077484575496	10	2	0.992692153729711
chr6	31166958	31272075	2.42985527359519	10.7767874689484	11	2	0.993945736224416
chr6	31272276	31356634	-0.550172334821951	1.36587708835243	1	-1	0.427541961562626
chr6	31869475	31880461	0.861496937114268	3.63384513533047	4	1	0.83453861510948
chr6	31980662	32045432	-1.26591747327043	0.831669671155755	1	-1	0.820399286906357
chr6	32443676	32763575	2.3157057817875	9.95696308754142	10	2	0.992767404748965
chr6	33092941	33133587	2.07373474151656	8.41950105919951	8	2	0.989567720308805
chr6	42187754	42208984	-1.12317346265222	0.918165759867611	1	-1	0.863355714304245
chr6	110888893	110893664	1.26378586972168	4.80250085161996	5	2	0.964461214753346
chr6	137871517	137881396	1.56973042934737	5.93698484055889	6	2	0.978669425548902
chr7	35121384	35162006	-0.919021543120121	1.05773516881406	1	-1	0.869879845798998
chr7	38349116	38385086	-0.874291775255616	1.09104319867709	1	-1	0.863616226046028
chr7	50319018	50400774	6.97027924691858	250.780132290163	251	2	0.999999571028014
chr7	92813890	92834147	7.77914438583037	439.324877290431	439	2	0.999999952604008
chr7	99649912	99861962	0.47256440458425	2.77514740645404	3	1	0.721989167585396
chr7	102480350	102667259	0.837237078597862	3.57325055472285	4	1	0.864704687012463
chr7	144187237	144397682	-0.701714698597114	1.22968202004046	1	-1	0.783100768875545
chr8	64084	7216688	-0.711554759935217	1.22132337554167	1	-1	0.792563992401432
chr8	7362780	8225076	-1.89675492674372	0.537093465114554	1	2	0.565622345435909
chr8	12015111	12727311	-1.15326193877132	0.899215033936997	1	-1	0.857476238252616
chr8	39375698	39668206	3.58110783294623	23.935961138875	24	2	0.999154421456637
chr8	53953988	54500380	0.804922626172586	3.49410418476658	3	1	0.89390502607002
chr8	60620629	60816090	7.19879719664249	293.821711768939	294	2	0.999999766224482
chr8	94467427	94866268	0.681654154808173	3.20795555692587	3	1	0.93522226551752
chr8	123777275	123780154	-1.8706139747059	0.546914048239898	1	2	0.558415453791544
chr9	21968066	21974385	1.77888351131438	6.86321005936849	7	2	0.984020596926483
chr9	33543053	33638570	-0.723487479145518	1.21126331170698	1	-1	0.802707527261033
chr9	34838268	34895641	0.938998198665643	3.83439296638485	4	1	0.669361836401792
chr9	36840509	37034074	6.68260158581546	205.444028321755	205	2	0.999999094555333
chr9	42625438	43216461	-0.545889630318276	1.36993777953096	1	-1	0.412232554317421
chr9	105521091	105526500	1.13787993700534	4.40114815283716	4	2	0.900468893331442
chr10	37149615	37199805	-1.24457163263504	0.844066380492811	1	-1	0.829544663715552
chr10	47483864	48053737	0.677470471373796	3.19866625530527	3	1	0.935216558342707
chr10	48057264	48180982	-0.653635846709272	1.27135255322945	1	-1	0.71783795904128
chr10	87864277	87964934	7.38671809879566	334.698459082901	335	2	0.999999859369453
chr10	94694802	95065033	0.600458056229269	3.03239576701441	3	1	0.916439698263659
chr10	133665184	133778707	1.06323785509137	4.17923201873418	4	2	0.742485749981334
chr11	32635622	32699330	-1.94404711083497	0.519772744265423	1	2	0.573628003701383
chr11	55467143	55856213	0.471827438621732	2.77373015135665	3	1	0.719847698519792
chr12	31114708	31615139	0.503521958326738	2.83534041646081	3	1	0.799527739183061
chr12	40474955	40491243	-1.37747035426551	0.769786163991936	1	-1	0.750850073600374
chr12	43796896	43804659	1.33067503653204	5.03040667313656	5	2	0.970123849904579
chr12	52702766	53034836	0.613668989021889	3.06029130791293	3	1	0.922683405881486
chr12	56107061	56117475	0.612846128643078	3.05854632758949	3	1	0.922338964543072
chr12	63595950	63647427	-1.00569596749817	0.996059639860806	1	-1	0.873812793573133
chr12	64497635	64622708	6.5338578560491	185.317826415108	185	2	0.999998677624681
chr12	78890758	80456351	0.454435204566482	2.74049253447257	3	1	0.665397492223254
chr12	80456541	82477414	0.788028055892247	3.45342539193377	3	1	0.905228515118021
chr12	111403225	111439011	6.86540325909479	233.196650929763	233	2	0.999999435497533
chr13	18171403	18761939	0.4973323600188	2.82320200540233	3	1	0.785938191246673
chr13	19450006	19465630	-2.05843391252864	0.480152996923146	0	2	0.575178376655562
chr13	38354283	38360117	-1.05362253727153	0.963513952162475	1	-1	0.871789861787726
chr13	40976205	41017372	6.94437046575503	246.316671265233	246	2	0.999999540814611
chr13	43837241	43869435	-1.09462727950935	0.936514164765173	1	-1	0.867645804274394
chr13	48304140	48479697	6.60403663601821	194.555322124228	195	2	0.999998893320499
chr13	52532562	52657490	3.83152631909142	28.4730733483341	28	2	0.999471264204578
chr13	57054747	57169212	1.74540996371935	6.70580236226688	7	2	0.983251720617416
chr13	75302095	75310247	1.74381387803152	6.69838768587848	7	2	0.983214270965049
chr13	109046820	110880140	0.511081232629016	2.85023570962954	3	1	0.814887795041817
chr13	110883635	114346545	1.16683244327264	4.49036414050208	4	2	0.929269039074408
chr14	35625252	35775132	0.562830900467278	2.95432982731786	3	1	0.888587957977845
chr14	39277008	39302193	0.617566227475405	3.06856943203128	3	1	0.924239244188627
chr14	39302198	39318114	-1.65047719853802	0.637069556059454	1	2	0.399892814473301
chr14	87950652	87982355	-0.572058316670478	1.34531282713958	1	-1	0.504274626124854
chr14	105916640	106874939	-0.612664872869675	1.30797514596964	1	-1	0.628185637248719
chr15	19810202	22372296	-1.90988345715644	0.532228083589769	1	2	0.568446711170808
chr15	28531024	28847105	-0.546944860222442	1.36893613280547	1	-1	0.416006243228235
chr15	53597094	53893552	0.813376483682643	3.51463892855684	4	1	0.887300805853863
chr15	82812954	82819574	-6.98649158904731	0.0157719889055499	0	2	0.609921087154367
chr15	92832588	92915320	6.32343587705338	160.167305804835	160	2	0.999997759905172
chr15	94179597	95616340	0.815602808732494	3.52006680417825	4	1	0.885448040337696
chr15	97265374	99690653	1.12515382558495	4.36249605164196	4	2	0.882955771822236
chr16	21457801	21479609	-1.13382792602318	0.911409980385189	1	-1	0.861439175160486
chr16	21890042	21910041	-0.733705100755617	1.20271506905261	1	-1	0.810380677652981
chr16	29087372	29104264	-0.728459738686135	1.20709586908547	1	-1	0.806549878289491
chr16	31874990	31885301	1.38654501919411	5.22903605997652	5	2	0.972666548828913
chr17	7670087	7672818	3.61739800229862	24.5456931435624	25	2	0.999209327702703
chr17	12024637	12141397	7.15325009269897	284.690411428579	285	2	0.99999973590366
chr17	31095295	31222076	6.664037075541	202.817323693019	203	2	0.999999050460055
chr17	31222081	31373680	5.42195321828289	85.7433701430228	86	2	0.999980914979235
chr17	41238057	41309469	-0.81656560179166	1.13558397715946	1	-1	0.84985482954662
chr17	46337327	46704895	0.816512850997262	3.52228793895226	4	1	0.884676550566944
chr17	48189727	48672937	0.571344277717063	2.97181493615121	3	1	0.896408021258724
chr17	67692519	67724269	-1.43534140295036	0.739518732360324	1	-1	0.696629986342596
chr18	51047824	51078532	4.70365285442176	52.1159422343679	52	2	0.999908021597012
chr18	58919432	60016913	0.723602681939029	3.30260099852424	3	1	0.930561213216066
chr19	1208034	1226795	4.78614771722441	55.1828367502601	55	2	0.999922753493769
chr19	4885131	4921971	5.75930484203932	108.331188370072	108	2	0.999991249060056
chr19	15238596	17523491	0.555535737942281	2.9394286067459	3	1	0.881058257763579
chr19	17527227	21118234	0.741895609737388	3.3447435725594	3	1	0.925809306569774
chr19	27248209	31349246	1.62693859837476	6.17713815789474	6	2	0.980267393437616
chr19	31349484	34944952	0.631771879262598	3.09893367784009	3	1	0.928919673027586
chr19	54632483	54739706	0.765418379321179	3.39972576880425	3	1	0.917003662756148
chr19	54804788	54817564	0.576513357048203	2.98248184725725	3	1	0.900684805100588
chr19	54818359	54855942	-1.23255679268619	0.851125161721008	1	-1	0.834210343800926
chr19	54865686	58599432	0.424742527945294	2.68466584115321	3	1	0.557258132640531
chr20	6200249	6214618	3.2672486079435	19.2561663891887	19	2	0.998508100719982
chr20	41113903	46814227	0.544674333769561	2.91738205998729	3	1	0.868292586532852
chr22	18202302	18887005	0.574446388715489	2.97821186549099	3	1	0.899015592409103
chr22	23786710	23942860	3.52491180053918	23.0215298111465	23	2	0.999062349231513
chr22	41160869	41176427	0.737323333656779	3.33415998955135	3	1	0.927160063674155
chrX	2789563	13038585	0.976650550311052	3.93578264713351	4	1	0.544657399056675
chrX	13039780	46471274	1.01033520260528	4.0287581522594	4	2	0.557845075258672
chrX	46472683	49346488	0.894396060971495	3.71766316158515	4	1	0.778872748179384
chrX	49600659	58550623	0.885523720777848	3.6948702949767	4	1	0.795781953565252
chrX	62470624	124353251	0.989432009113001	3.97080636241379	4	1	0.497099288662567
chrX	124364259	156003464	1.00563859278455	4.01566408938942	4	2	0.540288975402532
