Chromosome	Start	End	Segment	CNF	CN	Call	ProbCall
chr1	1712347	1714020	2.20591632427017	9.22734964240632	9	2	0.999151488172648
chr1	16650436	16951246	0.721613025685469	3.29804943947408	3	1	0.879964393392045
chr1	27773213	27960448	0.596068137049001	3.02318263516376	3	1	0.836953971211619
chr1	30377001	35192780	0.96818653026342	3.91275975324456	4	1	0.507060776685087
chr1	35192819	45591412	0.748266442358059	3.35954636817254	3	1	0.876211217356932
chr1	45594760	73202730	0.534360068749601	2.89659918962682	3	1	0.768631521651944
chr1	109681709	109700274	-3.6195824627826	0.162714817183656	0	-2	0.58390031423157
chr1	121729147	121969146	-0.822406490334077	1.13099575126702	1	-1	0.880911535187779
chr1	145840168	146328246	0.74120112414375	3.34313386492507	3	1	0.877666106909973
chr1	148592603	149475691	0.532016376902967	2.89189741657979	3	1	0.765173946732208
chr1	159934804	160421323	0.815940797872497	3.52089156872894	4	1	0.841620503808139
chr1	166896674	182853547	-0.549422208309146	1.36658745818021	1	-1	0.474777842932792
chr1	192911828	193430988	-1.40917867958645	0.753051961113204	1	-1	0.853989146700641
chr1	196747576	196852261	-4.09541700145744	0.117000207905305	0	-2	0.59251774412324
chr1	206538043	219371921	-0.584647975714043	1.33362404785102	1	-1	0.559880100015681
chr1	243053927	248937047	0.608254518412234	3.04882748347879	3	1	0.846004345698597
chr2	10202	27276900	0.563325899930051	2.9553436539017	3	1	0.805826254023014
chr2	27277569	27728332	1.07275155996876	4.20688260608203	4	2	0.836737078101582
chr2	27728333	69844265	0.523304262410704	2.87448651444055	3	1	0.751692085075162
chr2	69847422	76271120	0.579769342340505	2.98922054336063	3	1	0.822775484114067
chr2	97504815	97576429	-0.887295141307018	1.08125354193697	1	-1	0.901801846925787
chr2	112784016	113750559	0.724160667160878	3.30387857896302	3	1	0.879804831444619
chr2	186929375	191927109	0.885907519613088	3.69585336868132	4	1	0.745886293951893
chr2	238081915	242175633	0.702932378515111	3.25562014044507	3	1	0.879911276268043
chr3	10202	5174541	-0.668008715838031	1.25874956892441	1	-1	0.730878708286362
chr3	5178161	5184814	7.85962766855745	464.529905945345	465	2	0.999999999997177
chr3	5184989	9470990	-0.713980616657167	1.21927147549967	1	-1	0.796584969531808
chr3	98132745	98501578	0.655488828999756	3.15029914271448	3	1	0.87027483495164
chr3	110523092	113715130	0.616268498289446	3.0658104417258	3	1	0.851285875983461
chr3	155925197	156057434	0.912006754579579	3.76332204957836	4	1	0.686285136711916
chr3	167720502	195761598	1.14453758875724	4.42150520949507	4	2	0.952046619111147
chr3	195811615	198228341	0.937673970348413	3.83087504888856	4	1	0.612541301273528
chr4	9160776	9222080	0.901704973896328	3.7365451989385	4	1	0.711631837052507
chr4	9224863	9254948	-0.918621845716329	1.05802825401841	1	-1	0.907559101685756
chr4	9255186	9368010	0.901704973896328	3.7365451989385	4	1	0.711631837052507
chr4	9368150	49644578	-0.593674090249779	1.32530637447948	1	-1	0.580981464752606
chr4	51795751	54727332	-0.581426701359463	1.33660511346116	1	-1	0.552252222726559
chr4	54727335	68496833	-0.572210217875322	1.34517118675427	1	-1	0.530197529658095
chr4	68497034	68668276	0.465480657809147	2.76155461131901	3	1	0.635126963403638
chr4	69205452	70139980	-0.74678725181353	1.19185831996285	1	-1	0.831172474812285
chr4	70141407	136141515	-0.566419008618819	1.35058177183337	1	-1	0.51619966386737
chr4	160478433	178790819	-0.600276046097076	1.31925545952484	1	-1	0.596122833300091
chr4	178790820	182229608	-1.11474321087594	0.923546680628507	1	-1	0.912576408184606
chr4	190085502	190196187	0.901704973896328	3.7365451989385	4	1	0.711631837052507
chr5	10202	19672814	0.776681953900415	3.42637238256932	3	1	0.866645923465788
chr5	19672815	19827453	-1.65415183141149	0.635448965521958	1	-1	0.687262195433436
chr5	19838734	46416302	0.748856005216343	3.36091954022988	3	1	0.876074132779682
chr5	58658233	66657326	-1.04013329740626	0.972565083381019	1	-1	0.915152296861609
chr5	66657327	69393585	-0.570387728321913	1.34687155272855	1	-1	0.525802245647837
chr5	69396265	69419449	1.12778414198925	4.37045699371192	4	2	0.935451221757227
chr5	69419451	71128698	-1.1207301076964	0.919722087150444	1	-1	0.912184127786437
chr5	71133055	80321501	-0.582282714588437	1.33581228319803	1	-1	0.554283743047233
chr5	80331635	80360170	2.4878855331623	11.2191038195855	11	2	0.999572459412524
chr5	112827227	112836688	5.90205678220213	119.598607521036	120	2	0.99999999037775
chr5	138573763	139317807	-0.558402413294217	1.35810741258341	1	-1	0.496702816849057
chr5	171389950	171410525	1.11196878714581	4.32280808275242	4	2	0.914768284359485
chr5	176097204	181301050	0.43887724980206	2.71109797285236	3	1	0.565575244841813
chr6	26597687	31166373	0.690875868015142	3.22852649804561	3	1	0.878756031784843
chr6	31166958	32038845	1.11355535645597	4.32756460233953	4	2	0.917091085649509
chr6	32038893	32339137	0.494728634647184	2.81811138458519	3	1	0.700135243666285
chr6	32339520	32394180	-0.976906024960731	1.01613633046842	1	-1	0.913500296193722
chr6	32394696	32805175	2.79418196648914	13.8727506698139	14	2	0.999803822943147
chr6	33007024	33086681	-0.964048173684674	1.02523300329666	1	-1	0.912619828417607
chr6	33092941	38703155	0.468865863016546	2.7680420568001	3	1	0.643287358158291
chr6	38722729	46752140	0.939847003804921	3.83664958333003	4	1	0.60562068119982
chr6	46753612	58441655	0.731779283043313	3.32137192300614	3	1	0.87908209637455
chr6	104328810	113362833	0.436028719886595	2.7057503252295	3	1	0.557602821308651
chr6	137871517	137881396	2.40295625225221	10.5777160815494	11	2	0.999472731909908
chr7	6823258	21908559	-0.655908321103991	1.26935154689939	1	-1	0.709998350770303
chr7	29680622	29742307	-1.22306288309032	0.856744610824521	1	-1	0.9011853140509
chr7	35119633	35162006	-2.04979683014323	0.483036184022771	0	2	0.506300969299022
chr7	50239370	50400774	7.40770074047069	339.60190475784	340	2	0.999999999978994
chr7	92813890	92834147	7.80523176058419	447.341179701414	447	2	0.999999999996391
chr7	103184008	103279884	-1.12324031647328	0.918123213476677	1	-1	0.912011648400794
chr8	64084	7257045	-1.39877610787784	0.758501475544371	1	-1	0.857896261071002
chr8	8070856	8786140	-1.19390566307531	0.874235784271511	1	-1	0.90517906158882
chr8	8797344	9655933	0.675459903721614	3.1942116370214	3	1	0.876006081021532
chr8	14893782	37638781	-1.349946602557	0.78461313768602	1	-1	0.873897959726213
chr8	39071285	39365131	-1.43334861922004	0.740540929797102	1	-1	0.844157893199313
chr8	39375698	39512152	2.99901494831282	15.9890791559281	16	2	0.999885784994777
chr8	39512153	41246014	-1.32192809488736	0.800000000000001	1	-1	0.881526856803699
chr8	41265160	43977107	0.540699009726499	2.90935432372759	3	1	0.777633531838391
chr8	60780950	60816090	7.50518696397711	363.342663003226	363	2	0.999999999986286
chr8	93740220	94739724	-0.543557790834173	1.37215381128655	1	-1	0.460458451698537
chr8	94739729	94761889	1.33867871276118	5.05839154349387	5	2	0.993894728437756
chr8	125182527	145074357	0.743032221042154	3.34737973002497	3	1	0.877322000972327
chr9	95763	21968451	-1.37659161392486	0.77025518078888	1	-1	0.865623768824049
chr9	21968453	21974385	1.18322457682359	4.54167533250763	5	2	0.975290376559786
chr9	21974406	31232497	-1.45115101691215	0.731459039445617	1	-1	0.836195530676069
chr9	33543053	34895641	-1.16735586016374	0.890473226299779	1	-1	0.908202149328735
chr9	34895842	36823679	-1.32455926354716	0.798542299960848	1	-1	0.880854095967697
chr9	36840509	37033553	5.68598921331731	102.963501644431	103	2	0.999999978400782
chr9	37033641	37477773	-1.09169648973028	0.938418597694915	1	-1	0.913834707456896
chr9	37485966	39617422	-1.23732121657506	0.848319002143333	1	-1	0.898959716289579
chr9	127886392	127974167	-1.15002092628134	0.901237390074068	1	-1	0.909876108121822
chr9	128625727	128722188	0.568166452467647	2.96527612174182	3	1	0.811108088174615
chr9	136687559	136996595	0.748693949234416	3.36054203388815	3	1	0.876112057973612
chr10	12081424	12599078	-1.24613597632908	0.843151638106355	1	-1	0.897489602307604
chr10	31510648	33894769	0.909203246811967	3.75601609936826	4	1	0.693423661411922
chr10	46621505	46999988	-0.798671506300789	1.14975661146793	1	-1	0.868980263897874
chr10	48025813	48180982	-1.08307842222692	0.944041101431961	1	-1	0.914201600024629
chr10	87864277	87964934	7.04698053810647	264.473715484122	264	2	0.999999999901389
chr10	120905814	123565219	0.696780771016952	3.24176782971252	3	1	0.879430804024431
chr10	124966561	126810912	0.41369483849819	2.66418605705753	3	1	0.492285011003829
chr10	133665184	133778707	0.901704973896328	3.7365451989385	4	1	0.711631837052507
chr11	1747638	2078013	0.855317226795658	3.61831303503078	4	1	0.79774562644516
chr11	9334803	10559246	0.526693328568554	2.88124697040799	3	1	0.757055833885417
chr11	17613545	22015358	-0.57244942590434	1.34494816729111	1	-1	0.530773687754931
chr11	68390008	76957434	0.671447953823434	3.18534128345729	3	1	0.875053898543987
chr11	76958913	117910075	0.602903052274249	3.03753925304041	3	1	0.84218558902274
chr11	123907606	124093942	0.442806142182267	2.71849117017511	3	1	0.576416773881202
chr12	12211	34709924	1.15101277907347	4.44139467523168	4	2	0.957229237323158
chr12	37249925	37529924	1.25254199423764	4.76521726652204	5	2	0.989963629529783
chr12	56487857	56997224	0.779716816714045	3.43358770857942	3	1	0.865240762308855
chr12	64566693	64611410	6.7792070492288	219.67197988121	220	2	0.999999999698995
chr12	111403225	111439011	7.41351582371775	340.973503461795	341	2	0.999999999979519
chr13	19131587	27090204	-0.56898184233777	1.34818469979174	1	-1	0.522405245026023
chr13	27095476	40959055	-0.571367006769245	1.34595762795478	1	-1	0.528165179516696
chr13	40976205	41017372	6.73266241138129	212.697963718771	213	2	0.999999999635574
chr13	48304140	48479697	6.53805851205518	185.858197612385	186	2	0.999999999196647
chr13	48479702	52228389	-0.575702872261404	1.34191856892055	1	-1	0.538591598564227
chr13	52229215	52279999	3.32987740597649	20.1105050154633	20	2	0.999953910623442
chr13	52280200	52577286	-0.552543641379698	1.36363388877149	1	-1	0.48240293595473
chr13	57141246	57173577	1.33591093869867	5.04869644972066	5	2	0.993836217538227
chr13	75302095	75310247	1.27332038601311	4.83434483985527	5	2	0.991543856851112
chr13	75312651	83011177	-0.603743646152356	1.31608836123998	1	-1	0.603964026569516
chr13	83023718	85001725	0.530642939513093	2.88914565689223	3	1	0.763114789193956
chr14	35654227	35760891	0.781297937249684	3.43735280922667	3	1	0.864476883803242
chr14	44934095	45242880	-0.734055236770059	1.20242321058515	1	-1	0.818862237045335
chr14	49481207	50634255	0.599710190258433	3.03082423745169	3	1	0.839792033075295
chr14	50635145	52440793	0.978602139033822	3.94111033341906	4	2	0.502770682942119
chr14	53333411	100829278	-0.550350783911581	1.36570815143754	1	-1	0.477046264598195
chr15	19790202	22299296	-1.01969532200418	0.986441005711969	1	-1	0.915053768986394
chr15	84170252	84537015	0.814221852493558	3.51669898748638	4	1	0.843059672442191
chr15	92832588	92915320	6.67241998985901	203.999243201861	204	2	0.999999999533825
chr16	11761	4228327	-1.15382396522724	0.89886479761062	1	-1	0.909528709948519
chr16	5366805	10769159	-0.567628853232818	1.34944964820809	1	-1	0.519131153287566
chr16	10770253	16379457	0.414502617572388	2.66567817859513	3	1	0.494720783343858
chr16	18339805	18411910	0.984953954168174	3.95850028201793	4	2	0.527850594153501
chr16	20480913	20535464	0.884050652905252	3.69109956254488	4	1	0.749559354061661
chr16	29560068	29595003	-0.766137986986362	1.1759787680809	1	-1	0.847430542040824
chr16	70203465	70383256	-0.623915555630876	1.29781472889622	1	-1	0.647813528539822
chr16	70991293	74352512	-0.552133321452849	1.36402177790757	1	-1	0.481400689561598
chr16	74353681	74441481	1.06262135816655	4.17744651785039	4	2	0.809585108827018
chr16	90125248	90222476	0.642319290685088	3.12167271861535	3	1	0.865095116087004
chr17	7670087	7672818	3.61460272916283	24.4981810300595	24	2	0.999979584494727
chr17	10539939	12024635	-0.598682703354537	1.32071327787227	1	-1	0.592493337141468
chr17	12024637	12141397	6.80070801369233	222.970341768662	223	2	0.999999999724516
chr17	12141598	14065710	-1.36452501164263	0.776724559248382	1	-1	0.869500937025082
chr17	18347533	18889985	-0.719385401477504	1.21471225039113	1	-1	0.802943826844639
chr17	19222560	22751913	-0.549447960037751	1.36656306516973	1	-1	0.474840751178635
chr17	31095295	31373680	6.12374917867371	139.464021585262	139	2	0.99999999587935
chr17	36168599	36454130	0.467581932479024	2.76557972577398	3	1	0.640211558498467
chr17	39627350	39829504	0.733109366000446	3.32443545141945	3	1	0.878917644463689
chr17	46172497	46557626	-1.09654828717036	0.935267987568607	1	-1	0.913603183708303
chr17	64956722	64973572	3.592265822629	24.1218026870934	24	2	0.999978213503916
chr18	20930431	35090514	-0.582548225609747	1.33556646530939	1	-1	0.554913213300609
chr18	51047024	51078532	5.1458268113548	70.8073300061	71	2	0.999999849122288
chr18	63249102	80247394	-0.589681421248873	1.32897924950366	1	-1	0.571700220007977
chr19	1208034	1226795	4.24234208849817	37.8531665987226	38	2	0.999996959103534
chr19	4885131	4921971	5.35379508264252	81.7867416038506	82	2	0.999999927672304
chr19	27248209	36450004	1.98239376262511	7.90296359618138	8	2	0.998570433319302
chr19	38953061	44993340	-1.264613299521	0.832421827446525	1	-1	0.89416386872478
chr19	54360907	54632179	-0.560170497097642	1.35644401398768	1	-1	0.501011804533858
chr19	54778659	54855942	-1.8792447125724	0.543651972363919	1	2	0.391561043572288
chr19	54865686	54875462	2.28591726562857	9.75348140273485	10	2	0.999299279440782
chr20	87618	12764006	0.488915718625774	2.80677947692421	3	1	0.688211955564091
chr20	12764007	26368584	1.16050748586202	4.47072090721616	4	2	0.963773941675901
chr20	30100650	44791701	0.908102420441182	3.75315122190818	4	1	0.696177255643641
chr20	44810148	47299000	0.557227609412879	2.94287774356025	3	1	0.798808293321463
chr20	47309999	61743717	0.804679683095004	3.49351584355013	3	1	0.850429280988522
chr20	61743718	64327990	0.982655680327833	3.9521992449237	4	2	0.518744183417143
chr21	12978738	30869957	-0.546554321210817	1.36930675536751	1	-1	0.467772968688184
chr22	10510202	12806951	-0.64967153399311	1.27485084631195	1	-1	0.698654632789225
chr22	23786710	23942860	3.81131883775529	28.0770379410879	28	2	0.999988576160649
chr22	45361807	50799120	-1.24945801710234	0.841212377449843	1	-1	0.896916361013677
chrX	10202	2789709	-0.592147115955978	1.3267098451026	1	-1	0.577442370688001
chrX	31266713	53168100	1.01513140102889	4.04217393140453	4	2	0.647448670163705
chrX	55549258	58550623	1.027472199257	4.07689895175354	4	2	0.694139301097443
chrX	62470624	124364504	0.972416007546226	3.92424742706159	4	1	0.491268566962308
chrX	124365706	156027976	1.25934336048727	4.7877351952181	5	2	0.990556338652155
