Chromosome	Start	End	Segment	CNF	CN	Call	ProbCall
chr1	103575241	103758606	-0.934631874014525	1.04635189862554	1	-1	0.915792301162025
chr1	121709147	121969146	-0.777842929166001	1.1664763608962	1	-1	0.88607037736616
chr1	143189147	143289146	-2.32277648783125	0.399764844678809	0	2	0.641729810804337
chr1	145326419	145354070	-1.06725824704582	0.954450149205374	1	-1	0.915713874718792
chr1	145354170	145358817	-0.776064240688978	1.16791538822401	1	-1	0.885471731297284
chr1	146088484	146096582	2.31522897006266	9.95367284798712	10	2	0.99999963675294
chr1	146138269	146142827	-2.23233795983138	0.425627136525494	0	2	0.661592773305769
chr1	146144630	146328246	0.717576055902743	3.28883369045798	3	1	0.948015450325024
chr1	148536244	148591629	-0.856187018811142	1.10482125581187	1	-1	0.90588999938824
chr1	148592603	148660385	0.58630519072281	3.00279334502308	3	1	0.959428245635137
chr1	148678893	148699915	-1.06906592338474	0.953254985679799	1	-1	0.915573683761036
chr1	182858118	182905707	0.445618180977533	2.72379510304251	3	1	0.83161255714714
chr2	26194578	26239163	0.539601441409949	2.90714179739076	3	1	0.948912454545154
chr2	95848829	95940034	-0.808418736405624	1.14201473357919	1	-1	0.895237254517252
chr2	97504815	97560805	-0.755611334135161	1.18459070074205	1	-1	0.878011630757134
chr2	111824923	111847948	1.27175739669907	4.82911023548149	5	2	0.998012780516287
chr2	171635091	171785595	0.415851972414262	2.66817255772177	3	1	0.730364623123791
chr2	173887974	174351794	0.402071697113984	2.6428081467709	3	1	0.66869236387227
chr3	5178161	5184814	8.13514041889808	562.278245078973	562	2	1
chr3	93714064	93928841	0.43806243141637	2.7095672066792	3	1	0.810009129991283
chr3	98149921	98391234	0.687292955840587	3.22051844744639	3	1	0.954635636092215
chr3	155922139	156121046	0.870579137415336	3.65679344364979	4	1	0.832056474375303
chr3	195619414	195734768	-0.493833829336033	1.42027093696208	1	-1	0.440730293308975
chr3	195739843	198228341	0.385969173763329	2.61347466476549	3	1	0.586454007353071
chr4	931994	1841505	0.400102276640872	2.63920291530665	3	1	0.659168400503783
chr4	9160776	9350088	0.875938376991596	3.67040274899486	4	1	0.823121109322764
chr4	54723519	54727332	2.70119730894974	13.006828377838	13	2	0.999999954654355
chr4	68474618	68647458	-2.15680274700574	0.448505397699598	0	2	0.678803411863066
chr4	68653988	68669987	0.607423303476942	3.04707139438597	3	1	0.960735936694545
chr4	140413294	140471860	-0.623022370618757	1.2986184660253	1	-1	0.78776845540396
chr4	190060254	190066967	-1.14800786399964	0.902495808026339	1	-1	0.905263968542082
chr4	190067738	190092527	0.557539031877053	2.94351306643586	3	1	0.954573604767489
chr4	190092728	190196187	-0.843844741450783	1.11431356347824	1	-1	0.903518472155238
chr5	17491204	17675659	1.19601255269978	4.58211146009467	5	2	0.98619238632459
chr5	34144738	34213813	1.35117469829622	5.1023953866888	5	2	0.999771737782619
chr5	70205628	70478602	0.839142153992701	3.57797214037806	4	1	0.874864055426398
chr5	71020695	71204448	0.660883813920929	3.16210179928692	3	1	0.958376492190075
chr5	71206018	71224167	0.678703636598126	3.20140153210479	3	1	0.956043883638325
chr5	71226017	71489689	0.371843966266193	2.58801138915812	3	1	0.508369610463209
chr5	80331635	80360170	2.80728091324657	13.9992818324389	14	2	0.999999975014069
chr5	103005017	103011255	0.824440868766043	3.54169718938143	4	1	0.890144323078099
chr5	112827227	112836688	6.05941117494994	133.381167763786	133	2	1
chr5	171391180	171410525	1.26243549901591	4.79800778679619	5	2	0.997449899953031
chr5	178767282	178802648	0.752008270715918	3.3682711240819	3	1	0.936602755013248
chr6	29826895	29995606	2.2073554017466	9.23655844651994	9	2	0.999999366007717
chr6	31166958	31312275	1.08219260313508	4.23450285772247	4	2	0.850661435169082
chr6	31312276	31356634	-1.1885017445401	0.877516559356529	1	-1	0.896259921527257
chr6	31356689	31435403	0.686869371587877	3.21957302196299	3	1	0.954709603725866
chr6	31869475	31880461	0.562377879275274	2.95340228277632	3	1	0.955704523052647
chr6	31980662	32045432	-0.996640036191876	1.00233166354973	1	-1	0.918225317532926
chr6	32255707	32396616	-1.03520848001894	0.975890727215762	1	-1	0.917558012375847
chr6	32443676	32750107	8.26218237674648	614.037253815913	614	2	1
chr6	33092941	33174676	0.65339006808552	3.14571957624417	3	1	0.959129335424359
chr6	36799893	38175223	0.62119040833593	3.07628764727249	3	1	0.960829302906811
chr6	38886788	43525318	0.556578609350056	2.94155418018908	3	1	0.954331201483757
chr6	44229300	45458302	0.889673955050184	3.70551471720552	4	1	0.797685626883488
chr6	88965923	89079948	0.629332589180478	3.09369846799019	3	1	0.960641807678739
chr6	110888893	110893664	1.05539091404109	4.15656252681246	4	2	0.771785135224243
chr6	137871517	137881396	1.67012799150233	6.3648565156429	6	2	0.999991344945324
chr6	165502665	165565467	0.875241317457684	3.66862976775455	4	1	0.824313445505191
chr7	6796504	6822434	1.1280503408611	4.37126348297554	4	2	0.936892726602029
chr7	35104644	35162006	-1.24297871665023	0.844998850160933	1	-1	0.878931644075769
chr7	50319018	50400774	7.08861733806402	272.217751364135	272	2	1
chr7	72999661	73205494	-0.506584502737744	1.40777375685356	1	-1	0.497405745289593
chr7	74810785	74913281	-0.59368991712812	1.32529183547636	1	-1	0.747458969804997
chr7	92813890	92854347	7.60745866453221	390.034698276862	390	2	1
chr7	103197285	103277703	-0.74185427570256	1.19594059070413	1	-1	0.872346563069339
chr8	64084	244790	-0.649462828438764	1.27503528425011	1	-1	0.814659533772904
chr8	6936680	7362983	0.410289725275313	2.65790534115193	3	1	0.706558087039703
chr8	7372994	7552156	-0.968155318961571	1.02231846300367	1	-1	0.91765180748807
chr8	7779222	7973239	-1.06964136385446	0.952874841506057	1	-1	0.915528225760344
chr8	12111426	12727311	-0.563079727595589	1.35371146688524	1	-1	0.686852511797377
chr8	39375698	39648558	5.0359031303645	65.6126975179813	66	2	0.999999999999992
chr8	60780950	60816090	7.46305117481954	352.884236337129	353	2	1
chr8	73013647	73027202	0.850400440818946	3.60600260958889	4	1	0.861267013205792
chr8	86461106	86466884	0.703218619547455	3.25626614288956	3	1	0.951495597681724
chr8	94739418	94761697	1.27125881050291	4.82744161416154	5	2	0.997985971368504
chr9	21968066	21974385	1.92524921723198	7.59604902785274	8	2	0.999997414277037
chr9	33543053	33676027	-0.499172893926099	1.41502457229386	1	-1	0.46487058631526
chr9	34838268	34895641	0.578894276754505	2.98740798365961	3	1	0.958568173173155
chr9	36840509	37034074	6.80942217971658	224.321202768173	224	2	1
chr9	83842230	83998487	0.498958997330441	2.82638695820581	3	1	0.922912898645754
chr9	105521091	105526500	1.11974508891219	4.34617145330371	4	2	0.925400712356712
chr10	37149806	37189589	-1.16650747296834	0.890997029483267	1	-1	0.901509054224585
chr10	47483864	48057480	0.539353722840099	2.90664266821624	3	1	0.948815559389257
chr10	48067302	48180982	-0.583364004997093	1.33481147580675	1	-1	0.729567843329562
chr10	87864277	87964934	7.34049214666603	324.144244548371	324	2	1
chr10	94733241	95065033	0.537913295149166	2.90374204192344	3	1	0.948240715738967
chr10	133664443	133752271	-1.06725824704582	0.954450149205374	1	-1	0.915713874718792
chr10	133753051	133761113	0.404234586600379	2.64677321820132	3	1	0.6789573001042
chr10	133761200	133778707	-0.981085304337733	1.01319698960902	1	-1	0.918024792934596
chr11	1608345	1630553	0.820586048609883	3.53224655569387	4	1	0.893735522042928
chr11	9430748	9460569	0.403910836022059	2.64617933093026	3	1	0.67743402525198
chr11	55429179	55856213	0.509026516919327	2.84617923512671	3	1	0.931647693433186
chr11	57917347	57938388	5.57863732180475	95.5800304312794	96	2	1
chr11	123940549	123995018	0.616952079995611	3.06726343660986	3	1	0.960857440343599
chr12	9480523	9593660	-2.51654914611509	0.34952095402617	0	2	0.603503147426839
chr12	11062532	11154481	-2.41463678198149	0.375104172990994	0	2	0.622790806373603
chr12	43796896	43804659	1.43354856028698	5.40220564697049	5	2	0.999961444270386
chr12	56107061	56117475	0.534371718327651	2.89662257938947	3	1	0.946741614769762
chr12	64566693	64611410	6.63611297736388	198.929438351399	199	2	1
chr12	111403225	111439011	6.90618083854627	239.881957173337	240	2	1
chr12	112406850	112525089	0.581271619660075	2.99233483776041	3	1	0.958869827799624
chr13	18171403	18409024	1.28388171287203	4.86986477617426	5	2	0.998568175140884
chr13	19032754	19131386	1.00220069714268	4.00610628417919	4	2	0.566614778638928
chr13	19450006	19465630	-1.05934409099367	0.959700339737123	1	-1	0.916281404721362
chr13	27075271	27116660	2.05868514285089	8.33212881029091	8	2	0.999998657868426
chr13	29379825	30932894	0.388472895540364	2.61801415121836	3	1	0.599829162392602
chr13	40976205	41017372	7.0402493730095	263.242637760274	263	2	1
chr13	48304140	48479697	6.61673120982616	196.274808845834	196	2	1
chr13	52208390	52279999	2.01512154315524	8.08429262299383	8	2	0.999998334455578
chr13	52532562	52657490	0.54705635035004	2.92220289343717	3	1	0.951574055177599
chr13	57141246	57169212	1.33541879241932	5.0469744826043	5	2	0.999651247966023
chr13	75302095	75310247	1.9908429990547	7.94938360972315	8	2	0.999998122931201
chr13	82011178	84661725	0.455664319138921	2.74282831194426	3	1	0.856395021090301
chr13	87718475	88438474	0.981101759790663	3.94794464007142	4	1	0.519363862527882
chr13	90871387	93487845	0.638772573015652	3.11400783219617	3	1	0.960214862967843
chr13	99984944	100821698	0.495653823434343	2.81991919647497	3	1	0.919614903273652
chr13	106270335	111777595	0.623548776970067	3.0813205566553	3	1	0.960792755718407
chr14	19474471	19698966	0.462060328182245	2.75501529492965	3	1	0.870020740126917
chr14	35625252	35760891	0.749363473823083	3.36210195308166	3	1	0.93765842227883
chr14	100814383	100875223	0.541249777406304	2.91046521978569	3	1	0.9495428363484
chr14	104944067	104952904	-0.510092139403866	1.40435518208983	1	-1	0.512315632964521
chr14	106012257	106658211	-0.500528261883206	1.41369582415433	1	-1	0.470913849466839
chr15	19790202	22564583	-0.995693082897469	1.00298978797411	1	-1	0.918220819116366
chr15	44322849	44332247	-0.751996854679687	1.18756225515808	1	-1	0.87657648042898
chr15	82812954	82819574	-1.45864126218441	0.727671260680037	1	-1	0.702903892643552
chr15	84170252	84537015	0.412116933804516	2.66127377587871	3	1	0.714545545855148
chr15	92832588	92915320	6.41331470705808	170.462986946759	170	2	1
chr15	101966105	101978886	0.72413879065404	3.30382848052068	3	1	0.946196888486882
chr16	20488316	20535464	3.66173437112017	25.3117328149266	25	2	0.999999999859302
chr16	21463788	21478248	-0.881871093017045	1.08532634309902	1	-1	0.910067009585207
chr16	21890042	21911402	-0.735330243749294	1.20136101747399	1	-1	0.869459653491638
chr16	46388210	46554077	-0.612114394037166	1.3084743159213	1	-1	0.774330607670108
chr17	62040	2283823	0.750050130875665	3.36370254117277	3	1	0.937387548703472
chr17	7670087	7672818	3.71377392307264	26.2414206851492	26	2	0.999999999899577
chr17	12024637	12141397	7.19359068947719	292.763256779983	293	2	1
chr17	18882540	19242559	0.469049982936473	2.76839534296955	3	1	0.883176600361392
chr17	31094279	31373680	6.29837683061249	157.40928479927	157	2	1
chr17	41238057	41276322	-0.76087532597555	1.18027633539866	1	-1	0.880036824016678
chr17	46337327	46704895	0.812130166842156	3.51160400984336	4	1	0.901067350290854
chr18	51047024	51078532	4.84671660255601	57.5489061821089	58	2	0.999999999999965
chr19	1208034	1226795	4.9258508732082	60.7937401238944	61	2	0.999999999999981
chr19	4885131	4893153	5.56800123455055	94.8779698168196	95	2	1
chr19	4893408	4921971	5.7643245521106	108.708772178792	109	2	1
chr19	54697686	54735843	1.77638784941631	6.85134792277699	7	2	0.9999947293432
chr19	54736022	54803990	-1.06725824704582	0.954450149205374	1	-1	0.915713874718792
chr19	54804788	54817564	0.581042093118184	2.99185880809658	3	1	0.958841794441156
chr19	54818359	54852193	-1.4861100129578	0.713947545574183	1	-1	0.661236529526901
chr19	54852317	54906389	0.827249561723811	3.54859901484105	4	1	0.887423828756089
chr19	54906409	54912902	-0.747315957040461	1.19142161902773	1	-1	0.874662228898559
chr20	6200249	6214618	2.56358239667181	11.823476524565	12	2	0.999999903264441
chr21	8536388	9187794	-0.763464144073528	1.17816030891477	1	-1	0.881005312482174
chr21	10413686	10598125	0.709300831128743	3.2700231088986	3	1	0.950101110739244
chr22	10510202	12052641	-0.524923260018919	1.38999215447975	1	-1	0.571126497597491
chr22	18202302	18536016	0.417343919344936	2.67093324573287	3	1	0.736490137254478
chr22	18536575	18610089	-0.718059668177524	1.21582899687961	1	-1	0.861131271334467
chr22	23786710	23831850	5.40112653953805	84.5144743087085	85	2	0.999999999999999
chr22	41160869	41168971	2.88970962554338	14.8224253473025	15	2	0.999999984388066
chrX	2794523	12976241	0.796184573776125	3.47300520712924	3	1	0.913060345455597
chrX	13042830	21718006	0.765551892116751	3.40004040764513	3	1	0.930642921265933
chrX	21737465	46613570	0.952956154081028	3.87167043923675	4	1	0.62512818064421
chrX	46620872	49336327	0.778630063087691	3.43100222881976	3	1	0.923904737398451
chrX	49594078	58550623	0.862279436367263	3.63581662084649	4	1	0.844882913340562
chrX	62470624	120878842	0.946618903671976	3.85470085470085	4	1	0.646735610813516
chrX	120930192	120956007	-1.06725824704582	0.954450149205374	1	-1	0.915713874718792
chrX	120959378	124364504	0.951593825033333	3.86801616761238	4	1	0.629850265756561
chrX	124365706	136737569	0.919213016346669	3.78216686907012	4	1	0.729093862620236
chrX	136743556	155685512	0.945639853584721	3.85208584262794	4	1	0.649991064515806
