Chromosome	Start	End	Segment	CNF	CN	Call	ProbCall
chr1	16757231	16953540	0.808095697821484	3.50179759467551	4	1	0.87674058636074
chr1	25246375	25385885	-1.57211892400813	0.672628155998429	1	2	0.599470703700262
chr1	121719147	121959146	-1.57073615272716	0.673273154936028	1	2	0.597487506702633
chr1	145305842	145325899	0.436933669082476	2.7074480746636	3	1	0.709579885260417
chr1	145326419	145341635	-0.877598080713776	1.0885456565181	1	-1	0.868411239420726
chr1	145355944	145358817	-0.845068977108775	1.11336838537908	1	-1	0.857136497966542
chr1	146088484	146098060	1.01004689111129	4.02795311641019	4	2	0.556587858570737
chr1	146109791	146124906	2.33284958887623	10.0759892919339	10	2	0.990472654097819
chr1	149536490	149548954	-0.692205981929774	1.23781354840844	1	-1	0.737202750227759
chr1	152600663	152614198	-6.9243520647961	0.0164661597168251	0	2	0.580030668139421
chr1	182858118	182883568	0.743399508636862	3.34823202904004	3	1	0.916214799447024
chr2	95875869	95940034	-1.234600687178	0.849920209674713	1	-1	0.816683481804076
chr2	97152442	97191307	-0.872258665598046	1.09258182890439	1	-1	0.866788386517238
chr2	97504815	97576429	-1.00690623970209	0.995224399039721	1	-1	0.885834172855185
chr2	117821679	117860955	0.788413732779592	3.45434872248096	3	1	0.891746516082504
chr2	169563092	169631058	0.614893184208499	3.06288921234089	3	1	0.937644587178071
chr2	171690075	171747887	0.400973846943233	2.6407978094311	3	1	0.557846051690517
chr2	201537364	201565882	0.859058378005491	3.62770810633838	4	1	0.8203713395461
chr3	5178161	5184814	8.32641511455313	641.993604231535	642	2	0.999999572474986
chr3	52256113	52267104	0.442073312157699	2.71711063859757	3	1	0.727823306117176
chr3	93734064	93906186	0.591539376359791	3.01370744904564	3	1	0.934247479178266
chr3	98149921	98391234	0.938416794831105	3.83284802337018	4	1	0.657049725039817
chr3	155922139	156121046	1.29971168846687	4.92359361265508	5	2	0.968113171288565
chr3	160100986	160282697	0.544710099238966	2.91745438492723	3	1	0.914957724010665
chr3	186669893	186725297	0.671716475036661	3.18593420939511	3	1	0.935647550665964
chr4	9160776	9176074	2.5397344753863	11.6296395339024	12	2	0.992574033363888
chr4	9191058	9210821	-0.627284281235153	1.29478783740806	1	-1	0.621622587393822
chr4	9211027	9222080	1.03504909371151	4.09836675376794	4	2	0.642623901590592
chr4	9250438	9359889	1.01004689111129	4.02795311641019	4	2	0.556587858570737
chr4	9363096	9469954	-0.793525166820609	1.15386531342931	1	-1	0.831345802695043
chr4	54723519	54727332	2.72776554687115	13.2485773731304	13	2	0.994115829439486
chr4	68497034	68669987	0.38482056978966	2.61139477077941	3	1	0.480778976993225
chr4	184635358	184644495	-1.1850395904537	0.879624936913715	1	-1	0.846316705622139
chr4	190066847	190092527	1.24181223655402	4.72990837420502	5	2	0.959642991496548
chr5	17491204	17685659	2.20017742386977	9.19071705271967	9	2	0.988864505238749
chr5	34124738	34223813	1.80168852130919	6.97256037397532	7	2	0.982532576112421
chr5	72893474	72905396	1.45623235104781	5.48781691517127	5	2	0.974740470459421
chr5	80331635	80360170	2.82068894191726	14.129993940917	14	2	0.994766485585668
chr5	112827041	112836688	5.94582463980016	123.282536478736	123	2	0.999954837543607
chr5	171389950	171410525	0.854640218395405	3.6166154804016	4	1	0.826474502388148
chr5	178767282	178946574	0.548803832810929	2.92574459286964	3	1	0.917558572450812
chr6	25690998	25762104	0.612786491923245	3.05841989899901	3	1	0.93745944853341
chr6	29826895	29942597	1.07619901823935	4.21694737642544	4	2	0.768432125307857
chr6	29942602	30064843	-0.749141900088854	1.18991465334588	1	-1	0.798919127424963
chr6	31166958	31403835	2.95968237929189	15.5590533330176	16	2	0.995619626704293
chr6	31410567	31415203	-3.37914640862301	0.192223095595517	0	2	0.5932562913986
chr6	32288537	32396616	-1.095275746143	0.936093312328601	1	-1	0.876611049887452
chr6	32443676	32750107	5.31908147914459	79.842305732209	80	2	0.999867300173628
chr6	33092941	33176788	0.588537150796119	3.00744249240507	3	1	0.933572447071345
chr6	110888893	110893664	1.25209403524153	4.76373788902708	5	2	0.961836867633279
chr6	137871517	137881396	1.99692574562791	7.98297086422534	8	2	0.985941640077116
chr7	35119633	35162006	-1.54844854011207	0.683755036510825	1	2	0.563566885841263
chr7	50319018	50400774	7.1162479657697	277.48153604517	277	2	0.999994890441832
chr7	92813890	92834147	7.64611093242228	400.625636169804	401	2	0.999998225753053
chr7	142065627	142094610	-0.750380188667071	1.18889376846233	1	-1	0.799982301483932
chr7	143511795	143722727	0.539917895928049	2.9077795475987	3	1	0.911625601792301
chr7	144187237	144380108	-0.733244994435097	1.20309870179591	1	-1	0.784332913288247
chr8	6977737	7403314	0.661862055950923	3.16424663916173	3	1	0.936856887554311
chr8	7763344	7774055	0.874264664667046	3.66614707744303	4	1	0.797255174762837
chr8	12128332	12173330	1.20815518130179	4.62084014513886	5	2	0.948807973243659
chr8	12358847	12388769	-2.53081900173265	0.346080845051843	0	2	0.664862410656029
chr8	39375698	39668206	3.81499956604491	28.1487619625169	28	2	0.998632976280972
chr8	54055096	54096105	1.67899412226454	6.40409239405543	6	2	0.980047652593255
chr8	60780950	60816578	7.34006395693124	324.048053295818	324	2	0.999996713790626
chr8	123780034	145054157	0.401447748200656	2.64166540995252	3	1	0.560060019104649
chr9	21968066	21974385	2.24432995478931	9.47633995448825	9	2	0.989424232858851
chr9	34837642	34895641	0.781794921741363	3.43853712418331	3	1	0.896133157550879
chr9	36840509	37034074	6.900975889931	239.018071436438	239	2	0.999992246291122
chr9	64118053	64428670	-0.737732045562847	1.1993626529651	1	-1	0.788632113189811
chr9	105521091	105526500	1.32572247659094	5.01316763317415	5	2	0.969979983718985
chr10	37149615	37201378	-1.30550478685988	0.809159049066141	1	-1	0.750742634278628
chr10	47483864	48057480	0.509710235436589	2.84752840912574	3	1	0.881849636520013
chr10	48067302	48184950	-0.789668087332766	1.15695432721061	1	-1	0.82894980514806
chr10	87864277	87964934	7.21051858339555	296.218633100951	296	2	0.999995753177882
chr10	94720342	95065033	0.62952985059992	3.09412150200432	3	1	0.938358586114807
chr10	133421397	133598659	0.455765245261459	2.74302019775623	3	1	0.771607410390795
chr10	133664925	133778707	1.01004689111129	4.02795311641019	4	2	0.556587858570737
chr11	1608345	1630553	1.81027239404789	7.01416998509957	7	2	0.982696091594372
chr11	32635622	32655066	-1.04555558697375	0.968916611856914	1	-1	0.883928887486912
chr11	55343144	55856213	0.596561151821176	3.02421592934999	3	1	0.935245210865105
chr11	89955150	89973954	0.955300204490536	3.87796613384704	4	1	0.607635634668179
chr11	100859586	100933191	0.939467128422643	3.83563948984348	4	1	0.654125332928087
chr11	110247763	110264786	0.797547762866518	3.4762883682321	3	1	0.885166089758762
chr11	123940549	123995018	0.522063230496925	2.87201489327403	3	1	0.896070059107249
chr12	12211	18243	-1.39861797278154	0.758584620127528	1	-1	0.606059733778731
chr12	21376220	21452094	-0.868635735359023	1.09532899441471	1	-1	0.865638379013926
chr12	31114708	31200611	0.806115886400681	3.49699537117076	3	1	0.878393419338906
chr12	40474955	40494219	-1.14939409953946	0.901629047647358	1	-1	0.861413120256204
chr12	43795608	43800432	2.66003290936158	12.6409493396149	13	2	0.993596938941222
chr12	64566693	64611410	6.60338913861929	194.46802314807	194	2	0.999986365012218
chr12	111403225	111439011	6.66665049880404	203.18505760348	203	2	0.999987892615006
chr12	112406850	112504889	0.523523593581137	2.87492355234568	3	1	0.897549225865584
chr13	18171403	18711939	0.631437612064014	3.0982157493416	3	1	0.938382448356717
chr13	19032432	19131386	1.04934267647844	4.13917336744874	4	2	0.689424200842534
chr13	35098200	35123576	0.456948932919296	2.74527168639982	3	1	0.775063169775949
chr13	40976205	41017372	6.92170593221123	242.477308338459	242	2	0.999992549146412
chr13	48304140	48479697	6.68563721789591	205.876766393117	206	2	0.99998831823024
chr13	52473826	52577286	0.626405397112778	3.08742779503206	3	1	0.938286295144084
chr13	57141246	57169212	1.36486123527663	5.15103104550052	5	2	0.971868001646109
chr13	75302095	75310247	1.48805766888719	5.61022125561081	6	2	0.975578335550523
chr14	19464471	19708966	1.25506716683522	4.77356520745392	5	2	0.962399083159666
chr14	35654227	35760891	0.738843907413992	3.33767598477845	3	1	0.918074218068902
chr14	104947834	104952018	-1.22965339989686	0.852839757546849	1	-1	0.820166439222788
chr15	19780202	22279096	-1.00992541943636	0.993143834985871	1	-1	0.885798796375908
chr15	32450749	32528678	-0.873754519559044	1.09144957584935	1	-1	0.867251610629689
chr15	65752325	65898926	0.520509674615398	2.86892384907064	3	1	0.894452031163496
chr15	82812954	82819574	-6.34988252707263	0.024520249564526	0	2	0.549059454395375
chr15	84186783	84516815	0.407846357604878	2.65340768673775	3	1	0.589539715678921
chr15	92832588	92915320	6.52508155073794	184.193909814381	184	2	0.99998421835482
chr16	31884406	31916172	1.2270769501436	4.68184427839583	5	2	0.955693391908776
chr17	7670087	7674149	2.15989900044085	8.93767137811297	9	2	0.988331494767424
chr17	12024637	12141397	7.20380832213471	294.844060570574	295	2	0.999995696701906
chr17	31095295	31373680	6.1707798585436	144.085351302303	144	2	0.999969787722053
chr17	37874182	38195978	-0.823024223616638	1.13051158507477	1	-1	0.847426531978717
chr17	46334772	46694009	0.852219800655068	3.6105529508702	4	1	0.829707519474893
chr17	66027368	66070027	-0.973544718521099	1.0185065663755	1	-1	0.884953874029211
chr18	51047824	51078532	5.11788862181991	69.4493180039241	69	2	0.999814899832449
chr19	1208034	1226795	4.99898396961397	63.9549433174042	64	2	0.999775344214679
chr19	4885131	4921971	5.59436424604611	96.6276550812783	97	2	0.999916709301799
chr19	54747401	54786503	-0.94559792755522	1.03842863548355	1	-1	0.882386855590267
chr19	54786508	54798097	1.01004689111129	4.02795311641019	4	2	0.556587858570737
chr19	54803451	54818525	-1.62591298346232	0.648009566408489	1	2	0.663984203670899
chr20	6200249	6214618	2.97825326445164	15.7606296147786	16	2	0.995723577345895
chr21	13398865	13427926	-1.19012684171124	0.876528653551297	1	-1	0.843773795500019
chr21	13951091	14002105	-0.972155810200702	1.01948757300485	1	-1	0.884866299567784
chr22	11339687	11972641	-0.932081415929171	1.04820332035736	1	-1	0.88051946457264
chr22	18202302	18529550	0.723550833700173	3.3024823102612	3	1	0.92362810037386
chr22	18610094	18873894	0.603492130626093	3.0387797882384	3	1	0.93636995415646
chr22	23786710	23831850	5.51877899558233	91.6954978439937	92	2	0.999905233592052
chr22	23941098	23983664	0.692470455601557	3.23209690916677	3	1	0.932002260970631
chr22	41160869	41173780	0.747958519837187	3.35882939780266	3	1	0.914253555426158
chrX	2794523	9030403	0.833620613534524	3.56430455281816	4	1	0.852117076143211
chrX	9032104	24930575	0.778893522471839	3.43162884237959	3	1	0.897960758446291
chrX	24930776	46501223	0.94484721985046	3.84997004234064	4	1	0.638828924223057
chrX	46501228	58540623	0.770546649556291	3.41183209469944	3	1	0.902912151742088
chrX	62470624	77830957	0.940980795435615	3.83966593175813	4	1	0.649875178226548
chrX	77841163	91816322	0.785103522685564	3.44643193372246	3	1	0.893978905169912
chrX	91835441	124364504	0.793442722931837	3.46641100740565	3	1	0.888201885437831
chrX	124365706	133027291	0.808730096159333	3.50333778371162	4	1	0.876203733043293
chrX	133027292	155545312	0.871401846770769	3.65887935651436	4	1	0.801867689114193
