Chromosome	Start	End	Segment	CNF	CN	Call	ProbCall
chr1	11639971	12406234	1.18342492030747	4.5423060674955	5	2	0.999532940355442
chr1	23392735	24515863	0.682685059708189	3.21024868115839	3	1	0.952600785018069
chr1	32518630	33166938	1.25659124971085	4.77861073197842	5	2	0.999912426584703
chr1	72298731	72356730	0.517848304862619	2.86363636363636	3	1	0.961414857657485
chr1	111033982	112094712	0.47680796987364	2.78332228450087	3	1	0.952960680265836
chr1	119964079	121391059	0.406816992473874	2.65151515151515	3	1	0.915625753091064
chr1	121391060	121976146	-2.65741014088273	0.317007715531702	0	2	0.773258213450912
chr1	143185147	143304146	-1.4755790412139	0.719178082191778	1	-1	0.501750589960922
chr1	143304147	145180518	0.534336427651189	2.89655172413793	3	1	0.963354327377526
chr1	155824663	156314536	1.03275089629257	4.09184329763659	4	2	0.951597708393176
chr1	174346411	174972598	-1.06711419585854	0.954545454545453	1	-1	0.917114655484543
chr1	223538053	224718062	0.554374180887737	2.93706293706294	3	1	0.964828589374555
chr2	11464679	11683026	1.43354850287475	5.40220543198904	5	2	0.999964504679645
chr2	31995364	32718169	0.610957709254101	3.05454545454546	3	1	0.964392403520925
chr2	151250752	217793376	0.447458976971217	2.72727272727272	3	1	0.942316044031075
chr2	217793377	220244955	0.870147132130374	3.65569860548292	4	1	0.675131490917067
chr2	220244956	220682955	0.354562500783348	2.55719557195573	3	1	0.823786822690047
chr2	220682956	224703282	1.20281512495534	4.60376797482663	5	2	0.999736377008384
chr2	224703283	238387365	0.533789848731643	2.89545454545455	3	1	0.96330106195428
chr2	238387366	241912629	1.14628944225066	4.42687747035574	4	2	0.99845453462494
chr3	10202	9569094	-0.593183007526121	1.32575757575758	1	-1	0.615370139845716
chr3	9569095	10146744	0.669851398307669	3.18181818181818	3	1	0.95593988293434
chr3	42308944	43408148	0.570315724756758	2.96969696969698	3	1	0.965376570096725
chr3	124244198	125209666	0.539158811108033	2.90625	3	1	0.963793271321918
chr3	139267426	161601159	0.447458976971221	2.72727272727273	3	1	0.942316044031077
chr3	161601160	169391739	0.354562500783348	2.55719557195573	3	1	0.823786822690047
chr3	169391740	170324304	1.04439411935845	4.12499999999999	4	2	0.964624777709358
chr3	170324305	182960893	0.441880829489438	2.71674814908759	3	1	0.939661497203355
chr3	182961234	185539376	0.616828859490211	3.06700147299297	3	1	0.963958270844417
chr3	185539377	186330720	1.27684020535883	4.84615384615387	5	2	0.999929269143829
chr3	186330721	195742165	0.485123819570989	2.79941198093594	3	1	0.955175145734247
chr3	195742166	198235541	0.724892761865633	3.30555555555556	3	1	0.93569304592541
chr4	118660024	119585390	1.38539800883897	5.22488038277512	5	2	0.999957834065308
chr5	69624668	70922384	-0.618638511808441	1.30257052664287	1	-1	0.668716886261034
chr5	112813468	112836688	1.93288580414146	7.63636363636362	8	2	0.99999449320562
chr6	4111449	4600772	1.90406159923995	7.48530757854712	7	2	0.999993840153678
chr6	13517052	14079100	0.584962500721156	3	3	1	0.965416849381665
chr6	29645520	29984606	1.2964686781211	4.91253837801709	5	2	0.999938583640219
chr6	32505365	32839551	0.517848304862619	2.86363636363636	3	1	0.961414857657485
chr6	42462384	43962923	0.543042345964409	2.91408376068601	3	1	0.964107105753804
chr6	47213410	47671484	0.669851398307673	3.18181818181819	3	1	0.955939882934339
chr6	61099146	61642145	0.354562500783348	2.55719557195573	3	1	0.823786822690047
chr6	61642146	62149187	1.25481389902883	4.77272727272729	5	2	0.999910370595005
chr6	62149188	170745612	-1.06711419585854	0.954545454545453	1	-1	0.917114655484543
chr7	50319018	50402974	6.71925500321331	210.730452709941	211	2	1
chr7	143251241	143897918	0.311470284899738	2.48194351921811	2	1	0.590989912774573
chr8	21968374	22261988	1.2641261616242	4.80363376249714	5	2	0.99991994409272
chr8	39358132	39553152	4.55926779105549	47.1526775485765	47	2	0.999999999980105
chr8	60431361	60770394	0.34792330342031	2.54545454545455	3	1	0.801287820615559
chr8	60770395	60867132	1.20765058462868	4.61922424379787	5	2	0.999768888881396
chr8	97071457	98220715	1.03242147769238	4.0909090909091	4	2	0.951175047358731
chr8	98220716	103591317	0.517848304862621	2.86363636363637	3	1	0.961414857657485
chr8	103591318	119510719	0.354562500783348	2.55719557195573	3	1	0.823786822690047
chr8	119510720	127322355	0.517848304862619	2.86363636363636	3	1	0.961414857657485
chr8	127322356	128306568	1.27379782412834	4.83594495795432	5	2	0.999927344123377
chr8	128306569	139617511	0.396475337432251	2.63257628526032	3	1	0.904931350287559
chr8	139618176	145078357	0.562936194391156	2.95454545454545	3	1	0.965189135474178
chr9	10202	36837879	-1.06711419585854	0.954545454545453	1	-1	0.917114655484543
chr9	36837880	37037274	6.0258978968631	130.318482278519	130	2	0.999999999999997
chr9	37037275	42430236	-0.517402297003056	1.39725729088261	1	2	0.570407380402692
chr9	60519462	65382286	-0.330148601692326	1.5909090909091	2	2	0.563525562795691
chr9	127380588	127955167	0.669851398307668	3.18181818181818	3	1	0.955939882934341
chr10	47429126	48055937	0.720864872972455	3.29633958056918	3	1	0.937798426392491
chr10	80439226	87860464	-0.915111102413485	1.06060606060606	1	-1	0.911722913909263
chr10	87860465	87964934	6.25615007337772	152.868788979153	153	2	0.999999999999999
chr10	87965008	100180564	-0.961274637568365	1.02720587748274	1	-1	0.917651601600524
chr10	100180565	101638079	0.691348011503393	3.2295832544468	3	1	0.949941566356536
chr10	101638080	102328353	-0.900720943285009	1.0712380099095	1	-1	0.908988278609625
chr10	102328354	102962648	0.65563380401065	3.15061572909466	3	1	0.958914845719995
chr10	109644668	110676024	0.535301179302281	2.89848933918033	3	1	0.963446582550989
chr11	60202	894897	0.532516688481218	2.8929004703263	3	1	0.963174170269082
chr11	46833520	47842796	0.611694574475578	3.0561059806087	3	1	0.964342183053245
chr11	63487795	67444718	0.382066329172673	2.60641412815259	3	1	0.8855085560946
chr11	71933623	72844817	0.637429920615292	3.11111111111111	3	1	0.961784577626891
chr12	55852242	57830864	0.354562500783348	2.55719557195573	3	1	0.823786822690047
chr12	64227432	65037760	0.862496476250067	3.63636363636364	4	1	0.703967008461826
chr12	111400551	111439011	6.84187391445829	229.424223491356	229	2	1
chr12	120383303	125706030	0.602737202449134	3.03719008264463	3	1	0.964871636209445
chr12	125706031	130131073	0.392317422778759	2.625	3	1	0.899941574438139
chr12	130131074	133264802	0.508320165279193	2.84478607077682	3	1	0.959955893243668
chr13	18171403	18451492	0.978027737153044	3.93954151220121	4	2	0.824914553094558
chr13	40971256	41021572	6.94143940316415	245.816748094307	246	2	1
chr13	48297485	48487369	6.57412672867155	190.56333131813	191	2	1
chr14	18224380	106883139	-0.974004791467052	1.01818181818182	1	-1	0.918591956594765
chr15	19776202	22428723	-0.745186100971173	1.19318181818182	1	-1	0.837722297727919
chr15	23462406	24861581	-0.330148601692329	1.59090909090909	2	2	0.563525562795713
chr15	41752854	92831759	-0.939897377212554	1.04253991687838	1	-1	0.915416112601687
chr15	92831760	92915320	5.72252980451852	105.604668569377	106	2	0.999999999999982
chr15	92915521	101981086	-1.06711419585854	0.954545454545453	1	-1	0.917114655484543
chr16	10202	536681	0.92039274598279	3.78526091114798	4	2	0.560291318317409
chr16	18711923	19085379	1.01747063402109	4.04873336101102	4	2	0.928343504764872
chr16	22760871	25757351	-0.929610672108602	1.05	1	-1	0.914032876235776
chr16	25757352	29436021	1.81740858672153	7.04895104895106	7	2	0.999991401120729
chr16	29436382	30192272	-0.598826736715055	1.32058142930355	1	-1	0.627787493897547
chr16	57969599	71316128	-0.947532580105861	1.03703703703704	1	-1	0.916311529771386
chr16	72156689	90227676	-0.929610672108602	1.05	1	-1	0.914032876235776
chr17	60202	1850911	1.12928301694497	4.37500000000001	4	2	0.997305897929384
chr17	5038865	6783117	0.5918488863064	3.01435406698565	3	1	0.965283714754116
chr17	6783118	8226499	1.09792531694198	4.28093317968045	4	2	0.992675662988393
chr17	8226500	10994008	0.616046911264371	3.065339592636	3	1	0.964020615000932
chr17	10994009	12281597	1.28872773590554	4.88625019099005	5	2	0.999935437868485
chr17	12281598	22762913	-0.844721774522085	1.11363636363637	1	-1	0.893454131892056
chr17	26936914	27582163	-0.974004791467054	1.01818181818182	1	-1	0.918591956594766
chr17	27582492	28505429	0.576741993916189	2.98295454545455	3	1	0.965448332020266
chr17	28505430	29546326	1.31226258304583	4.96661385076437	5	2	0.999943635633754
chr17	30193930	31435440	1.91287584340997	7.53117956423742	8	2	0.999994047326049
chr17	31932012	32609468	0.511954974122127	2.85196242484604	3	1	0.960543795311661
chr17	37828271	38249573	-1.04439411935845	0.969696969696972	1	-1	0.918832192578157
chr17	39506690	39952205	3.24337900396654	18.9401913875598	19	2	0.999999981184444
chr17	42153856	83246589	-0.835130523546857	1.12106464844748	1	-1	0.889877328471002
chr18	45585950	46300367	0.517848304862621	2.86363636363637	3	1	0.961414857657485
chr18	51047024	51087732	3.8400978543201	28.6427449680502	29	2	0.99999999902932
chr19	60571	1659551	-0.655323053512775	1.26986659755961	1	-1	0.733353653253387
chr19	2494022	3536101	1.17509984925465	4.51617017358188	5	2	0.99939354681817
chr19	4883807	4921971	5.94749394340932	123.425265942473	123	2	0.999999999999996
chr19	38006470	38573304	0.664251432434737	3.16949157355601	3	1	0.957196068339828
chr19	38573505	44155785	-0.809363189649959	1.1412673638834	1	-1	0.87865346520309
chr19	44156248	45250055	0.662094269915644	3.16475599240305	3	1	0.957649979496844
chr19	45250056	58606632	-0.772840047569902	1.17052841143976	1	-1	0.857972814052286
chr21	7955957	10813737	-0.363060035341171	1.55502736055593	2	2	0.747541800620175
chr22	10510202	12903951	-0.695145418471575	1.23529411764706	1	-1	0.788044637499519
chr22	15154952	19687842	-0.76296080269915	1.17857142857143	1	-1	0.851242688006488
chr22	19687843	19904230	0.931183175754436	3.81367836460482	4	2	0.615789887581287
chr22	19904231	23785759	-0.782606507866857	1.16263116955996	1	-1	0.864120919808913
chr22	23785760	23831850	4.05771157554093	33.3060318983543	33	2	0.999999999689567
chr22	23831852	29413875	-0.929610672108602	1.05	1	-1	0.914032876235776
chr22	29413876	30143433	0.447458976971225	2.72727272727273	3	1	0.942316044031079
chr22	30143434	31380995	-0.879053394280179	1.08744814355127	1	-1	0.903965277842323
chr22	32002053	50808320	-0.836501267717115	1.12	1	-1	0.890407268757876
chrX	2797300	25886499	0.839776399749981	3.57954545454545	4	1	0.776493153499433
chrX	25886500	29121698	0.354562500783348	2.55719557195573	3	1	0.823786822690047
chrX	29121699	44495893	0.66985139830767	3.18181818181818	3	1	0.95593988293434
chrX	44495894	49302586	1.08488889758651	4.24242424242423	4	2	0.989060490550152
chrX	49302587	58554623	0.588823019253185	3.00803847291644	3	1	0.965354255630333
chrX	62462624	77248719	0.669851398307669	3.18181818181818	3	1	0.95593988293434
chrX	77248720	78149916	1.57586710294121	5.9622922920978	6	2	0.999978776728029
chrX	78149917	155700512	0.518072309588391	2.86408102994667	3	1	0.961446026499543
