Chromosome	Start	End	Segment	CNF	CN	Call	ProbCall
chr1	72274924	72362730	2.09700397679457	8.55640028880059	9	2	0.997899818662948
chr1	86352802	86371155	-1.32615870216067	0.797657489503927	1	-1	0.766230446454746
chr1	103544978	103768806	-0.805117021058842	1.14463131256296	1	-1	0.847649784785784
chr1	109681834	109700399	-3.51385754077918	0.175086828242469	0	-2	0.512927872906696
chr1	121679147	121969146	-1.88316918617088	0.542175119319664	1	2	0.6429605566766
chr1	143189147	143279146	-2.51922081298358	0.348874289676603	0	2	0.566400446001417
chr1	143279147	144251926	0.96158657725995	3.89490078053721	4	2	0.505090560651804
chr1	145306682	145310878	-0.549672205328585	1.36635066995911	1	-1	0.620563822508319
chr1	145311103	145328315	1.15834367411654	4.46402056709825	4	2	0.959040220830514
chr1	145353950	145360674	0.451989716975822	2.73585110754848	3	1	0.905321177638394
chr1	145360691	145393227	1.45977932438091	5.50132572165768	6	2	0.992725248702504
chr1	146067370	146087661	-1.10442461617346	0.930175846657088	1	-1	0.870805315349485
chr1	146088484	146096582	0.810291186838441	3.50713067673189	4	1	0.837355050581402
chr1	146096981	146108429	-0.795035594548308	1.15265790777152	1	-1	0.843764203310942
chr1	146984764	147056620	1.05786554299484	4.16369832223979	4	2	0.815741982795702
chr1	149534609	149548372	-0.761996845450786	1.17935917100612	1	-1	0.828958101000467
chr1	182858118	182883568	0.616431708456357	3.06615729239346	3	1	0.929803436686595
chr2	86903830	86940492	0.889507295817952	3.70508668317775	4	1	0.701830555777955
chr2	88782870	88805474	-1.11725826605935	0.921938061114827	1	-1	0.868343023373226
chr2	95875869	95978191	-0.83207595385322	1.12344075546543	1	-1	0.85673720939515
chr2	97144535	97191307	-0.815392069137835	1.13650807199225	1	-1	0.851330199983552
chr2	97511107	97576429	-0.762717103320534	1.1787705291272	1	-1	0.82931707301004
chr2	201545489	201565882	0.690397252991795	3.22745560991215	3	1	0.915730254752264
chr3	5178161	5184814	8.15418261038449	569.748973649341	570	2	0.999999999985019
chr3	52256113	52267104	0.444561109244903	2.72180009220253	3	1	0.900963516956622
chr3	93714064	93906186	0.526935564135096	2.88173078650878	3	1	0.92773785049612
chr3	98149921	98354141	0.671911948675675	3.18636590724375	3	1	0.920852474882924
chr3	130043426	130082082	-2.56630352524736	0.337672471535873	0	2	0.560816745999217
chr3	156019674	156047434	8.07291764270835	538.542966959423	539	2	0.999999999979068
chr3	195599659	195726600	-1.0844179349954	0.943164985414081	1	-1	0.874026164483136
chr4	4104550	4157180	4.7669563614206	54.4536315523324	54	2	0.999997479630325
chr4	9160776	9186274	1.74866852355223	6.72096561818246	7	2	0.995786332734546
chr4	9191058	9272867	-0.866984165899197	1.09658362392444	1	-1	0.865965184929211
chr4	9325132	9341331	0.810291186838441	3.50713067673189	4	1	0.837355050581402
chr4	9344115	9368010	-0.781765790258833	1.16330887990208	1	-1	0.838213114143909
chr4	54723519	54727332	2.43264919376141	10.7976779945227	11	2	0.998968551591125
chr4	68517034	68669987	0.883402183596957	3.68944084267852	4	1	0.715963797573455
chr4	102801327	102809943	1.00277461350888	4.00770026438387	4	2	0.649172208557483
chr4	190060254	190066967	-1.29326240019263	0.816054607045858	1	-1	0.792567337895644
chr4	190067738	190196187	0.426079135167752	2.68715424404036	3	1	0.886780143620208
chr5	34179498	34203813	1.49756771282475	5.64732520716974	6	2	0.993220106288824
chr5	70394338	70478602	0.531232241514828	2.89032603600692	3	1	0.928307224321064
chr5	70870717	71127071	0.46585967575438	2.76228020905521	3	1	0.91197937059122
chr5	72893151	72905396	1.52011923890351	5.73629507788934	6	2	0.993498711507982
chr5	80331635	80360170	2.17655238509037	9.04143887770877	9	2	0.998219237737505
chr5	103005017	103011255	0.682724225053802	3.21033583208231	3	1	0.918006552136153
chr5	112821838	112836688	5.77778153856496	109.727515840208	110	2	0.99999989533281
chr5	139317502	139329408	0.871581625337813	3.65933532888221	4	1	0.741402063243367
chr5	171391180	171410525	1.22875122916558	4.68728081466734	5	2	0.982997843438079
chr5	178767282	178802648	0.756918141899263	3.37975376595517	3	1	0.884556433126551
chr6	29826895	29942739	0.677119037344752	3.19788716947381	3	1	0.919532956433377
chr6	31166958	31312275	0.737467749188327	3.33449375973417	3	1	0.896158114341668
chr6	31312276	31367419	-0.692706884244314	1.23738385534757	1	-1	0.785534154550616
chr6	31869475	31880461	0.714262730293578	3.28128914844729	3	1	0.90712348747288
chr6	31980662	32045432	-1.37639622324068	0.770359506980109	1	-1	0.715418351887297
chr6	32255707	32394180	-0.999142083886843	1.00059483898157	1	-1	0.880092323853274
chr6	32490365	32522163	0.526715825342361	2.88129189969999	3	1	0.927707260244427
chr6	32530093	32584468	0.810291186838441	3.50713067673189	4	1	0.837355050581402
chr6	32589611	32805175	2.15877913741962	8.93073638231438	9	2	0.998152017824393
chr6	33039911	33086681	-0.925788397486564	1.05278555721816	1	-1	0.875963480778301
chr6	33092941	33129196	1.6864797822925	6.43740743416309	6	2	0.99525005271976
chr6	105852364	105873230	7.26586681036131	307.803709960749	308	2	0.999999999486617
chr6	110888893	110893539	0.994329931892631	3.9843100854933	4	2	0.61988251934362
chr6	137871517	137881396	2.13506190115455	8.7851194419102	9	2	0.998058681365316
chr7	35121609	35162006	-0.925487366993254	1.05300525272763	1	-1	0.875928277465487
chr7	50319018	50400774	7.01425172981387	258.541440062076	259	2	0.999999998669659
chr7	61120237	61430236	1.00733277387029	4.02038252128997	4	2	0.664740802847482
chr7	61430237	61610236	-2.64782667464872	0.319120529037816	0	2	0.551555017393039
chr7	62560237	63288491	0.572369559645775	2.97392767031118	3	1	0.931244988956784
chr7	63291459	63303926	-1.36423397527158	0.776881264507165	1	-1	0.728994796814666
chr7	92813890	92834147	7.65366821491934	402.729743237816	403	2	0.999999999886567
chr7	100990775	101119983	-0.42844622974635	1.48612325111895	1	2	0.502731902065491
chr7	144187237	144377327	-0.814898253941265	1.13689715007314	1	-1	0.85115958814205
chr8	7712684	7973239	-0.611269723575528	1.30924062701389	1	-1	0.706241165401985
chr8	39375698	39648558	6.16146342269411	143.157894736842	143	2	0.999999971440489
chr8	60780950	60816090	7.33731343586384	323.430839073738	323	2	0.999999999609778
chr8	73013647	73026933	0.976460204061238	3.93526340222971	4	2	0.556996450621277
chr8	86457955	86466884	0.823860727655733	3.5402732771762	4	1	0.820676536193402
chr8	93709811	93728293	0.500604933194583	2.82961335480702	3	1	0.922943188434215
chr8	94739418	94761697	0.975629850853122	3.9329990855746	4	2	0.55407368715558
chr9	21968066	21974385	2.16007788392692	8.93877965178969	9	2	0.99815700772022
chr9	33543053	33638570	-0.473862185635605	1.44006887544274	1	-1	0.480194271279129
chr9	36840509	37034074	6.97599307819096	251.775322972015	252	2	0.999999998465317
chr9	60526462	60686461	-0.950962416772303	1.03457453256724	1	-1	0.878365927291882
chr9	67373756	67633755	0.753520598406159	3.37180381836151	3	1	0.886761596981506
chr9	101888249	102058248	-0.879042610655401	1.08745627186407	1	-1	0.868551362258423
chr9	105521091	105526500	1.04689209842213	4.13214848887437	4	2	0.787198849195517
chr10	37149806	37211578	-1.13503009943701	0.9106508341759	1	-1	0.864392159224368
chr10	39441403	39631402	-0.898763420658127	1.07269250712989	1	-1	0.872168042589944
chr10	45684374	46006729	-0.411094390842294	1.50410533945102	2	2	0.505676277687331
chr10	47523267	48057480	0.555359376055198	2.93906929900822	3	1	0.930554519563373
chr10	48067302	48184950	-0.679638512039313	1.24864337523754	1	-1	0.775101386541355
chr10	87864277	87964934	7.25781542315807	306.090704556056	306	2	0.999999999470558
chr10	94638310	95065033	0.323259055395933	2.50230744301376	3	1	0.535790775616347
chr10	133664443	133778707	0.810291186838441	3.50713067673189	4	1	0.837355050581402
chr11	55467143	55727206	0.532820740874152	2.89351022220081	3	1	0.928504091672754
chr11	56511313	56598282	0.516025741275801	2.86002100217212	3	1	0.926038005719753
chr11	57899387	57928388	5.29307015587524	78.4156743738186	78	2	0.999999497395603
chr12	37239925	37309924	-0.57787307593484	1.33990147783251	1	-1	0.662767667288896
chr12	37309925	38059924	0.32259125051425	2.50114942528736	3	1	0.53118856441432
chr12	40479065	40491243	-1.46060662160564	0.726680641148886	1	-1	0.596938178986333
chr12	43796896	43804659	1.2968082990409	4.91369496145813	5	2	0.989148615684868
chr12	56107061	56117475	0.543286831471701	2.9145776361048	3	1	0.929624521498821
chr12	64566693	64611410	6.59965620711902	193.965493209691	194	2	0.999999993906255
chr12	111403225	111439011	6.81145086302566	224.636859768458	225	2	0.999999997178788
chr13	18171403	18409024	0.795009609943491	3.47017786375122	3	1	0.853609241155437
chr13	19082754	19131386	1.41457902175086	5.33163870978552	5	2	0.992070809637197
chr13	27075271	27095723	1.49132814520367	5.62295361262024	6	2	0.993140949568642
chr13	40976205	41017372	7.13720456853856	281.541652904285	282	2	0.999999999162345
chr13	48304140	48479697	6.89026645164494	237.25035761535	237	2	0.99999999789001
chr13	52218390	52279999	1.22157223371573	4.6640143705623	5	2	0.981756543910632
chr13	52532562	52587486	1.01555684619104	4.04336612857007	4	2	0.692254919548082
chr13	57094747	57169212	1.92251294129848	7.58165569643613	8	2	0.997007334744823
chr13	75302095	75310247	2.01216116003359	8.06772081473618	8	2	0.997501849455185
chr14	19484471	19698966	1.36388538932611	5.14754804111297	5	2	0.991177512961713
chr14	35654227	35760891	0.610558681804973	3.05370073067474	3	1	0.930266213061004
chr14	104944067	104952904	-0.588378367383498	1.33018013658753	1	-1	0.677190036555364
chr14	106723650	106754218	2.69444600643884	12.9461032184903	13	2	0.999423452561723
chr15	19780202	22564583	-0.682548478374819	1.24612735619809	1	-1	0.777493546220186
chr15	82812954	82819574	-6.550615080151	0.0213352809659212	0	2	0.743085758123806
chr15	92832588	92915320	6.48927685381138	179.678858076512	180	2	0.999999990951994
chr16	11761	15600	-0.992556572820698	1.00517272313799	1	-1	0.880073845907533
chr16	31794035	31885301	0.556463168736415	2.94131881427707	3	1	0.930620963616491
chr16	35090462	35104766	0.779097077926651	3.43211305839975	3	1	0.868041622644288
chr16	46388210	46560121	-0.545446687849572	1.3703584483252	1	-1	0.613796013712596
chr17	7670087	7674149	2.24490854235981	9.48014116815439	9	2	0.998457334940315
chr17	10359889	10665272	0.329390776186711	2.51296534550344	3	1	0.577064656659146
chr17	12024637	12141397	7.35199450975163	326.738921396485	327	2	0.999999999631244
chr17	21853115	22100727	0.770109547608041	3.41079854809436	3	1	0.875200464543935
chr17	31094279	31373680	6.35635671260147	163.864180092302	164	2	0.999999985516169
chr17	37925964	38195978	-0.761788538495516	1.17952946787947	1	-1	0.828853965260803
chr17	41065725	41124184	-1.34298788265826	0.788406795936985	1	-1	0.750722057507456
chr17	46299519	46337776	-0.52487941944894	1.39003439415791	1	-1	0.579170055244198
chr17	67719737	67736687	-0.661171081509771	1.26472955592892	1	-1	0.758956913496117
chr18	51047824	51078532	4.74698445427651	53.7049980748685	54	2	0.999997325525595
chr19	1208034	1226795	5.07986121060672	67.6426469603896	68	2	0.999999022897955
chr19	4885131	4921971	5.71436635967687	105.008795304747	105	2	0.999999870896164
chr19	54635951	54739706	0.810291186838441	3.50713067673189	4	1	0.837355050581402
chr19	54747401	54786503	-2.08895445562477	0.470101941647487	0	2	0.624092054450376
chr19	54786508	54818525	0.810291186838441	3.50713067673189	4	1	0.837355050581402
chr19	54819797	54852193	-1.20308814233694	0.86868911043619	1	-1	0.842632199763538
chr19	54852317	54909550	0.645662372989099	3.12891479631304	3	1	0.926179021877299
chr20	6200249	6214618	2.63231346916326	12.4003889624734	12	2	0.999336691242032
chr21	8776388	8987008	-1.14535999462066	0.904153736600749	1	-1	0.861792062575653
chr22	11319687	11972641	-0.614388490344137	1.30641341423019	1	-1	0.709952704948573
chr22	16312841	16398156	1.43782548803633	5.41824446603624	5	2	0.992417934211053
chr22	18387189	18721133	0.60710469776929	3.04639855146309	3	1	0.930498730174025
chr22	23786710	23831850	5.42358369988021	85.8403289687257	86	2	0.99999966797459
chr22	23941098	23961138	0.953934009875959	3.874295539211	4	1	0.512474444863771
chr22	41160869	41173780	0.846332466911344	3.59584906900214	4	1	0.787698994511309
chr22	42501559	42577090	1.6192768835244	6.14442020913642	6	2	0.994601903603182
chrX	10202	130201	-1.57084305267659	0.673223268994966	1	2	0.433925253609776
chrX	2789563	58550623	0.975682914164553	3.93314374663427	4	2	0.554260414092804
chrX	62470624	124364504	0.975519167833932	3.93269735894304	4	2	0.553684223033467
chrX	124365706	155685512	0.950972150443473	3.86634975213638	4	1	0.522560555643553
