Chromosome	Start	End	Segment	CNF	CN	Call	ProbCall
chr1	12848210	15835889	-0.50425930103703	1.4100445050751	1	-1	0.561675633912514
chr1	25243523	25390915	-1.75714159095626	0.591667439788969	1	-1	0.655146009387689
chr1	67415046	68647421	0.591526640366633	3.01368084440159	3	1	0.952179943461803
chr1	83937781	84771669	0.5002062252884	2.82883146168105	3	1	0.884290240397692
chr1	120197904	120830053	0.427430185500426	2.68967188012664	3	1	0.715986212012931
chr1	145305158	145332269	0.528172411239567	2.88420240286946	3	1	0.915863657795782
chr1	145332830	145352828	-0.713470201409135	1.21970292139553	1	-1	0.893195894959822
chr1	145353430	145359211	0.654802220885221	3.14880020755357	3	1	0.962788259276429
chr1	146070514	146087661	-0.962077207932791	1.02663460239924	1	-1	0.925338107262422
chr1	146088484	146098060	1.82749086161239	7.09838518030707	7	2	0.999839258555349
chr1	148537201	148575421	-0.523573054410375	1.39129364485182	1	-1	0.618826052693982
chr1	149536490	149553108	-1.02050604494257	0.985886830598198	1	-1	0.925162045219419
chr1	167338109	169131584	0.466609942796026	2.76371709399546	3	1	0.825236727989679
chr1	182858118	182883568	0.665699331025647	3.17267409366659	3	1	0.963034305384919
chr1	196774832	196832061	-4.44927347563996	0.0915514486292272	0	2	0.509001440878466
chr1	196832262	197176697	0.40366081199114	2.64572077865282	3	1	0.625640992976413
chr1	199759352	202428965	0.414815900357287	2.6662570963421	3	1	0.670215761382177
chr2	26193449	26239163	0.729505400353933	3.31614111453854	3	1	0.956150478840376
chr2	46624108	48305945	0.467604915980105	2.76562378443443	3	1	0.827397683210162
chr2	95848829	95921757	-0.896036409822821	1.0747220493595	1	-1	0.923506495688751
chr2	97183406	97191307	-1.46223463285607	0.725861079860616	1	-1	0.85765464608126
chr2	97504815	97576429	-1.10248728729024	0.931425776111568	1	-1	0.922284619414466
chr2	171541526	171785595	0.466714358192954	2.76391712591646	3	1	0.825464814984547
chr2	180543657	192794747	-0.523245274767026	1.39160978203361	1	-1	0.617889587156463
chr3	5178161	5184814	8.36510682645323	659.444222008071	659	2	1
chr3	67400608	70215547	0.37778855720719	2.5986972293979	3	1	0.510630744174817
chr3	93714064	93906186	0.768865961438071	3.40785974661946	3	1	0.942932094853946
chr3	111375593	114339130	0.419874814197753	2.6756229298488	3	1	0.689186292594284
chr3	128971118	134895962	0.415279427469966	2.66711388241237	3	1	0.67198740850833
chr3	134925662	145940094	-0.528000923175312	1.38703008157559	1	-1	0.631343809820274
chr3	145940095	155919390	0.423028484390863	2.68147812540753	3	1	0.700598853730468
chr3	155922139	156121046	1.4713227334532	5.54551994655678	6	2	0.999476562851943
chr3	156142984	189289266	0.446905611089159	2.72622684422808	3	1	0.776400841457163
chr3	189310328	198228341	-0.486354227447744	1.42765340240007	1	-1	0.506210168992183
chr4	7667021	9202770	0.506876481933784	2.8419407597799	3	1	0.893044881178811
chr4	9202855	9272867	-1.1717679708772	0.887754103576072	1	-1	0.917297797054202
chr4	9325132	9341331	1.98639804792291	7.92492920775054	8	2	0.999907571946232
chr4	9344115	9350088	-2.86813382440826	0.273927530912536	0	-2	0.547588450507306
chr4	9459599	9469954	-4.48070169562727	0.08957862330113	0	2	0.514256708286919
chr4	9483705	24241807	0.413010405615125	2.66292243305849	3	1	0.663251749965426
chr4	39976372	41943866	0.392670635677524	2.6256427535569	3	1	0.578441865383695
chr4	54723519	54727332	3.03085537971254	16.3458826786193	16	2	0.999998384806332
chr4	68537635	68669987	0.888351193012647	3.7021188035006	4	1	0.792865416219194
chr4	190066847	190196187	0.897376261761492	3.7253507419118	4	1	0.768273941203543
chr5	10202	1053514	0.527741719503084	2.88334150246744	3	1	0.915470832555808
chr5	17491204	17705659	4.79489893104845	55.5185864503423	56	2	0.999999999654318
chr5	34178929	34193613	1.64738030375243	6.26528572226552	6	2	0.999704972687403
chr5	57832971	60772167	-0.543142202215656	1.37254913644747	1	-1	0.672092560739354
chr5	62254274	69217974	-0.619959611449568	1.30137828729023	1	-1	0.820136873864326
chr5	72891729	72905396	0.639381774459793	3.11532305031424	3	1	0.961730121711504
chr5	72905398	80321501	-0.503393583292511	1.41089088413654	1	-1	0.559034817240949
chr5	80331635	80360170	2.38582508969539	10.4528546650166	10	2	0.999978613910063
chr5	103005017	103011255	0.560377294425576	2.9493096388649	3	1	0.938901718789839
chr5	103017293	112827226	-0.521000002941698	1.39377723584552	1	-1	0.611439922224553
chr5	112827227	112836688	6.231354479462	150.263883088267	150	2	0.999999999999921
chr5	112836944	139317807	-0.484701147803038	1.4292901844777	1	-1	0.501030001386957
chr5	171392780	171410525	0.585130764074259	3.00034991421146	3	1	0.950008484113019
chr5	171420163	174995502	-0.533642944639815	1.38161634471042	1	-1	0.646916066577991
chr5	178728841	178968871	0.523810401403136	2.87549514405762	3	1	0.911763830322452
chr5	180948273	181002863	-2.34739632924151	0.393000668258673	0	2	0.503026882910266
chr6	105929	25798965	0.64178001894543	3.12050607199875	3	1	0.961951284385541
chr6	25800792	29725450	0.376312037598397	2.59603896518858	3	1	0.503734859364683
chr6	29725460	29943037	1.43783275088948	5.41827174277306	5	2	0.999417353540261
chr6	29943218	29975406	-2.70893290502381	0.305886235709608	0	-2	0.530289272843286
chr6	30986171	31647921	0.765971952569855	3.40103052018949	3	1	0.944224615779899
chr6	31648671	32223975	0.381751407768666	2.60584524422821	3	1	0.529018941995993
chr6	32255707	32394180	-0.716292045961321	1.21731957070272	1	-1	0.894337556023712
chr6	32394696	32763575	3.20827976300994	18.4849567516059	18	2	0.999999243202725
chr6	33007024	33086681	-0.570472430866296	1.34679247842989	1	-1	0.736332825591435
chr6	33162841	50498870	0.421344821134265	2.6783505948491	3	1	0.694545964478713
chr6	84062874	87233569	-0.480720743005844	1.4332390501586	1	-1	0.488542760434587
chr6	87243434	89059748	-0.59942811728989	1.3200310659238	1	-1	0.79027887263982
chr6	89080831	105853030	-0.499679716586046	1.41452755765058	1	-1	0.547647471739361
chr6	105853231	110887675	-0.48995985818779	1.42408981918292	1	-1	0.517487989213916
chr6	110888893	110893664	0.576914743142165	2.9833117477231	3	1	0.946828355796524
chr6	110893865	137871462	-0.517551290341601	1.39711299754749	1	-1	0.601419073513166
chr6	137871517	137881396	1.23309896335007	4.70142780254526	5	2	0.998114287808976
chr6	137881597	150804849	-0.519053154962546	1.39565934120562	1	-1	0.605799543252249
chr6	150808917	151092651	-1.5002191316508	0.706999386550272	1	-1	0.84255191443002
chr7	32620366	32838546	0.968953713136676	3.91484099734772	4	2	0.521532204746758
chr7	35104644	35162006	-1.05380716402766	0.963390655784318	1	-1	0.924366778561558
chr7	50319018	50400774	7.18177446544948	290.375206634724	290	2	1
chr7	65718587	74652693	-0.519274487829371	1.39544524080324	1	-1	0.606442971166524
chr7	74689010	74711184	0.467596339636362	2.76560734376674	3	1	0.827379175369674
chr7	74714858	77736554	-0.564512535780992	1.35236769985483	1	-1	0.723416115593943
chr7	92813890	92834147	7.76786717100313	435.904162804102	436	2	1
chr7	99649912	99861962	0.486199624746897	2.80150025667164	3	1	0.862941263630121
chr7	103212190	103254793	-0.774357529631289	1.16929785198211	1	-1	0.910770356756485
chr7	118340235	130097069	0.409390806416636	2.65624976116119	3	1	0.648992849933773
chr7	130116420	142400526	0.688954475808005	3.22422958391391	3	1	0.962218137859532
chr8	64084	7247261	-0.476801358052827	1.43713803973626	1	-1	0.476242842688956
chr8	7254144	7362983	0.498988297463678	2.82644436074276	3	1	0.882598345811814
chr8	7372994	7985588	-1.09506779728098	0.93622824976391	1	-1	0.922674415611109
chr8	8015210	30921171	-0.56036998515409	1.356256465223	1	-1	0.714072751298059
chr8	30921372	37036180	-0.579473980298848	1.338415464254	1	-1	0.754659302834079
chr8	39284724	39648558	2.35605632350178	10.2393790531882	10	2	0.999976063236376
chr8	60780950	60816090	7.44353732807158	348.143270853646	348	2	1
chr8	94738368	94761889	0.821213091888785	3.53378212128296	4	1	0.906315349071528
chr8	106684237	127617184	0.65479064655474	3.14877494572969	3	1	0.962787781395928
chr8	127617185	145054157	1.07794606355658	4.22205702222627	4	2	0.927336065491653
chr9	12193	21967405	-0.562392071303028	1.35435686322329	1	-1	0.718670730172086
chr9	21968066	21974385	1.52016028555892	5.73645828568466	6	2	0.999552668940443
chr9	21974406	29889202	-0.563881878578858	1.35295900075084	1	-1	0.722012950752006
chr9	34837642	34895641	0.643254120419671	3.123696138722	3	1	0.96207666021496
chr9	36840509	37477773	6.6709258879872	203.788084316019	204	2	0.999999999999995
chr9	42860442	43186461	-0.498459588722827	1.41572436949666	1	-1	0.543887364033148
chr9	105521091	105526500	1.38183153900687	5.21197996807492	5	2	0.999301786314221
chr9	133580537	137428147	0.482351519794947	2.79403776314851	3	1	0.856302622935913
chr10	47062	5160353	-0.47281527655427	1.44111425806679	1	-1	0.463748725241885
chr10	5160790	5642573	-0.620783212867719	1.30063557237615	1	-1	0.821201363858641
chr10	37149615	37197457	-1.3231252358207	0.799336439457499	1	-1	0.896028196070384
chr10	46131621	46832553	1.12294506602408	4.35582220010504	4	2	0.97601229849423
chr10	47461414	47997833	1.25447813203429	4.77161661678222	5	2	0.998588869958508
chr10	69632759	70529348	0.416838704097076	2.66999807931199	3	1	0.677897935303539
chr10	87864277	87964934	7.36945358143717	330.717042340297	331	2	1
chr10	94683738	95065033	0.627212899345714	3.08915636733302	3	1	0.960267876861183
chr10	116093686	133422061	-0.487651754557562	1.42636998062452	1	-1	0.510272386475697
chr10	133666043	133778707	1.98639804792291	7.92492920775054	8	2	0.999907571946232
chr11	32615924	32760218	-1.10484330800823	0.929905934781621	1	-1	0.922155253296047
chr11	55343144	56989541	0.48897275762501	2.80689044913438	3	1	0.867510032373308
chr11	65499035	67311875	0.443329312335958	2.71947716604341	3	1	0.766239507381322
chr11	67351951	68933999	0.774822432565512	3.42195890085418	3	1	0.940079282929563
chr11	68934465	94491001	0.435834904640253	2.70538685240476	3	1	0.743591701508711
chr11	94492659	111557694	0.511881726270344	2.85181762999192	3	1	0.899075639559539
chr11	123906409	124207711	0.500948775539821	2.83028782641453	3	1	0.88530726759808
chr11	124215141	135036987	0.460509261473868	2.75205492138973	3	1	0.811366606804074
chr12	9153091	9438406	0.381016942314158	2.60451896517196	3	1	0.525625586360187
chr12	9443399	9573460	-2.25116082725651	0.420110040916189	0	2	0.49831967476917
chr12	11022417	11133533	-0.872389331711084	1.09248287732293	1	-1	0.922215459635892
chr12	31114708	31616410	0.416121269634363	2.66867065225861	3	1	0.675187908589793
chr12	45348028	47667072	-0.598999657420502	1.32042315456002	1	-1	0.789584649190264
chr12	47667737	48865772	0.421101534043824	2.67789897259598	3	1	0.69366374210611
chr12	64566693	64611410	6.68393533412897	205.634045835345	206	2	0.999999999999996
chr12	111403225	111439011	6.90987850617494	240.497569899521	240	2	0.999999999999999
chr13	18171403	18409024	0.595254962095104	3.02147909863758	3	1	0.953331927747543
chr13	20141923	27075449	-0.56152433846652	1.35517170862573	1	-1	0.716706289688587
chr13	27089774	27116660	1.93548106368497	7.65011302990556	8	2	0.999889442590839
chr13	27117610	35070809	-0.555344129951963	1.36098943728446	1	-1	0.702339563957906
chr13	35142238	40959055	-0.548484577985916	1.36747591366116	1	-1	0.685636124528367
chr13	40976205	41017372	6.67583073210829	204.482097817513	204	2	0.999999999999995
chr13	41061539	42369504	-0.500574167647428	1.41365084184493	1	-1	0.550398225322299
chr13	42369705	48304121	-0.536281034230608	1.37909225113065	1	-1	0.654043254236831
chr13	48304140	48479697	6.44911333853724	174.745723424353	175	2	0.99999999999998
chr13	48479702	51367983	-0.628382464853939	1.29380261620259	1	-1	0.83057047390578
chr13	51368906	52279999	-0.471992541698172	1.44193632582045	1	-1	0.46117357640783
chr13	52280200	52577286	-0.677480198474781	1.25051277988321	1	-1	0.874411896206487
chr13	52577487	75299741	-0.477615001584455	1.43632775872328	1	-1	0.478795651058983
chr13	75302095	75310247	1.16013569877658	4.46956893670561	4	2	0.990815259678238
chr13	75312651	114346545	-0.50921404028893	1.40521020575538	1	-1	0.576677620695861
chr14	18228380	19484470	-0.641777715916054	1.28184541002873	1	-1	0.845210259433109
chr14	19499286	19976593	0.513763334606295	2.85553948696823	3	1	0.901230010356801
chr14	20002108	35651941	-0.513268081941495	1.40126704110641	1	-1	0.588793897438912
chr14	35654227	35760891	0.632240167043662	3.09993973129078	3	1	0.960942411679403
chr14	35760919	67987406	-0.546657785411413	1.36920855779646	1	-1	0.681056673564696
chr14	105228981	106005313	0.502334035851401	2.83300674357148	3	1	0.887175627932637
chr15	20837148	22573064	-0.601757791386565	1.31790119060808	1	-1	0.794000974840473
chr15	67884037	92796559	-0.556096328459539	1.36028002374837	1	-1	0.704123103692272
chr15	92832588	92915320	5.94656315155086	123.345660636124	123	2	0.999999999999535
chr15	92924286	101715028	-0.552117618587064	1.36403662454311	1	-1	0.694580656245316
chr16	31884406	31916172	0.983208172955734	3.95371306388414	4	2	0.592728810436717
chr16	70174267	74354001	-0.516020220432457	1.39859648024241	1	-1	0.596928084195177
chr16	74360587	74421281	0.581811350446802	2.99345451817415	3	1	0.948778739026047
chr16	74451933	78552537	-0.584017540058533	1.33420694850173	1	-1	0.763370766115602
chr16	78552738	90106388	-0.492642643246421	1.42144409245421	1	-1	0.525853750885054
chr17	62040	3197671	-0.561307529764798	1.35537537959478	1	-1	0.716213422435022
chr17	3197673	7669912	-0.525826310999532	1.38912236497505	1	-1	0.625227411267435
chr17	7670087	7673445	2.97651699731089	15.7416732847052	16	2	0.99999797101923
chr17	7673480	10357945	-0.539568274500066	1.37595350968003	1	-1	0.662780412082669
chr17	10539939	12024635	-0.486688482893241	1.42732267023987	1	-1	0.507256985732746
chr17	12024637	12141397	6.83335905018249	228.07413735725	228	2	0.999999999999998
chr17	12141598	18440517	-0.511134240523908	1.4033411412589	1	-1	0.582435563609234
chr17	18441337	18877845	-0.698293230340984	1.23260177149275	1	-1	0.88630361900255
chr17	19222560	22731913	-0.568862915440139	1.34829584041949	1	-1	0.732905952076601
chr17	26981802	31094507	-0.587113501815965	1.33134686744659	1	-1	0.769101376348692
chr17	31095295	31373680	6.03549970521782	131.188705214762	131	2	0.999999999999731
chr17	31373685	37621515	-0.543350168115739	1.37235129640783	1	-1	0.672628302880377
chr17	37624320	38195978	-0.891761010736194	1.07791169142968	1	-1	0.923301434672116
chr17	38196291	42752902	-0.541218225673838	1.37438078755971	1	-1	0.667104074519786
chr17	62406469	63524373	0.55671724234889	2.94183685674893	3	1	0.936835241192813
chr17	63529990	64973572	0.377479887082852	2.59814128765705	3	1	0.509190936035085
chr17	65014213	83240389	0.45702033647444	2.74540756196856	3	1	0.802941853017887
chr18	47395	11116482	-0.552012728422682	1.36413579950587	1	-1	0.694325488107249
chr18	50895670	51078532	1.8296482840136	7.10900812625255	7	2	0.999840444041927
chr19	60571	1208030	-0.516675214465387	1.39796165139584	1	-1	0.598852411803719
chr19	1208034	1226795	4.49174579151882	44.9966531132493	45	2	0.999999998294083
chr19	4885131	4921971	5.91183755617549	120.412182890202	120	2	0.999999999999425
chr19	34734978	43802457	-0.512722467102531	1.40179708845601	1	-1	0.5871722607039
chr19	44328919	54360208	-0.520018934939585	1.39472536087835	1	-1	0.608603036486892
chr19	54360907	54635642	-0.507244563535015	1.40712982053491	1	-1	0.570738344407048
chr19	54818359	54855942	-2.07088354563138	0.476027377636122	0	2	0.440288483444345
chr19	54865686	54885596	1.98639804792291	7.92492920775054	8	2	0.999907571946232
chr19	54885621	58599432	-0.484129139636402	1.42985699016627	1	-1	0.499236507232716
chr20	87618	1578722	-0.573716130157291	1.34376780427577	1	-1	0.74310078535445
chr20	1588394	1611704	1.5749687417348	5.95858074903529	6	2	0.999625625154508
chr20	1619711	6169805	-0.559981748007681	1.35662149038765	1	-1	0.713181850504851
chr20	6200249	6214618	2.56503228119181	11.8353648946209	12	2	0.999989278667705
chr20	6215029	23879724	-0.542689327086798	1.37298005976913	1	-1	0.670923553316155
chr20	30130650	61743838	0.490938429699535	2.8107174440779	3	1	0.870642638430983
chr20	61772899	64327990	0.758751672483474	3.38405184782201	3	1	0.94720056957331
chr21	35650336	38400731	0.504170983421803	2.83661623776756	3	1	0.889595999420626
chr22	10510202	11962641	-0.945926208236202	1.03819237122258	1	-1	0.925103107394896
chr22	15176952	17524996	-0.47147311627596	1.44245557154476	1	-1	0.45954861519625
chr22	18369491	18892950	0.957796734700874	3.88468261991676	4	1	0.531262599396826
chr22	23786710	23831850	5.41782284677929	85.4982417649183	85	2	0.999999999989223
chr22	23941098	23983664	0.84907424783142	3.60268932585606	4	1	0.871660025217555
chr22	41160869	41173780	0.855513594243582	3.6188055627192	4	1	0.861474405149951
chrX	2794523	3843428	0.408063093397153	2.65380633759658	3	1	0.643665234188891
chrX	3854827	3931802	5.90416414046053	119.773433989735	120	2	0.999999999999397
chrX	3932003	35594958	0.454279331934734	2.74019646032233	3	1	0.796064324929368
chrX	35626178	37447569	0.636505666993364	3.1091186353928	3	1	0.961436418022684
chrX	37453123	44876881	0.426367038553152	2.6876905444925	3	1	0.712327919043425
chrX	44877054	45111334	7.34088764225163	324.233116546694	324	2	1
chrX	45111353	51016859	0.425758780970198	2.68655762067352	3	1	0.710218181665358
chrX	51030594	51408681	0.588460089576743	3.0072818548555	3	1	0.951170465155224
chrX	51408882	58510623	0.401169963521872	2.64115681768962	3	1	0.615207584733376
chrX	62510624	66022604	0.594622046465136	3.02015385534035	3	1	0.953142051404662
chrX	66022805	75743055	0.587242686367881	3.0047452617219	3	1	0.950753684729402
chrX	75743364	77717095	6.78091234930511	219.931790941552	220	2	0.999999999999998
chrX	77717102	102514356	0.552596308178608	2.93344574300794	3	1	0.93435771985498
chrX	102514940	105406247	0.588872801395977	3.00814227114141	3	1	0.951309668348885
chrX	105406448	112152759	0.528944095061378	2.88574554790494	3	1	0.916561080195376
chrX	112152760	124364504	1.09838114874804	4.28228599074482	4	2	0.955458116027877
chrX	124365706	156003464	1.12594768004982	4.3648972104928	4	2	0.977793875014798
