Chromosome	Start	End	Segment	CNF	CN	Call	ProbCall
chr1	11857463	13555694	-1.68839072325231	0.620545661415421	1	-2	0.853153285984277
chr2	88931665	92135200	-1.16024504365933	0.894873062646598	1	-1	0.846182307833094
chr2	113669165	204507672	0.620850376799513	3.07556267662781	3	1	0.924231123340463
chr3	164001605	198228376	0.975790990706442	3.93343840107285	4	2	0.973686142441351
chr6	95123	28699266	0.903819941648558	3.74202693125445	4	2	0.835555153185573
chr6	28732016	34715940	-1.26022616174736	0.834957018486088	1	-1	0.78898439162185
chr7	57167038	58087246	0.914291668216059	3.76928705159474	4	2	0.876241260472458
chr7	142299176	146100566	-1.78843534541352	0.578971667144096	1	-2	0.94330170190656
chr8	35174834	43974791	0.926258195549254	3.80068166919769	4	2	0.910415531115613
chr8	45974792	145066685	0.54804527998954	2.92420667362469	3	1	0.840222211802099
chr10	14060	26697625	0.703594039842638	3.25711360367094	3	1	0.96258417879769
chr11	54591479	57019021	-0.634185320900275	1.28860909201097	1	-1	0.50299305024634
chr11	72478220	111347824	0.78354248550278	3.44270481286023	3	1	0.939619204482422
chr13	90281883	114346637	0.553319765093146	2.93491712382084	3	1	0.848895904920806
chr14	18257823	23376403	-1.70543949290948	0.613255642096251	1	-2	0.873241398467698
chr14	99964528	106879812	-1.69486189762426	0.617768451786458	1	-2	0.861020134833562
chr17	40818116	42699814	-1.36939678202575	0.774106097456755	1	-1	0.679883864808043
chr19	53666678	55087923	-3.80354801260762	0.14323460473045	0	-2	1
