Chromosome	Start	End	Segment	CNF	CN	Call	ProbCall
chr2	88446786	92135200	2.17719132559853	9.04544403529338	9	2	0.999999665568772
chr6	26016378	28944537	0.576269142134717	2.98197702476786	3	1	0.98713451486337
chr14	104117404	106879812	1.66009826259021	6.32076099004172	6	2	0.999995553341781
chr17	40993429	41454055	3.83819351543719	28.6049618554927	29	2	0.999999999979849
chr19	53632055	53761222	-3.96559250585094	0.128017016291577	0	-2	0.916992121621834
chr21	5011798	8227646	-0.6838915944134	1.24496778002482	1	-1	0.692256241314694
chr21	8249504	10800035	0.248594563915325	2.37609836876883	2	2	0.585561857305375
chr21	30098037	31038476	2.91207370676244	15.053986803259	15	2	0.999999994083577
chr22	15176843	16897546	-0.939963989879791	1.04249178143785	1	-1	0.86251139426065
