Chromosome	Start	End	Segment	CNF	CN	Call	ProbCall
chr1	12188693	13421249	1.34433172571251	5.07825107619875	5	2	0.930080772257011
chr1	13421450	15428108	-1.40219959338919	0.756703701105623	1	2	0.592113162604836
chr1	145176519	149684611	1.07551695894971	4.2149542120568	4	2	0.88315674489083
chr1	222703182	225399328	-1.49383139909818	0.71013666471413	1	2	0.608347767192367
chr2	84448875	85049305	-6.94613203305354	0.0162194416579525	0	-2	0.999990530555449
chr2	169827780	170936816	-1.02240032158311	0.984593198317162	1	-1	0.861964393529886
chr3	119866500	122570665	0.417580896969195	2.67137201025652	3	1	0.452473935456895
chr4	68333218	69855525	1.19014281311412	4.56350658494762	5	2	0.924092862470684
chr4	190021868	190196187	4.41749194667206	42.7393169625994	43	2	0.845493572496528
chr6	29086587	30931788	0.606642165370328	3.0454220234095	3	1	0.857908813823341
chr6	30931962	31129770	-3.44272440720338	0.183935976498066	0	-2	0.933296169427249
chr6	31137781	32223975	0.572156455124651	2.97348841557658	3	1	0.840324077316768
chr6	32255707	32401872	-0.960235133336445	1.02794627625312	1	-1	0.853611452863522
chr6	32402796	32746456	4.90285826626051	59.8325342790547	60	2	0.778303630910829
chr7	99062139	99610631	-1.06003453731622	0.959241155351084	1	-1	0.854019278508341
chr7	99619501	100960936	0.546330260502429	2.9207325563595	3	1	0.815305391014494
chr9	36841018	37477773	1.39975199663838	5.27712441249066	5	2	0.930978191676932
chr10	49988784	50842000	1.05324607475663	4.15038760100293	4	2	0.860939194434106
chr10	133666043	133778707	1.85775418988438	7.24886032132876	7	2	0.935292771701119
chr11	54591515	57338696	0.910809748261386	3.76020091040955	4	2	0.51619808725322
chr14	35595482	35808798	1.52226290942827	5.7448248548572	6	2	0.932617770596452
chr16	14838392	18858203	0.615011853739511	3.0631411620359	3	1	0.859997563836461
chr17	62040	1270975	-0.745828593939997	1.19265056228211	1	-1	0.454931128426592
chr21	44533571	44697909	1.97906200251119	7.88473354936924	8	2	0.935651661594401
chrX	284105	11758880	0.634610263791479	3.10503657797234	3	1	0.862089785662836
chrX	11759663	36205183	1.13922049140367	4.40523960690775	4	2	0.915414882877819
chrX	36228625	36385049	-8.76263991934734	0.00460481872994023	0	-2	0.999999983085856
chrX	36385250	58510623	0.849082285970617	3.60270939870454	4	1	0.627312112688939
chrX	62510624	71618699	0.741411940688116	3.3436224223856	3	1	0.81299170278585
chrX	73128048	156027976	1.16130340230605	4.47318802736721	4	2	0.920227810794647
