Chromosome	Start	End	Segment	CNF	CN	Call	ProbCall
chr1	26762854	28768973	-1.2131814618109	0.862632835982637	1	-1	0.916937879763754
chr1	28769174	30981460	-0.854601835537702	1.10603586225038	1	-1	0.910817809807022
chr1	34509044	36270623	0.959301401200279	3.88873628393401	4	1	0.788345631206992
chr1	39714805	42576734	0.868015422520805	3.65030097596306	4	1	0.895194671320779
chr1	42577008	43493979	0.390626164317036	2.62192453905471	3	1	0.502002223075585
chr1	59189626	66083429	0.720991905946113	3.29662984444582	3	1	0.924967288738278
chr1	89785203	101105738	0.518762872670999	2.86545228443907	3	1	0.792208903103013
chr1	103546308	103768806	-0.69185701826199	1.23811299090239	1	-1	0.756041827839041
chr1	121659147	121969146	-0.696475623121449	1.23415566729521	1	-1	0.764516580017121
chr1	143189147	143269146	-2.54739787395579	0.3421265868083	0	2	0.559369191277226
chr1	143269147	144335335	0.436573828321213	2.70677286011115	3	1	0.628243843949284
chr1	146067370	146098060	0.905490081108287	3.74636140635182	4	1	0.864621440564622
chr1	146098869	146108429	0.682496403561329	3.20982891569656	3	1	0.917600648683859
chr1	149548834	150625883	0.432232164920472	2.69863931081233	3	1	0.617199602095865
chr1	150626396	152263503	0.882198016720939	3.68636268079412	4	1	0.885306317126687
chr1	152590092	152614198	-6.96433790822665	0.0160160488715399	0	2	0.553847694552207
chr1	162532761	182856599	-0.895810431082753	1.07489040327315	1	-1	0.922149672479419
chr1	182883598	196842261	-0.923319586244393	1.05458867838627	1	-1	0.927020084966767
chr1	196842262	233354029	-0.883845673089286	1.08384190058093	1	-1	0.91942552414229
chr2	61814148	84267340	0.774440299584869	3.42105263157895	3	1	0.925798156865716
chr2	84267341	88804828	0.524819140754196	2.87750640723196	3	1	0.800931894222914
chr2	94145094	95829273	0.579652339643026	2.98897812713603	3	1	0.862497908690971
chr2	95980614	97144655	0.539146283738621	2.90622476423759	3	1	0.81992725995677
chr2	97513141	97560805	-0.861555537386711	1.10071766404031	1	-1	0.913146083390953
chr2	97561006	100706662	0.55141653104784	2.93104787136213	3	1	0.834466833038082
chr2	109871315	125224559	0.643872674892035	3.12503570836834	3	1	0.90385853635939
chr2	154600825	166777944	0.402215883845001	2.64307228915663	3	1	0.535509436729656
chr2	174350539	174387854	-0.649340409791513	1.27514348086327	1	-1	0.663224084545318
chr2	232192981	242175633	-0.954137509088615	1.03230013810036	1	-1	0.930627490678216
chr3	10202	5174541	-0.776510100304952	1.16755450402067	1	-1	0.866926804623201
chr3	5178161	5184814	7.77526484323201	438.145078398763	438	2	0.999996190588136
chr3	5184989	37664114	-0.756693838536281	1.18370219440869	1	-1	0.848473148835164
chr3	68228601	70245547	0.437405312307303	2.70833333333334	3	1	0.63033390006244
chr3	84807767	90714686	0.617076843410876	3.06752870321061	3	1	0.889831274760177
chr3	101533225	124712359	-1.20249769946979	0.869044706211335	1	-1	0.918887721317925
chr3	138714972	144770094	0.441275215460563	2.71560795281478	3	1	0.639953173740156
chr3	144770095	160536920	0.816544385471079	3.52236493007483	4	1	0.918121611979336
chr3	160537121	198228341	1.18628455659821	4.55131852322692	5	2	0.842580545943891
chr4	10202	2304436	0.473298617973851	2.77656008819697	3	1	0.712307482216198
chr4	9160776	9368010	1.19631368707347	4.58306798607003	5	2	0.858483728027269
chr4	34443187	43380775	-0.830350136886345	1.12478547018092	1	-1	0.901043107166925
chr4	48298898	49072213	0.785063947128977	3.44633739358237	3	1	0.924619678823507
chr4	51795751	55562614	0.444493694675975	2.72167291030495	3	1	0.647815156355595
chr4	55569609	55580988	-1.11587292803479	0.922823770999273	1	-1	0.929931295103863
chr4	55582127	57500576	0.853406990312509	3.61352528744933	4	1	0.903578832279598
chr4	57500577	67495287	0.484473565964075	2.79815051020408	3	1	0.734403335186394
chr4	67505121	81489734	0.38973850324064	2.62031181810924	3	1	0.499404387728864
chr4	88747573	91086128	0.961826271093407	3.89554794520549	4	1	0.783544948133577
chr4	91086329	190196187	-1.46065000295356	0.726658790438328	1	-1	0.806355172082295
chr5	10202	2022892	0.755940074401132	3.37746325621237	3	1	0.926751649472806
chr5	34178929	34203813	1.79203647622749	6.92606763644214	7	2	0.964571766714326
chr5	55467842	56860072	-1.04320398394573	0.970497240593047	1	-1	0.933555755547901
chr5	62536629	112827226	-1.0189792356975	0.986930750399334	1	-1	0.933651905183598
chr5	112827227	112836688	5.24023240906993	75.5957073422055	76	2	0.999626046276121
chr5	112836944	118433579	-1.07604251129813	0.948656361063934	1	-1	0.932522350803768
chr5	156007875	158289239	-1.03207997099392	0.978009259259261	1	-1	0.93367288700479
chr5	168149273	171390229	-0.618997416660722	1.30224652141428	1	-1	0.582053059534974
chr5	171420163	178782448	-0.608022357212268	1.31219091962344	1	-1	0.550387583297615
chr6	60202	5096811	1.17324285962446	4.51036084738571	5	2	0.818470433404637
chr6	5096812	29942597	0.455805701271943	2.74309711852373	3	1	0.674421122877761
chr6	29942602	29975406	-2.67626513418111	0.312891607095337	0	2	0.548277489776443
chr6	31166958	31529986	0.813427934634352	3.51476427364864	4	1	0.918982857143375
chr6	32442878	32805175	5.79882950022749	111.340102035931	111	2	0.999851285031256
chr6	33092941	33177829	0.827636367151628	3.54955056825044	4	1	0.914624589904799
chr6	42989502	45843909	0.442344816141316	2.71762202580073	3	1	0.642580001310809
chr6	45843910	58451655	0.817048905050951	3.52359693877552	4	1	0.917977322586354
chr6	60231656	62506168	0.867246262766565	3.64835536984772	4	1	0.895679461922486
chr6	105833154	105863230	7.1564682593651	285.326168655343	285	2	0.999987165622548
chr6	107708237	110887675	-0.928145096030099	1.05106719489153	1	-1	0.927701241093197
chr6	110888893	110893664	0.571463790105763	2.97206113053268	3	1	0.855094601175139
chr6	110893865	133037664	-0.939448993083654	1.04286398467433	1	-1	0.929120556473658
chr6	137871517	137881396	1.66062677749087	6.3230769530451	6	2	0.959574971874766
chr6	164541874	165543712	-0.933659977435402	1.04705702924604	1	-1	0.928423607292761
chr6	165545055	169717861	-0.961226933874935	1.02723984330575	1	-1	0.931230572019802
chr7	13744	15926685	-0.872306140983201	1.0925458754366	1	-1	0.916386421884517
chr7	18330772	20623455	0.400521787631618	2.63997046186896	3	1	0.530665118820011
chr7	20626478	36134993	0.761647273032912	3.39085072231141	3	1	0.926601910796405
chr7	50319018	50400774	7.18023881272706	290.066286021226	290	2	0.999987736828476
chr7	60880237	62550236	0.450808921421069	2.73361282497495	3	1	0.66286845814212
chr7	92795029	92834147	7.68019628487381	410.203583493693	410	2	0.99999539069949
chr7	97311436	102158744	0.714553827206584	3.28195129081645	3	1	0.924137048500292
chr7	102158945	103208869	1.1450124767542	4.42296086388522	4	2	0.751991598570991
chr7	103279764	119870234	0.888784658649865	3.70323129251701	4	1	0.880056112271567
chr7	129815224	139778044	0.743431473561619	3.34830621462155	3	1	0.926642109076404
chr7	139778236	159334947	0.857941981636658	3.62490197374471	4	1	0.901156561868035
chr8	64084	1697380	-1.73895140400231	0.599174693037278	1	2	0.402460285355067
chr8	7254144	7393314	0.557036340798018	2.94248761063344	3	1	0.840626072141631
chr8	7393315	8225076	-1.02272007650008	0.984375000000002	1	-1	0.933675857080105
chr8	39375698	39648558	3.63242129471244	24.8026315789474	25	2	0.995991282307293
chr8	39648759	43977107	0.528354268062058	2.88456598971853	3	1	0.80582967646068
chr8	60780950	60816090	7.57309383088684	380.853892587304	381	2	0.999994296560527
chr8	71446899	109005462	0.400697726858692	2.64029243059574	3	1	0.531169158674298
chr8	109005463	145074357	1.24951356156207	4.75522485419653	5	2	0.912249967542925
chr9	12193	328218	0.812043836805586	3.51139388377804	4	1	0.919348989996146
chr9	1417508	7820082	0.626473327195237	3.08757317167539	3	1	0.895221054128578
chr9	14383826	21968643	-1.18400528049115	0.88025579168237	1	-1	0.921931111687277
chr9	21968684	21973953	1.07036380795567	4.1999257065568	4	2	0.500531948817185
chr9	21974125	25476262	-1.97763218697154	0.507812500000002	1	2	0.583367848876402
chr9	36840509	37034074	6.44060753092395	173.718492819881	174	2	0.999951539131414
chr9	39737423	42569325	0.566398082399657	2.9616436886985	3	1	0.850227692445445
chr9	61662452	68297869	0.46698765103459	2.76444075030909	3	1	0.699102167806808
chr9	68298921	74918269	1.51108346233941	5.70048022944407	6	2	0.953182089589189
chr9	76926219	78301965	-0.972200080048003	1.01945628997868	1	-1	0.932017831181383
chr9	87365785	91392117	-1.43723677486438	0.738547811503197	1	-1	0.824818041697545
chr9	129873360	138331075	0.433992116726711	2.70193340494093	3	1	0.62170277302673
chr10	24230274	28950688	0.877815994143606	3.67518275967104	4	1	0.888560599048136
chr10	44149984	45673994	0.675852537115489	3.19508106874222	3	1	0.915720738624575
chr10	60244997	70202046	-0.925947973340661	1.0526691155178	1	-1	0.927396916659163
chr10	83435845	84724580	0.4060367617993	2.65008156085283	3	1	0.546358133630358
chr10	87864277	87964934	7.23397631451356	301.074417136194	301	2	0.99998893988111
chr10	89572759	94648309	-0.9722901071142	1.01939267584487	1	-1	0.932023588326619
chr11	60202	551726	-1.59158138212023	0.663615099445781	1	-1	0.650686821891492
chr11	34215099	38281649	-0.921961049951055	1.05558221598502	1	-1	0.926819752171418
chr11	55542342	55727206	-0.629276560915031	1.29300104316633	1	-1	0.610724178693029
chr11	57917347	57928388	5.3170365731453	79.7292157520957	80	2	0.999669593213626
chr11	61204068	61248444	-1.66161596831928	0.632169804413061	1	-1	0.527464451156101
chr11	62692261	62850005	0.669057282346807	3.18006726616911	3	1	0.913599264579275
chr11	66976484	70282835	0.867018713280178	3.64777997733566	4	1	0.895821918053817
chr11	70283829	74538270	0.668727356008649	3.17934010765013	3	1	0.913491028313685
chr11	74538271	80502434	0.408034635447549	2.65375399032982	3	1	0.551985613901346
chr11	80502435	84555181	0.87597832604693	3.67050438596491	4	1	0.889870957317251
chr11	84555182	88995085	0.446420701167806	2.72531067534621	3	1	0.65246133732838
chr11	113689550	132141906	0.601606199562082	3.034810006092	3	1	0.879736432854128
chr11	132146174	135066987	-0.588128931452365	1.33041013904554	1	-1	0.491114502755006
chr12	12211	1038796	0.561595673568613	2.95180143027483	3	1	0.84540282569862
chr12	11022417	11164481	-0.922490632779085	1.0551948051948	1	-1	0.926898301084732
chr12	19519042	27030153	0.579491140277381	2.98864417266385	3	1	0.862357535430144
chr12	27030354	34709924	0.904632835953167	3.74413599064299	4	1	0.865493071716253
chr12	37239925	40473302	0.545146880947634	2.91833778966133	3	1	0.827229250767996
chr12	40524986	45915419	0.537840633822985	2.90359579865752	3	1	0.818288550254189
chr12	45921994	47875626	0.858064028667576	3.62520864093658	4	1	0.901089199549018
chr12	64551653	64622708	6.81236793032381	224.779698415296	225	2	0.99997544230275
chr12	73003407	105783991	-0.620254897386932	1.30111195284477	1	-1	0.585616170090978
chr12	111403225	111439011	6.74296598854296	214.222467784403	214	2	0.999972072758985
chr12	129144974	133264802	0.737672008434302	3.33496589651969	3	1	0.926392499242936
chr13	19082754	19131386	0.870704839697829	3.65711207461162	4	1	0.893459504131765
chr13	27075650	27116660	1.45670874354783	5.48962934706885	5	2	0.950546784692742
chr13	40959256	41017372	6.81984471151837	225.947645240062	226	2	0.999975781242347
chr13	48304140	48479697	6.94187840600064	245.891559934012	246	2	0.999980720857762
chr13	49497125	92510479	0.553405656169076	2.93509185977435	3	1	0.836681754608298
chr13	92510480	114346545	1.03666170752328	4.10295038216349	4	1	0.57998646326251
chr14	19484471	19897521	0.847661643568837	3.59916350546197	4	1	0.906429083898596
chr14	33116232	34885785	0.835498252406091	3.56894644423754	4	1	0.911711987664779
chr14	35775647	38069445	0.749081493198869	3.36144488077138	3	1	0.926765364473087
chr14	40372428	47035329	0.954700393668579	3.87635417669727	4	1	0.796776946453262
chr14	47035530	60125264	0.437405312307301	2.70833333333334	3	1	0.630333900062435
chr14	60125581	62138632	1.12740251134105	4.3693010461929	4	2	0.700697752764799
chr14	71587763	72794124	-1.85975645947877	0.551045571773752	1	2	0.526536168102098
chr15	19780202	22564583	-0.684083240692638	1.24480241063663	1	-1	0.74106497856814
chr15	65742006	69985814	0.586981668357803	3.00420168067226	3	1	0.868660594733877
chr15	82812954	82819574	-8.05387446076526	0.0075261384217803	0	2	0.666245216089276
chr15	90760566	92826759	0.429445310692092	2.69343138054733	3	1	0.609997156392563
chr15	92832588	92915320	7.15957676325423	285.941609678339	286	2	0.999987241740437
chr15	92924286	99318173	0.507794640198703	2.84375000000001	3	1	0.775308522371863
chr16	11761	1950975	-0.868085489426049	1.09574683412258	1	-1	0.915163900169666
chr16	12078650	18892345	0.416292149914303	2.66898676216621	3	1	0.574883700805068
chr16	18896079	36258209	0.737028267407734	3.33347814241423	3	1	0.926356855105925
chr16	46388210	47577778	0.758597208714178	3.38368954989511	3	1	0.926697693257312
chr16	64471512	79047244	0.567801949562976	2.96452702702703	3	1	0.851599031134261
chr17	7670087	7674149	2.26559347818932	9.6170437240931	10	2	0.978569474107235
chr17	12024637	12141397	7.14361006122946	282.794462688356	283	2	0.999986846125805
chr17	31095295	31373680	6.00076304635082	128.067717545061	128	2	0.999894748589354
chr17	36261255	36457734	-1.49777519841279	0.708198062347508	1	-1	0.771825596739797
chr17	37927397	38252573	-1.08328910083322	0.943903251965107	1	-1	0.932159640294562
chr17	46337327	46704895	1.27815346971846	4.85056723809221	5	2	0.926598935700953
chr17	52919671	59618338	-0.972940029277343	1.01893355131377	1	-1	0.932064820948793
chr18	10202	9718727	1.25184965915123	4.76293103448279	5	2	0.913704572031318
chr18	9718728	15410430	0.803682846361078	3.4911028165491	3	1	0.921353399123286
chr18	20920431	37173130	0.700919032093582	3.25107994351065	3	1	0.921854726020119
chr18	42843968	47896842	-1.02607113198327	0.98209117212957	1	-1	0.933685029387476
chr18	51047024	51098732	4.5397583318948	46.519327376178	47	2	0.998893074011848
chr18	68735312	69401363	-0.96053240027864	1.02773449000723	1	-1	0.931174864145267
chr19	1208034	1226795	4.82771035101599	56.7957215988805	57	2	0.999284603394284
chr19	4885131	4921971	5.58384767662567	95.9258458853643	96	2	0.999786667845328
chr19	27248209	34043208	0.433398835221707	2.7008225135098	3	1	0.620188713058665
chr19	34043209	41201379	0.661169210108476	3.16272739308234	3	1	0.910875279106761
chr19	41203352	44477307	0.404164280572861	2.64664423766742	3	1	0.541055317753745
chr19	54819797	54852193	-1.87104192440997	0.546751840019679	1	2	0.534789393228598
chr19	55852035	58599432	0.410474987845201	2.65824667593001	3	1	0.558814908199638
chr20	60202	6199805	-0.836820105891986	1.11975250535359	1	-1	0.903924564999299
chr20	6200249	6214618	2.28028031030972	9.71544656711732	10	2	0.978915085492855
chr20	6215029	7289309	-0.851091721069363	1.1087301525117	1	-1	0.909567959924663
chr20	13009663	20246273	0.453305945632657	2.73834827340628	3	1	0.668681588571687
chr20	30090650	38139759	0.500898568796305	2.83018933223635	3	1	0.763930884031023
chr20	46608752	52881962	0.71960086848568	3.29345278663485	3	1	0.924801192584014
chr20	52881963	62700500	0.993730031495533	3.98265367699377	4	1	0.711516259080088
chr22	18386353	18734086	0.949343675765574	3.86198798453705	4	1	0.80609150317251
chr22	23786710	23993864	0.796504824248608	3.47377623287142	3	1	0.922801665290853
chr22	46350242	50799120	-1.12078737849807	0.919685577580314	1	-1	0.929509354173613
chrX	10202	3843428	-1.33263606076852	0.794084224094972	1	-1	0.882901152618153
chrX	3843629	3930481	0.799842718589475	3.48182264709065	3	1	0.922158641701375
chrX	3931682	15564203	-0.65100816913333	1.27367026326063	1	-1	0.667355586169156
chrX	15566250	25105967	0.511058545869025	2.85019088927374	3	1	0.780489153344422
chrX	25105968	58550623	1.08537761055426	4.24386160714287	4	2	0.555733867796782
chrX	62470624	67456221	0.881066014256677	3.68347133175675	4	1	0.886164791140713
chrX	77557402	77717095	7.25808224993883	306.147321337986	306	2	0.999989442076251
chrX	89134518	97839601	-0.654590471773473	1.27051158301158	1	-1	0.67610092840914
chrX	97848494	97908939	0.690885306667241	3.22854762034605	3	1	0.919708973868583
chrX	97908940	102535468	-0.673373704733866	1.25407731580933	1	-1	0.718957441064411
chrX	102535469	102566676	1.89090257154815	7.41734344462795	7	2	0.967989736139673
chrX	103116313	103910906	-0.600622463302374	1.31893872042734	1	-1	0.528556895404432
chrX	103911107	109753573	-0.679595459897416	1.2486806371483	1	-1	0.732009149775026
chrX	135160357	135214540	2.01306848103235	8.07279625659046	8	2	0.971833748798487
chrX	150115861	150146900	3.93758661757086	30.6451448225464	31	2	0.997360033132661
chrX	154159898	154349156	0.871607273993468	3.65940038619747	4	1	0.892863104535472
chrX	155685513	156027976	-0.598263603911626	1.32109699763826	1	-1	0.521534479957876
