Chromosome	Start	End	Segment	CNF	CN	Call	ProbCall
chr1	20211630	55466024	0.59586956076511	3.02276654510838	3	1	0.922969785937068
chr1	65190791	65228136	1.02419713924322	4.06765448598529	4	2	0.706248198569037
chr1	121609147	121969146	-1.65461470780147	0.635245119847963	1	-1	0.703371487751956
chr1	143189147	145328315	0.39235860791984	2.62507493790124	3	1	0.525394981569957
chr1	145328911	145342588	-0.600500233640413	1.31905046979836	1	-1	0.814035583951779
chr1	145343174	145393227	1.11865380255044	4.34288515638933	4	2	0.937858496938618
chr1	146067370	146091424	-0.553458746104117	1.3627692069783	1	-1	0.72660964307105
chr1	158676063	159016830	0.625140034021279	3.08472105222622	3	1	0.93171644907654
chr1	159018198	184831968	0.55506875356297	2.93847730028823	3	1	0.899436607042671
chr1	238310870	248937047	0.795500485653642	3.4713587895896	3	1	0.89192748972637
chr2	12980996	63947500	0.507198817013248	2.84257579318449	3	1	0.846113751511194
chr2	63948970	69844265	0.548168307996072	2.92445605041431	3	1	0.89375539452671
chr2	69847422	88785013	0.539346341535738	2.90662779691031	3	1	0.885617643162596
chr2	94155094	95819273	0.595050178343886	3.02105024437921	3	1	0.922640168012668
chr2	95950686	97142923	0.538819761015909	2.90556707774315	3	1	0.885099015726928
chr2	97513141	97576429	-0.615734147326217	1.30519544046048	1	-1	0.834288164954456
chr2	97578868	108730934	0.488914442344933	2.80677699390653	3	1	0.815296416039128
chr2	108731235	135622776	0.483137488151859	2.79556034658054	3	1	0.804091071013004
chr2	135631705	171050257	0.700141740105435	3.24932880575283	3	1	0.933029371329522
chr2	171050282	171055336	-1.20791228675433	0.865789202335031	1	-1	0.925767060898304
chr2	171056360	174380328	0.778208576398088	3.43	3	1	0.904076748688513
chr2	174380664	198124168	0.682395976233564	3.20960548433234	3	1	0.935116912691255
chr2	198124169	205815328	0.495041261689822	2.81872212577905	3	1	0.82638688513313
chr2	205815329	222941790	-0.672913819579119	1.25447713937265	1	-1	0.884816594149195
chr2	222941991	229672023	-0.807354922057603	1.14285714285714	1	-1	0.926743318763142
chr2	229672024	242175633	-0.640971418356892	1.28256201171253	1	-1	0.860882563508045
chr3	5178161	5184814	8.62549343918068	789.882056595248	790	2	1
chr3	93714064	93906186	0.823765897207334	3.54004057750012	4	1	0.865539382421068
chr3	98149921	98660477	0.602353218685884	3.03638182001265	3	1	0.925403400415048
chr3	155925197	156057434	1.27439141385637	4.83793509293941	5	2	0.99728721395086
chr3	165251043	198228341	1.28494590981374	4.87345833333333	5	2	0.997673596484971
chr4	10202	9359889	0.535616757646878	2.89912343057919	3	1	0.881860972437304
chr4	9363096	9385745	-0.542874228337726	1.37280410472953	1	-1	0.701221747622903
chr4	9386198	34823186	0.42504313283381	2.68522528562065	3	1	0.646878121033389
chr4	34823187	41789019	0.501832307263437	2.83202167514049	3	1	0.837767274285156
chr4	49502116	49644578	-1.16519492518886	0.891808017452961	1	-1	0.930404535291113
chr4	68476142	68668276	0.730043854126187	3.31737902130253	3	1	0.926095854557082
chr4	94826411	153066050	-0.733431272051317	1.2029433703612	1	-1	0.91128032421719
chr4	153066251	171814715	-0.733916401672112	1.20253892913429	1	-1	0.911426410713896
chr4	190066847	190196187	0.883006498728166	3.68842908641894	4	1	0.772763283370957
chr5	8240249	22055522	0.530969235416888	2.88979917200265	3	1	0.876900239314311
chr5	80331635	80360170	2.69909677860257	12.9879045186293	13	2	0.999983857957355
chr5	112827227	112864464	4.26599120199976	38.4787813085255	38	2	0.999999966673294
chr5	171391180	171410525	1.0068817119102	4.01912573582239	4	2	0.640156597217109
chr5	178767282	178802648	0.801374208829348	3.48552073195211	3	1	0.88716334138849
chr6	70202	8090485	0.920167742166617	3.78467060500996	4	1	0.678601255125124
chr6	8095458	31983423	1.02521553024444	4.07052683601269	4	2	0.70998367288693
chr6	32339520	32370597	-0.754358679985494	1.18561969634362	1	-1	0.916925717733959
chr6	32517622	32805175	5.2374385236079	75.449452336162	75	2	0.999999999638252
chr6	33080778	33086681	-1.71139937083716	0.610727464166101	1	-1	0.629668068542147
chr6	33092941	33176577	0.834367978301337	3.56615146132137	4	1	0.853117827685265
chr6	110888893	110893664	1.15248312646325	4.44592350620037	4	2	0.968905565156171
chr6	137871517	137881396	1.61493469397838	6.1259546804418	6	2	0.999479491019881
chr7	13744	6792021	-0.538671464339072	1.37680909777305	1	-1	0.690553290422336
chr7	6823258	39854839	-0.720442355161232	1.2138226483894	1	-1	0.907057745511697
chr7	39855040	50299369	-0.67940622280217	1.24884443627983	1	-1	0.88864698796124
chr7	50319018	50400774	6.31653160159167	159.402627693182	159	2	0.999999999998719
chr7	50400975	53787335	-0.796346417739348	1.15161108604479	1	-1	0.925109533818878
chr7	53787536	58110236	-0.557185586089718	1.35925337837838	1	-1	0.735038129156705
chr7	60890237	63495948	-0.475001436928145	1.43893214682981	1	-1	0.496553232243051
chr7	92813890	92834147	7.34485143017713	325.125168170979	325	2	0.999999999999997
chr7	103175442	103324566	-0.51616274511198	1.39845831890989	1	-1	0.628077699257493
chr8	64084	7541818	-1.53751739518589	0.688955451384739	1	-1	0.81197861507404
chr8	7546985	7567454	0.912725341541874	3.7651969764868	4	1	0.700020099120598
chr8	7569936	15378019	-1.45655730834735	0.728723131681351	1	-1	0.859271274253721
chr8	35516098	43977107	1.22490603452514	4.674804505411	5	2	0.993338795654364
chr8	45937108	60618676	0.551096312779984	2.93039737289144	3	1	0.896236314806867
chr8	60620629	60816578	7.12031483222557	278.264842545968	278	2	0.999999999999987
chr8	60819991	123777270	0.528873353554515	2.88560405093032	3	1	0.874557919170163
chr8	123777275	123780154	-1.36978239224463	0.773899218439285	1	-1	0.892683472358706
chr8	123780368	140044415	0.487902067716869	2.80480810028091	3	1	0.813386082476439
chr8	140044416	145074357	0.67031971607686	3.1828512094714	3	1	0.935711055614038
chr9	12193	55762	0.944259342099237	3.84840155378584	4	1	0.600591218743842
chr9	55763	21967405	-0.671186352996104	1.25598013564338	1	-1	0.883745695957573
chr9	21968066	21974385	1.45314171464185	5.476073135709	5	2	0.999169116279567
chr9	21974406	34837199	-0.684288428318221	1.24462538092409	1	-1	0.891335979878523
chr9	34895842	36297368	-0.648068234402358	1.27626840439378	1	-1	0.867027538935953
chr9	36840509	37034074	6.80938541437537	224.315486286005	224	2	0.999999999999922
chr9	105521091	105526500	1.35643255249943	5.12102482392455	5	2	0.998797875980433
chr10	10202	20572393	0.834430777697993	3.56630669650837	4	1	0.853039595541105
chr10	47483864	48053737	0.412477786497791	2.66193950764661	3	1	0.602385866143424
chr10	48057264	48180982	-1.12160217071689	0.919166312548776	1	-1	0.933871637875412
chr10	87864277	87964934	7.17237939844645	288.490379421429	288	2	0.999999999999991
chr10	133679261	133778707	0.852637293750353	3.61159793890409	4	1	0.827822530378323
chr11	65627369	83278910	0.790209165915539	3.45865033357003	3	1	0.895931413839154
chr11	83280145	95110385	1.0784584410833	4.22355676490776	4	2	0.869248240572849
chr11	95128249	95193591	-0.725527678127973	1.20955160439342	1	-1	0.908785091779534
chr11	95193792	106887094	1.04582897434971	4.12910462429918	4	2	0.780675352194095
chr11	106887095	113365045	0.466693166823756	2.76387652776063	3	1	0.767983165091818
chr11	113366175	123995018	-0.652037756373017	1.27276162574748	1	-1	0.870241580967643
chr11	123995219	124093942	-0.957669295930233	1.02977610845083	1	-1	0.937454223428494
chr11	124094143	135066987	-0.713704011104507	1.21950526683028	1	-1	0.904608546133975
chr12	12211	18243	-1.93968732208726	0.521345860410799	1	2	0.51267025503193
chr12	9480523	9595430	-3.40397416597576	0.188943374376874	0	2	0.512168227119897
chr12	21373304	21449830	-0.667489037489436	1.25920306928922	1	-1	0.881376847000133
chr12	21451974	21471614	0.823127797280342	3.53847517379993	4	1	0.866238948411206
chr12	40440567	40525231	-0.62241007232581	1.29916973334478	1	-1	0.842109406104069
chr12	43796896	43804659	1.29915845238547	4.92170590433701	5	2	0.998060723209035
chr12	43805443	55116114	-0.576423371075677	1.34124856637514	1	-1	0.774330300119913
chr12	55129724	56107328	-0.56042747302989	1.35620242279018	1	-1	0.742152805797434
chr12	56107582	58157073	-0.545450283770552	1.37035503270762	1	-1	0.707596984328211
chr12	58157074	64561652	-0.691360114182529	1.23853950471211	1	-1	0.894961602339535
chr12	64566693	64611410	6.33383404243574	161.325875252928	161	2	0.999999999998836
chr12	64622587	65665222	-0.757629728926714	1.18293456422366	1	-1	0.917698478796244
chr12	65665223	87008435	-0.720639043908033	1.21365717406881	1	-1	0.907126431550499
chr12	111403225	111439011	6.80085308152727	222.992763313143	223	2	0.999999999999918
chr13	18413801	19131386	-0.621799177502874	1.29971997029597	1	-1	0.841418726313988
chr13	19131587	27075449	-0.679175091358252	1.24904452731269	1	-1	0.888515721419718
chr13	27089774	27116660	1.33953871995936	5.06140780811742	5	2	0.998663750970751
chr13	27117610	40959055	-0.738241673702291	1.19893905615825	1	-1	0.912694686467022
chr13	40976205	41017372	6.39420823319328	168.220326814225	168	2	0.999999999999168
chr13	41017573	42369504	-0.747343268267037	1.19139906479634	1	-1	0.915174440295399
chr13	42369705	48304121	-0.701576074040095	1.22980018244515	1	-1	0.899687933591156
chr13	48304140	48479697	6.61119933677858	195.523653322314	196	2	0.999999999999755
chr13	52229215	52279999	3.72611076337421	26.4667797076787	26	2	0.999999672393017
chr13	57141246	57173577	2.01106788252482	8.06160939388668	8	2	0.999842075243493
chr13	75302095	75310247	1.75080797116362	6.73093988197386	7	2	0.999650800207215
chr13	90231387	114346545	0.509391030772646	2.84689844660702	3	1	0.849365532570639
chr14	18228380	19639708	-1.54430345153355	0.6857223966253	1	-1	0.807112388091134
chr14	19639709	35605799	-0.617126028384896	1.30393682329161	1	-1	0.835969236289439
chr14	35760919	100829278	-0.692948152105978	1.23717693982721	1	-1	0.895734473227377
chr14	100834697	104719605	-0.639258795603956	1.28408544465981	1	-1	0.859319246825795
chr14	104724318	105960353	-0.630553302143348	1.29185728274395	1	-1	0.850857335558805
chr14	105969912	106874939	-1.1556160995764	0.897748909418296	1	-1	0.931269884683654
chr15	19790202	22242229	-0.944402885440225	1.0392891638908	1	-1	0.937129231296813
chr15	22242230	41464926	-0.705729942043998	1.22626438289075	1	-1	0.901452367478884
chr15	41466089	45068209	-0.627630022946491	1.29447757882033	1	-1	0.847813304064697
chr15	64171796	82547278	0.829787960221759	3.55484821325486	4	1	0.858672664873565
chr15	92832588	92915320	6.89901174270592	238.692883342386	239	2	0.999999999999954
chr16	20488316	20535464	3.30109440962312	19.7132591639524	20	2	0.999998234339386
chr16	21890042	21910041	-0.798339237194256	1.15002144401212	1	-1	0.925418475111781
chr16	26556472	29560318	0.588856124881204	3.00810749938601	3	1	0.919980856186366
chr16	29561484	31916357	0.399727056497983	2.63851659331869	3	1	0.554259355433803
chr16	46388210	66828104	-0.682907334275115	1.24581743308167	1	-1	0.890591275498364
chr16	67066669	70818610	-0.562427453080424	1.3543236483275	1	-1	0.746441426859392
chr16	70991293	90222476	-0.643357868425887	1.28044220121456	1	-1	0.863007922495961
chr17	2030036	3154905	-0.614961706893727	1.30589444867008	1	-1	0.833343512271414
chr17	3155106	3829439	-0.627217638934633	1.29484764882398	1	-1	0.847375342597506
chr17	7670087	7674149	2.45606415407514	10.9743543078356	11	2	0.999962762220304
chr17	10539939	12024635	-0.663460401542131	1.26272422936876	1	-1	0.878671778955776
chr17	12024637	12141397	6.75194467032313	215.559848898071	216	2	0.999999999999891
chr17	12141598	18462066	-0.5798195870237	1.33809487676242	1	-1	0.78054794256816
chr17	19030573	19242559	0.819177989392905	3.52880079213032	4	1	0.870453845668618
chr17	31095295	31373680	6.39268256397107	168.042525608093	168	2	0.999999999999161
chr17	37925964	38195978	-1.23007240958216	0.852592098672278	1	-1	0.922813813123303
chr17	44804655	44960438	0.626692103432115	3.08804141953089	3	1	0.932030710996269
chr17	46172497	46555632	-0.684402169360605	1.24452725941962	1	-1	0.891396761090297
chr18	10202	15410430	-0.682325050864992	1.24632035657896	1	-1	0.890273572686531
chr18	29757251	51047660	-0.722480485621754	1.21210906223567	1	-1	0.907762062969891
chr18	51047824	51078532	4.45230635181846	43.7832259701032	44	2	0.999999985418075
chr18	51078733	57838967	-0.702937709615685	1.22864002755897	1	-1	0.900275830774975
chr18	57839168	62825566	-0.730570687409559	1.20533094017102	1	-1	0.910402655534207
chr18	62826204	80247394	-0.754887502163462	1.18518518518519	1	-1	0.917052475214118
chr19	60571	205252	0.733209024809002	3.3246651054421	3	1	0.925091727858149
chr19	205453	1208030	-0.561433300994583	1.35525722586637	1	-1	0.744319212196394
chr19	1208034	1226795	4.15862638187833	35.7191633099779	36	2	0.999999946810823
chr19	1229154	4881806	-0.5095869370652	1.40484704470807	1	-1	0.60829237317847
chr19	4885131	4921971	5.24320820512645	75.751796859991	76	2	0.999999999648396
chr19	4929146	6990903	-0.537052195884289	1.37835528396496	1	-1	0.686355367078934
chr19	27568209	34685581	-0.606578699883936	1.31350464297355	1	-1	0.822536157057742
chr19	53203728	54697485	-0.504813415336474	1.40950303527498	1	-1	0.593559503845915
chr19	54697686	54739706	2.1435820724736	8.83715551363948	9	2	0.999896094606482
chr19	54747401	54783606	-2.84325448934773	0.278692389405672	0	2	0.546975288916919
chr19	54786383	54817564	0.500217974792556	2.8288545001621	3	1	0.835146402166175
chr19	54818359	58599432	-0.491995932218183	1.42208142024186	1	-1	0.552705856936536
chr20	87618	3123575	-0.653188138906556	1.27174714998719	1	-1	0.871144490719784
chr20	6179806	6235426	2.47400178216383	11.11165481236	11	2	0.999964950592474
chr20	30100650	64327990	0.575135671155462	2.97963511819215	3	1	0.912956996184297
chr21	5011785	5154746	0.447272850709349	2.72692089662226	3	1	0.71684241267714
chr21	8139957	9559082	-0.910936719894712	1.06367932742638	1	-1	0.93586528662198
chr22	10510202	12806951	-0.685458560096621	1.24361630747828	1	-1	0.891957326453322
chr22	15166952	16025285	-1.29962255001697	0.812464932445744	1	-1	0.910639301037578
chr22	16025286	18384118	-0.563087691780808	1.35370399394135	1	-1	0.747840387634622
chr22	18489092	23783559	-0.631786819306852	1.29075320527808	1	-1	0.852110455272309
chr22	23786710	23831850	4.97199999047839	62.769855840994	63	2	0.999999998688021
chr22	23831852	23942860	-0.538884812941983	1.37660550756806	1	-1	0.69110278510829
chr22	23957664	35635112	-0.648452893698174	1.27592816404459	1	-1	0.867345793297511
chr22	35635313	41162683	-0.578399482975737	1.33941266703916	1	-1	0.777973687610891
chr22	41162700	41695105	-0.530628699010543	1.38450599529632	1	-1	0.669233044543812
chr22	41699429	50799120	-0.605438817220179	1.31454286156764	1	-1	0.820985713209975
chrX	44877054	45111334	7.22989374253905	300.223634100087	300	2	0.999999999999993
chrX	49336818	49592097	-0.687763173252848	1.24163129576665	1	-1	0.893155858602228
chrX	63966389	64189402	1.1323170770346	4.38421052631579	4	2	0.952746939732288
chrX	65838330	65957238	1.8198458662408	7.06086956521739	7	2	0.999716033128138
chrX	77523223	77717095	7.36709561436189	330.176953862753	330	2	0.999999999999997
chrX	103087294	103215860	0.924252301610207	3.7954009504038	4	1	0.666295469532736
chrX	103904432	103962218	1.57496994950042	5.95858573731887	6	2	0.999415768111679
chrX	120115583	120141344	6.51873125487691	183.384927135456	183	2	0.999999999999586
chrX	135160357	135215179	1.84515313112053	7.18582166298369	7	2	0.999736939336423
chrX	150086467	150116700	4.87591832745655	58.7256278518304	59	2	0.999999997928726
chrX	154144167	154292147	1.54984576744178	5.85571673986836	6	2	0.999372005727755
