Chromosome	Start	End	Segment	CNF	CN	Call	ProbCall
chr1	20310609	39317488	0.615227344963588	3.06359872882542	3	1	0.933826717621521
chr1	39465038	55466024	0.586814318444023	3.00385321913332	3	1	0.923500580830721
chr1	65190791	65228136	1.17901937446172	4.52845642227653	5	2	0.987426271989797
chr1	120233934	120828235	0.445998050904632	2.72451238843512	3	1	0.70946400828768
chr1	120828970	120840630	-0.619551589311465	1.30174639436109	1	-1	0.839226567452912
chr1	121599147	121959146	-1.51032992195786	0.702061868860054	1	-1	0.830075931363246
chr1	145328911	145342588	-0.600122956819934	1.31939545763592	1	-1	0.813802606378859
chr1	145343174	145393227	1.11878254263132	4.34327271461696	4	2	0.959082202169807
chr1	146067370	146091424	-0.553574308639266	1.3626600510218	1	-1	0.726965057869249
chr1	158676063	159016830	0.694666689098987	3.23702091948345	3	1	0.93797743912869
chr1	159018198	184831968	0.548700992888645	2.92553604385941	3	1	0.898441348615477
chr1	238310870	248937047	0.787027820318969	3.45103192576421	3	1	0.89965490542354
chr2	12980996	63947500	0.503710106296376	2.83571020932389	3	1	0.843561671524761
chr2	63948970	69844265	0.560799049202989	2.95017196058245	3	1	0.908086924658666
chr2	69847422	88785013	0.542705749083156	2.91340395167405	3	1	0.892973197249767
chr2	94165094	95829273	0.579493100043745	2.98864823246037	3	1	0.919815376569085
chr2	95950686	97142923	0.543126611403126	2.91425397248477	3	1	0.893372972298123
chr2	97513141	97576429	-0.615735677060035	1.30519405652244	1	-1	0.83466919527502
chr2	97578868	108730934	0.482869182883327	2.79504049047373	3	1	0.804825274395228
chr2	108731235	135622776	0.484143867934989	2.79751112400259	3	1	0.807486212978006
chr2	135631705	171050257	0.69696531338813	3.2421825270456	3	1	0.937640045488314
chr2	171050282	171055336	-1.207572606328	0.865993075129672	1	-1	0.924046642683817
chr2	171056360	174380328	0.813799442436479	3.51566947568433	4	1	0.874871848416492
chr2	174380664	198101336	0.673977622960096	3.19093146564776	3	1	0.939880390707679
chr2	198103789	205825328	0.480618311078695	2.79068310902724	3	1	0.800028449117239
chr2	205825329	222941790	-0.669552287189308	1.25740352511376	1	-1	0.883123398625701
chr2	222941991	229682023	-0.795804339474614	1.152043873721	1	-1	0.924735061843001
chr2	229682024	242175633	-0.645098774265527	1.27889801839456	1	-1	0.864956497515305
chr3	5178161	5184814	8.62524496401389	789.74602703271	790	2	1
chr3	93734064	93906186	1.01200421499064	4.03342160364153	4	2	0.721933444095478
chr3	98149921	98660477	0.591246885613908	3.01309651453398	3	1	0.925510387183895
chr3	155925197	156121046	1.23633125948837	4.71197295773596	5	2	0.99433092859418
chr3	165251043	198228341	1.29334628014644	4.90191775995951	5	2	0.996160686936839
chr4	10202	9359889	0.536371112989413	2.900639718531	3	1	0.88665176995863
chr4	9483928	41779019	0.444858425685012	2.72236106959706	3	1	0.70592811927414
chr4	68476142	68668276	0.73023133736886	3.31781015426736	3	1	0.9297315835526
chr4	94786411	153066050	-0.739230747571536	1.19811737669004	1	-1	0.913059478027991
chr4	153066251	171814715	-0.720650379929977	1.21364763775662	1	-1	0.90732575113954
chr4	190066847	190196187	0.883154991656164	3.68880874657384	4	1	0.755881057222811
chr5	8230249	21944337	0.507173091963907	2.84252510696979	3	1	0.849072700571475
chr5	80331635	80360170	2.69952532396376	12.9917630838974	13	2	0.999920585410561
chr5	112827227	112864464	4.26765666277036	38.5232272262681	39	2	0.999999629846434
chr5	171391180	171410525	1.00854717268079	4.02376813159938	4	2	0.708596360206796
chr6	70202	8090485	0.919996190576972	3.78422059468941	4	1	0.646607534552037
chr6	8095458	31983423	1.02347359006306	4.06561496267944	4	2	0.76398490475866
chr6	32339520	32370597	-0.754631314878314	1.18539566371776	1	-1	0.916975048544965
chr6	32371626	32763575	3.85631354032669	28.9665014062013	29	2	0.999998302563586
chr6	33080778	33086681	-1.71132386596532	0.610759428028392	1	-1	0.638767195057374
chr6	33092941	33176577	0.813491247181391	3.51491852215924	4	1	0.875208748508585
chr6	110888893	110893664	1.15201175955815	4.44447114182179	4	2	0.979125917677229
chr6	137871517	137881396	1.61468621881159	6.12489969896913	6	2	0.998374756121544
chr7	13744	6792021	-0.534697995398885	1.38060633049476	1	-1	0.680234994822972
chr7	6823258	39854839	-0.726369751649752	1.20884581823654	1	-1	0.909223649917947
chr7	39855040	50309369	-0.669445692280027	1.25749643301361	1	-1	0.883055483725614
chr7	50319018	50400774	6.31725645345396	159.482736322709	159	2	0.999999999944443
chr7	50400975	53787335	-0.796890148952056	1.15117714200758	1	-1	0.924897913748325
chr7	53787536	58100236	-0.553713278842756	1.36252879665491	1	-1	0.727284256078437
chr7	92813890	92834147	7.34449150914118	325.044066629528	325	2	0.999999999999686
chr7	103175442	103324566	-0.516359674279268	1.39826744112262	1	-1	0.628801126808198
chr8	64084	7541818	-1.5371639282638	0.689124269319587	1	-1	0.812964822923713
chr8	7546985	7567454	0.914580091279287	3.77004068140928	4	1	0.664950107244033
chr8	7569936	15358019	-1.45064534139876	0.731715466303278	1	-1	0.861162318944454
chr8	35506098	43957107	1.22726563138227	4.68245662814464	5	2	0.993761781125524
chr8	45937108	60618676	0.54723500235192	2.9225647784559	3	1	0.897148586232727
chr8	60620629	60816578	7.27349546511596	309.435619213331	309	2	0.999999999999543
chr8	60819991	123777270	0.528557537786152	2.8849724416886	3	1	0.878024346143554
chr8	123777275	123780154	-1.37025375914974	0.773646406249438	1	-1	0.890996419219168
chr8	123780368	145054157	0.575811342827367	2.98103092707923	3	1	0.917779920914885
chr9	12193	65762	0.944430012092305	3.84885684440468	4	1	0.554987597029926
chr9	65763	21967405	-0.678066070326193	1.25000505546744	1	-1	0.888269698273325
chr9	21968066	21974385	1.45314177621465	5.4760733694224	5	2	0.997573433551026
chr9	21974406	34837847	-0.682597059931334	1.24608539460151	1	-1	0.890796573659731
chr9	34917800	36277168	-0.649009188485267	1.27543626843396	1	-1	0.86824005466819
chr9	36840509	37034074	6.80909975214128	224.271074877081	224	2	0.99999999999503
chr10	10202	20550033	0.837904079865484	3.57490295777198	4	1	0.844040994665147
chr10	48083687	48180982	-1.3214061373327	0.800289487090012	1	-1	0.904045266334305
chr10	87864277	87964934	7.17058225119708	288.131234285544	288	2	0.999999999999218
chr10	94720342	95065033	0.416922934915958	2.67015396997744	3	1	0.60865733277826
chr10	133679261	133778707	0.853037827223332	3.61260076115488	4	1	0.819489913574903
chr11	65627369	83278910	0.789684088390196	3.45739176605305	3	1	0.897566848720839
chr11	83280145	95120385	1.05414729800814	4.15298107656868	4	2	0.856652235463823
chr11	95128249	95193591	-0.729727444072912	1.2060356520802	1	-1	0.910280443898514
chr11	95193792	106887094	1.04794105733358	4.13515399592446	4	2	0.840395120211863
chr11	106887095	113365045	0.478141067006399	2.78589535341916	3	1	0.794602609253754
chr11	113366175	123995018	-0.648658166321671	1.27574663261761	1	-1	0.867951675547644
chr11	124015527	124093942	-0.976860002286886	1.01616874622886	1	-1	0.936538910678862
chr11	124117425	135046987	-0.711521933795425	1.22135116505147	1	-1	0.904019532593278
chr12	12211	18243	-1.93946301369577	0.521426924904356	1	2	0.45223887943363
chr12	9480523	9595430	-3.40306593221588	0.189062359175315	0	-2	0.541959768575818
chr12	21373304	21449830	-0.606971194008913	1.31314734450164	1	-1	0.823410338117675
chr12	21451974	21471614	0.823364883620611	3.53905671947777	4	1	0.863733842783535
chr12	40440567	40525231	-0.622510029888899	1.29907972309434	1	-1	0.842622580593118
chr12	43796896	43804659	1.29868708548036	4.92009811456567	5	2	0.996249284859808
chr12	43805443	55116114	-0.576302566930665	1.34136088059653	1	-1	0.774295182177926
chr12	55129724	56107328	-0.556075627352029	1.36029954242989	1	-1	0.732653983356778
chr12	56107582	58047073	-0.546656442542208	1.3692098322646	1	-1	0.710612005619113
chr12	58047074	64561652	-0.698416871092948	1.23249614052062	1	-1	0.898597752798505
chr12	64566693	64611410	6.33370983563874	161.311986726848	161	2	0.999999999948656
chr12	64622587	65675222	-0.712875855075602	1.22020550529787	1	-1	0.904532748418121
chr12	65675223	87078435	-0.73312586389632	1.20319805176955	1	-1	0.911309150989601
chr12	111403225	111439011	6.80085314310007	222.992772830254	223	2	0.99999999999482
chr13	18413801	19131386	-0.516410075323003	1.39821859302552	1	-1	0.628949837331788
chr13	19131587	27075449	-0.673588471114038	1.2538906418472	1	-1	0.885630435159488
chr13	27089774	27116660	1.33702655648384	5.0526020525617	5	2	0.99672429093635
chr13	27117610	40959055	-0.741986315522061	1.19583113960796	1	-1	0.913810614829695
chr13	40976205	41017372	6.39522960198882	168.339462058365	168	2	0.999999999961814
chr13	41017573	42369504	-0.729570772635231	1.20616663028019	1	-1	0.910232041050668
chr13	42369705	48304121	-0.709445298761728	1.22311046054702	1	-1	0.903216120808371
chr13	48304140	48479697	6.61083941574263	195.474880507328	195	2	0.999999999986664
chr13	52532562	52657490	0.450355028665682	2.73275292606288	3	1	0.722653882295926
chr13	57141246	57173577	2.01113419797096	8.06197996527953	8	2	0.999423771549014
chr13	75302095	75310247	1.75141674288106	6.7337807252342	7	2	0.998853497417451
chr13	90261387	114346545	0.503528611362807	2.8353534917574	3	1	0.843265991684182
chr14	18248380	19649708	-1.69643736019639	0.617094199903356	1	-1	0.658464362845268
chr14	19678646	35605799	-0.612085512154196	1.30850051104866	1	-1	0.830117103139349
chr14	35625252	35760891	0.453890537673539	2.73945809976344	3	1	0.73297299661388
chr14	35760919	100829278	-0.685365984602694	1.24369611096033	1	-1	0.892273023122291
chr14	100834697	104719605	-0.645709726115578	1.27835654589362	1	-1	0.865479907886804
chr14	104724318	105914331	-0.630477726476593	1.29192495853823	1	-1	0.851199645898223
chr14	105916640	106874939	-1.14746671223418	0.902834395734711	1	-1	0.930280388645471
chr15	19780202	22232229	-1.01522115779709	0.989504958721091	1	-1	0.936440164396171
chr15	22232230	41464926	-0.708369633852783	1.22402274454318	1	-1	0.90279207725694
chr15	41466089	45068209	-0.631317503258383	1.29117316217651	1	-1	0.85205713467948
chr15	64171796	82547278	0.824711232704603	3.54236097271949	4	1	0.862055723831428
chr15	92832588	92915320	6.89876326753912	238.651776840179	239	2	0.99999999999684
chr16	21890042	21910041	-0.796835697373802	1.15122059165799	1	-1	0.924889789892092
chr16	26556472	29560318	0.587621168515423	3.00553364152121	3	1	0.923878484336226
chr16	29561484	31995023	0.386548966766991	2.61452518397043	3	1	0.484965214080871
chr16	46398210	66828104	-0.68112039991252	1.24736146919351	1	-1	0.889988450790787
chr16	67036572	70818610	-0.563947571045955	1.35289739577639	1	-1	0.74977925380721
chr16	70991293	90222476	-0.641427350019613	1.28215675057042	1	-1	0.861727711196031
chr17	1786615	3154905	-0.541570334068773	1.37404539307271	1	-1	0.69801422530866
chr17	3155106	3829439	-0.627160026905375	1.29489935780477	1	-1	0.847726578573564
chr17	7670087	7674149	2.46028456104085	11.0065052836642	11	2	0.999837702973896
chr17	10539939	12024635	-0.659477089651187	1.26621545545366	1	-1	0.876293134557915
chr17	12024637	12141397	6.75169619515632	215.522726252096	216	2	0.999999999993373
chr17	12141598	18699298	-0.569767583627134	1.34745063199887	1	-1	0.761684141887499
chr17	19030573	19222359	0.84377861683416	3.58948934925468	4	1	0.835035216430126
chr17	31047598	31373680	6.37340346439661	165.811868351664	166	2	0.999999999957575
chr17	37925964	38195978	-1.21206012231953	0.863303580842603	1	-1	0.923477722478829
chr17	44804655	44960438	0.626794728428252	3.08826109278242	3	1	0.936482649623287
chr17	46193596	46555632	-0.759011407696187	1.18180220213634	1	-1	0.917971969090018
chr18	10202	15390430	-0.683284289490622	1.24549196164182	1	-1	0.89116770702418
chr18	29707251	51047660	-0.71341338150727	1.21975095979803	1	-1	0.904734224836013
chr18	51047824	51078532	4.45205787665165	43.7756858405029	44	2	0.999999817871877
chr18	51078733	57838967	-0.71573934455396	1.2177860193395	1	-1	0.905591401784775
chr18	57839168	80247394	-0.734154731895331	1.20234028860971	1	-1	0.911612752809632
chr19	60571	235452	0.659387899941972	3.15882475137592	3	1	0.940008034972408
chr19	242894	1208030	-0.564131337348575	1.35272507861177	1	-1	0.750164945616768
chr19	1208034	1226795	4.15968529823165	35.7453902598584	36	2	0.999999443555876
chr19	1229154	4861606	-0.510077355024557	1.40436957364556	1	-1	0.609980506791973
chr19	4885131	4921971	5.24320826669926	75.7518000930035	76	2	0.999999992786871
chr19	4929146	6990903	-0.536837690988657	1.37856023783894	1	-1	0.685862402645997
chr19	27248209	34685581	-0.57655388968426	1.34112723097624	1	-1	0.774764399364816
chr19	48345195	52799899	-0.462706205897409	1.45124771353508	1	-1	0.456415126643626
chr19	53203728	54663984	-0.50689047174164	1.40747522566739	1	-1	0.600228969111898
chr19	54664181	54739706	0.7801960223587	3.43472839865054	3	1	0.904694637865311
chr19	54747401	54783606	-2.84279259731354	0.278781629612076	0	-2	0.508626704247893
chr19	54786383	54817564	0.500120461876542	2.82866330207711	3	1	0.837584276559005
chr19	54818359	58599432	-0.487739483536663	1.42628324699468	1	-1	0.539291779342711
chr20	87618	3123575	-0.646258792234635	1.27787011688526	1	-1	0.865946980777611
chr20	6200249	6215226	2.892458204788	14.8506915040854	15	2	0.999956264769026
chr20	30090650	64327990	0.578354860289291	2.98629121553557	3	1	0.919199537389061
chr21	5011785	5154746	0.462667964039602	2.75617589964588	3	1	0.757106651953959
chr21	8149957	9559082	-0.975173545004513	1.01735730456224	1	-1	0.936526264880997
chr22	10510202	12806951	-0.685129553180461	1.24389994678699	1	-1	0.892148899448061
chr22	15176952	16095285	-1.3091278758999	0.80712952993963	1	-1	0.906840547381672
chr22	16095286	18384118	-0.573009771132377	1.34442588854996	1	-1	0.768039992950851
chr22	18489092	23783559	-0.642489909811737	1.28121277655251	1	-1	0.862677052109811
chr22	23786710	23831850	4.97196306982453	62.7682494901015	63	2	0.999999977423959
chr22	23831852	23942860	-0.539181057870277	1.37632286257323	1	-1	0.691930569264987
chr22	23957664	35635112	-0.634211079123907	1.28858608508025	1	-1	0.854946453487814
chr22	35656331	41162683	-0.574435857126496	1.34309759699114	1	-1	0.770773670521583
chr22	41162700	41695105	-0.530727289325963	1.38441138471334	1	-1	0.669576666955265
chr22	41699429	50799120	-0.602189370270982	1.31750700247849	1	-1	0.816779303267394
chrX	44877054	45111334	7.22964526737225	300.171931077755	300	2	0.999999999999425
chrX	49336818	49592097	-0.687847396869443	1.24155881223908	1	-1	0.893554300557666
chrX	51030594	51163839	0.78688822336989	3.45069801581958	3	1	0.899762600448157
chrX	63966389	64189402	1.21274856507051	4.63557584250777	5	2	0.992551571997978
chrX	65800241	65957238	1.58137595565164	5.98510250366993	6	2	0.998233008570211
chrX	77523223	77717095	7.36662424745678	330.069093876912	330	2	0.99999999999972
chrX	120115583	120151344	6.51873131644972	183.384934962145	183	2	0.99999999997904
chrX	135160357	135193143	2.69309369134968	12.9339738303843	13	2	0.999919015435962
chrX	150066467	150116700	4.87604706753743	58.7308685154507	59	2	0.999999966489166
chrX	154031302	154292147	1.50245231147232	5.66647801964318	6	2	0.997850407611807
