Chromosome	Start	End	Segment	CNF	CN	Call	ProbCall
chr2	88236837	92135200	2.19175526254977	9.13721981380361	9	2	1
chr5	58197	46396170	0.631490474899011	3.09832927539107	3	1	0.974220615182493
chr13	18174009	114346637	-0.904697294538131	1.06828953244292	1	-1	0.942933113995298
chr14	93934152	106879812	0.757864824668667	3.38197225603981	3	1	0.917824918603887
chr17	40993429	41397592	4.01626751334338	32.3628669517545	32	2	1
chr18	20946905	80247546	-0.574694652840913	1.34285668902488	1	-1	0.819483156091369
chr21	5011798	8227646	-0.799271775647137	1.14927832598829	1	-1	0.928529058402978
chr22	17080700	27205126	0.653116489062498	3.14512310833456	3	1	0.971299390838221
chrX	138397829	156027877	0.491326369870883	2.8114733466019	3	1	0.953272576938085
