Chromosome	Start	End	Segment	CNF	CN	Call	ProbCall
chr1	1712347	1714020	2.20375825530466	9.21355714292423	9	2	0.99912434631653
chr1	16673359	16951246	0.745377094472714	3.3528247920995	3	1	0.876604429838214
chr1	27773213	27960448	0.59868929114236	3.02868028381764	3	1	0.825073443611897
chr1	30377001	35192780	0.971960713606441	3.92300918604426	4	1	0.569962851637344
chr1	35192819	45591412	0.746423706496566	3.35525800203038	3	1	0.876500137732552
chr1	45594760	73202730	0.526724441524759	2.88130910764066	3	1	0.737408270371181
chr1	109681709	109700274	-3.61966597062225	0.162705398998089	0	-2	0.574286820880262
chr1	145840168	146328246	0.760645514253987	3.38849704718322	3	1	0.87439492782947
chr1	148592603	149475691	0.570511674211657	2.97010034671415	3	1	0.797167312188034
chr1	166876674	182853547	-0.560796727135033	1.35585535066739	1	-1	0.493308331657006
chr1	182883598	196747375	-0.562177904633631	1.35455793110031	1	-1	0.496704733775353
chr1	196774832	196872261	-4.09462212476262	0.117064688866818	0	-2	0.576589767404819
chr1	206538043	219371921	-0.578079819266174	1.33970947894181	1	-1	0.535585043992888
chr1	243053927	248937047	0.610446070842078	3.0534623804002	3	1	0.834618451744908
chr2	41449	27276900	0.560730117726104	2.95003100574002	3	1	0.785659744025237
chr2	27277569	27771941	1.07001450630417	4.19890895432565	4	2	0.755980350427165
chr2	27772640	69844265	0.515510362519128	2.85899948980961	3	1	0.718466619873956
chr2	69847422	75672053	0.589000222386762	3.00840796651367	3	1	0.816311030031727
chr2	97504815	97576429	-0.887772140316509	1.08089610561065	1	-1	0.906536522312748
chr2	112784016	113750559	0.715103658585343	3.28320232700894	3	1	0.876769872530078
chr2	186929375	191950466	0.87336080247198	3.66385092070999	4	1	0.796604969980645
chr2	238081915	242175633	0.705896986445123	3.26231702400598	3	1	0.875757979092642
chr3	10202	5174541	-0.639179562714234	1.2841559686385	1	-1	0.673268774065451
chr3	5178161	5184814	7.86005583550379	464.667790850397	465	2	0.999999999998036
chr3	5184989	9470990	-0.750897532286578	1.18846751321007	1	-1	0.836094703008349
chr3	98149921	98498495	0.877355674755236	3.67401030952252	4	1	0.791042297239808
chr3	110603092	113715130	0.606430898713141	3.04497608784754	3	1	0.83148830432434
chr3	155925197	156121046	0.87565702225685	3.6696870159592	4	1	0.793439026507078
chr3	167720502	195761598	1.1406601454922	4.40963775510309	4	2	0.916201435688327
chr3	195811615	198228341	0.939031408793993	3.83448123323586	4	1	0.667710984794504
chr4	9160776	9222080	0.903834763849224	3.74206537691165	4	1	0.747208372185927
chr4	9224863	9254948	-0.915361193985294	1.06042222019619	1	-1	0.911922179692851
chr4	9255186	9368010	0.903834763849224	3.74206537691165	4	1	0.747208372185927
chr4	9368150	49624578	-0.593056387980217	1.32587393727833	1	-1	0.571483502517945
chr4	51795751	54727332	-0.578702480307155	1.33913139079033	1	-1	0.537094791191894
chr4	68497034	68668276	0.488939802048231	2.80682633188536	3	1	0.667191111534782
chr4	69205452	70775415	-0.712875170744461	1.22020608409297	1	-1	0.794531204753176
chr4	70778260	136161515	-0.567728576746558	1.34935637332614	1	-1	0.510332249934416
chr4	160558433	190085208	-0.575477071389807	1.34212861337719	1	-1	0.52926133220138
chr4	190085502	190196187	0.903834763849224	3.74206537691165	4	1	0.747208372185927
chr5	10202	46416302	0.768358597003295	3.40666148725747	3	1	0.872697418398043
chr5	58558239	66539117	-1.04235288049145	0.971069944609933	1	-1	0.920462969996028
chr5	66539118	69393585	-0.590503977878279	1.32822174421949	1	-1	0.565434780616659
chr5	69396265	69419449	1.12815863891272	4.37159163069462	4	2	0.896935118996581
chr5	69419451	71128698	-1.11960846475489	0.920437415669336	1	-1	0.917778333918306
chr5	71133055	80321501	-0.581298964908125	1.33672346193245	1	-1	0.543376453760315
chr5	80331635	80360170	2.48851974871729	11.2240368748393	11	2	0.999565592372561
chr5	112827227	112836688	5.90248494914846	119.634107587729	120	2	0.999999991947387
chr5	171389950	171410525	1.11234328406929	4.32393034935451	4	2	0.867246358032536
chr5	175880935	181260850	0.436041038814797	2.70577342927114	3	1	0.539125275123833
chr6	26597687	31166373	0.69226569848258	3.23163822048231	3	1	0.873362408062841
chr6	31166958	32038845	1.11568335211413	4.33395253152407	4	2	0.874037738693624
chr6	32038893	32339137	0.491548772448131	2.81190679032957	3	1	0.672629009239842
chr6	32339520	32394180	-1.54645218646616	0.684701849031617	1	-1	0.79127259245476
chr6	32394696	32805175	3.18943957659266	18.245130648407	18	2	0.999932524121509
chr6	32813105	33006940	0.419774544461735	2.67543697600937	3	1	0.494085299193086
chr6	33007024	33086681	-1.28384698483905	0.821397815249798	1	-1	0.896749953429286
chr6	33092941	38703155	0.467640282518841	2.76569158236594	3	1	0.619559265385567
chr6	38722729	46752140	0.944728060422015	3.84965206711258	4	1	0.652388583628523
chr6	46753612	58441655	0.728016787141633	3.31272119180484	3	1	0.877362448528573
chr6	104068810	113940839	0.431665815945255	2.69758013225215	3	1	0.527209733340197
chr6	137871517	137881396	2.40338441919855	10.5808558306999	11	2	0.999462497236465
chr7	6823258	21908559	-0.67861705131864	1.24952775603362	1	-1	0.745111701016978
chr7	29680622	29742307	-1.22312101529771	0.856710089702188	1	-1	0.907159553553031
chr7	35119633	35162006	-2.05645240408185	0.480812929114709	0	2	0.500722464411218
chr7	50319018	50400774	7.43328337052132	345.677614649007	346	2	0.999999999986302
chr7	92813890	92834147	7.80560625750767	447.457316262674	447	2	0.999999999997474
chr7	103184008	103279884	-1.12249910980132	0.918595034530817	1	-1	0.917590882724928
chr7	142867898	142877796	-0.687271794513558	1.2420542646662	1	-1	0.758734981977433
chr8	64084	7257045	-1.36976488559456	0.773908609519607	1	-1	0.875131451937184
chr8	8070856	8786140	-1.29229122547427	0.816604133032729	1	-1	0.895013544620031
chr8	14893782	37638781	-1.34601845660479	0.786752380253027	1	-1	0.88204595887266
chr8	39071285	39365131	-1.48503867162219	0.714477917943328	1	-1	0.828146230128763
chr8	39375698	39491952	5.4467897110095	87.2322508599683	87	2	0.999999955034007
chr8	39492153	41226014	-1.19368201486604	0.874371319792072	1	-1	0.911025790539718
chr8	41265160	43957107	0.535280837968891	2.89844847210818	3	1	0.750819032212606
chr8	45957108	46632467	0.462448912007066	2.75575744662353	3	1	0.607101712975799
chr8	60780950	60816090	7.50518862647234	363.343081702795	363	2	0.999999999990075
chr8	94739729	94761889	1.33564506299397	5.04776610615763	5	2	0.993030925229373
chr8	125222527	145054157	0.745024742933605	3.3520060267403	3	1	0.876638012532549
chr9	75763	21968451	-1.37818704590229	0.769403850142996	1	-1	0.872484047583192
chr9	21968453	21974385	1.18458201526917	4.54595062686873	5	2	0.960288596290527
chr9	21974406	31232497	-1.39296634399347	0.761562135796978	1	-1	0.867575394318563
chr9	33543053	34895641	-1.16976567273845	0.888987061635904	1	-1	0.913656586127926
chr9	34917800	36823679	-1.3243507627215	0.798657715038829	1	-1	0.887695957446879
chr9	36840509	37033553	5.68703512910284	103.038174527269	103	2	0.999999981655075
chr9	37033641	37477773	-1.10568412395233	0.929364134945045	1	-1	0.918595780203524
chr9	37485966	38573233	-1.34201962372717	0.788936109567042	1	-1	0.883134272161689
chr9	38575549	43216461	-0.632898475921278	1.28975900925998	1	-1	0.660415346758597
chr9	127886392	127953967	-1.16409032563839	0.892491091783232	1	-1	0.914216500932157
chr9	128625727	128722188	0.575389866737073	2.98016016110851	3	1	0.802540827515328
chr9	136717601	136996595	0.749198835371029	3.36171829634023	3	1	0.876190543644312
chr10	12081424	12619078	-1.25056261810482	0.840568548798021	1	-1	0.902885966482671
chr10	31510648	34401990	0.836330554200394	3.57100599074238	4	1	0.837118574366542
chr10	46621505	46999988	-1.00655350935626	0.995467755226793	1	-1	0.920023155001984
chr10	48025813	48180982	-1.09990243092876	0.933096094436763	1	-1	0.918893408061065
chr10	87864277	87964934	7.04655569615059	264.395845258399	264	2	0.999999999925165
chr10	119751031	123565219	0.631583233355363	3.09852848968932	3	1	0.849010271129696
chr10	133665184	133778707	0.903834763849224	3.74206537691165	4	1	0.747208372185927
chr11	1735211	2078013	0.856156693103307	3.62041904889749	4	1	0.81776621276204
chr11	9314803	10559246	0.522057723375188	2.87200393010787	3	1	0.729716367057942
chr11	17613545	22015358	-0.555298098257781	1.36103286271205	1	-1	0.479776427960217
chr11	68390008	89698662	0.643544749351295	3.12432546639911	3	1	0.855700845874542
chr11	90222908	117910075	0.608808196926386	3.0499977891837	3	1	0.833357530842942
chr12	12211	34709924	1.14678658587028	4.42840320729962	4	2	0.924406731761975
chr12	56487857	56997224	0.788461805651536	3.45446382874099	3	1	0.866285703592655
chr12	64566693	64611410	6.77878220727292	219.607300838807	220	2	0.999999999765722
chr12	88096880	88109211	-0.982058254469774	1.01251392230489	1	-1	0.918969386663454
chr12	111403225	111439011	7.41342524898325	340.952097264205	341	2	0.999999999985033
chr13	19131587	27090204	-0.570210524182	1.3470369971688	1	-1	0.516409914267604
chr13	27095476	40959055	-0.553107032781682	1.36310147575391	1	-1	0.474383281549638
chr13	40976205	41017372	6.73355521407725	212.829631244165	213	2	0.999999999716709
chr13	48304140	48479697	6.54172016740159	186.330517134882	186	2	0.99999999937154
chr13	48479702	52279999	-0.582680904556618	1.33544364420093	1	-1	0.546710027219618
chr13	52280200	52515388	-0.593434129725338	1.32552682831971	1	-1	0.572375896554641
chr13	52532562	52657490	2.04995015652174	8.28183325783728	8	2	0.998738367297802
chr13	57141246	57173577	1.32945012391761	5.02613744552456	5	2	0.992798698905614
chr13	75302095	75310247	1.27319888070371	4.8339377033407	5	2	0.988841859687804
chr13	75312651	82971177	-0.582905858510583	1.33523542978305	1	-1	0.547251996007946
chr13	82971178	85001725	0.539159519383255	2.90625142679174	3	1	0.756608796250321
chr14	35292437	35760891	0.556579599084148	2.94155619818829	3	1	0.780471549545915
chr14	44934095	45242880	-0.740658653655058	1.19693212776992	1	-1	0.826167762240496
chr14	49666211	52440793	0.791783534461525	3.46242671201965	3	1	0.864930627777278
chr15	19810202	22279096	-1.14432801618424	0.904800720842061	1	-1	0.915978465347136
chr15	84170252	84516815	0.788154395678817	3.45372782877538	3	1	0.866406675455358
chr15	92832588	92915320	6.67378229466581	204.191966123018	204	2	0.999999999636311
chr16	11761	4208127	-1.15175035355362	0.900157681160202	1	-1	0.915350653959978
chr16	5366805	10769159	-0.561213373631022	1.35546383977966	1	-1	0.494333058685218
chr16	10770253	16379457	0.421016238854828	2.67774065421231	3	1	0.497589044308153
chr16	18339805	18411910	0.978346970478217	3.94041333337824	4	1	0.548632364582133
chr16	20480913	20535464	1.72622525047451	6.617220024915	7	2	0.99736194546955
chr16	29560068	29595003	-0.891958366453598	1.07776424690447	1	-1	0.907473161206647
chr16	74360587	74421281	1.09735137052018	4.27923043756444	4	2	0.833180784262689
chr16	90162571	90222476	0.769653691524629	3.40972099004866	3	1	0.872372496425107
chr17	7670087	7672818	3.61567408383213	24.516380294366	25	2	0.999980222357729
chr17	10539939	12024635	-0.582100061444045	1.33598141510245	1	-1	0.545309752983371
chr17	12024637	12141397	6.80113618063867	223.036525331896	223	2	0.999999999786781
chr17	12141598	14065710	-1.3954890731733	0.760231614649782	1	-1	0.866702862684717
chr17	18347533	18928927	-0.720301624379982	1.21394105909759	1	-1	0.803693326351203
chr17	19222560	22731913	-0.55089976567371	1.3651885639882	1	-1	0.468951940960019
chr17	31095295	31373680	6.12417734562005	139.50541823837	140	2	0.999999996613835
chr17	36168599	36454130	0.472095001942735	2.77424461716806	3	1	0.629990159085665
chr17	39627350	39829504	0.744442270096714	3.35065296298366	3	1	0.876691844233232
chr17	46193596	46557626	-1.12073014633488	0.919722062518306	1	-1	0.917706319086112
chr17	64956722	64973572	3.58652028100743	24.025928500223	24	2	0.999978441431245
chr18	20951246	35070314	-0.582259699429491	1.33583359343781	1	-1	0.545694727833285
chr18	51047024	51078532	5.14622814328971	70.827030077773	71	2	0.9999998663082
chr18	63249102	80247394	-0.600830157670619	1.3187488560283	1	-1	0.589692074540691
chr19	1208034	1226795	4.24341344316747	37.8812870450088	38	2	0.999997151462822
chr19	4885131	4921971	5.35587731137759	81.9048688955665	82	2	0.999999937244493
chr19	22603345	23136161	-0.924123402397336	1.05400126435765	1	-1	0.913279506820282
chr19	27248209	36450004	1.99537980124153	7.9744211577531	8	2	0.998567099267443
chr19	38953061	44993340	-1.26214074077973	0.833849694421701	1	-1	0.900875174521514
chr19	54360907	54632179	-0.563846868134525	1.35299183393401	1	-1	0.500806384835369
chr19	54778659	54855942	-1.86704398267972	0.548269079250079	1	-1	0.407702108920724
chr19	54865686	54875462	2.28727470407415	9.76266281729873	10	2	0.999284685581227
chr20	87618	12764006	0.48699754336291	2.80305012509264	3	1	0.663085933528947
chr20	12764007	26368584	1.15208703168699	4.44470303665921	4	2	0.930898713579563
chr20	30120650	44901958	0.894064099097429	3.71680783151097	4	1	0.764858890505428
chr20	44903951	47299000	0.551162576753612	2.93053197114555	3	1	0.773417659547819
chr20	47309999	64327990	0.867010536964009	3.64775930400065	4	1	0.804929581703429
chr21	13038259	14002105	-0.580724302324516	1.33725601936606	1	-1	0.541988184208027
chr22	10530202	12626751	-0.681312429056555	1.24719545086814	1	-1	0.749438118056627
chr22	23786710	23942860	3.81882007545669	28.2234036078949	28	2	0.999989254806379
chr22	45361807	50799120	-1.25480156007749	0.838102406110853	1	-1	0.902164581566639
chrX	31266713	53192849	1.01719454653059	4.04795863201303	4	2	0.565863829618173
chrX	55569258	58550623	1.08393268575014	4.23961331420261	4	2	0.797663210909048
chrX	62470624	124364504	0.96989328276854	3.91739140725709	4	1	0.576719572065053
chrX	124365706	156027976	1.25944341691068	4.78806725449497	5	2	0.986990085136551
