Chromosome	Start	End	Segment	CNF	CN	Call	ProbCall
chr1	16757231	16953540	0.809983874796816	3.50638369370675	4	1	0.888425579185693
chr1	25246375	25385885	-1.56904953454418	0.674060721778565	1	2	0.494431691151584
chr1	145326419	145341635	-0.877471436104265	1.08864121690107	1	-1	0.849900359657845
chr1	146088484	146098060	1.01007061397195	4.02801935033589	4	2	0.509676302944305
chr1	146109791	146124906	2.33297242685562	10.0768472465423	10	2	0.989585236106995
chr1	149536490	149548954	-0.691891476690776	1.23808341922049	1	-1	0.749604207348005
chr1	152600663	152614198	-6.92381400559939	0.0164723019858206	0	2	0.623979535224685
chr1	182858118	182883568	0.742669163311927	3.34653745972545	3	1	0.924935395274247
chr2	95875869	95940034	-1.23450041246081	0.849979285548766	1	-1	0.809248331613851
chr2	97152442	97191307	-0.86887254180085	1.09514921998699	1	-1	0.847700771403535
chr2	97504815	97576429	-1.0068059649849	0.995293574652424	1	-1	0.864682650816801
chr2	169563092	169631058	0.615044995686977	3.06321153008089	3	1	0.944324576824768
chr2	171517245	171785595	0.406228216701657	2.6504332670411	3	1	0.620948233644813
chr2	201537364	201565882	0.858890944699838	3.62728711375284	4	1	0.840297111921278
chr3	5178161	5184814	8.32624768124747	641.919101394085	642	2	0.999999456413994
chr3	52256113	52267104	0.442222240798759	2.71739113896006	3	1	0.759877022071072
chr3	93714064	93906186	0.62459302266605	3.08355167301343	3	1	0.944709334600629
chr3	93910616	94040021	-0.540753069106357	1.3748239895567	1	-1	0.444611867610217
chr3	98149921	98391234	1.03690365823883	4.10363853523807	4	2	0.602711563640768
chr3	155922139	156121046	1.30680162129822	4.94784951076725	5	2	0.96602339942726
chr3	160100986	160282697	0.588501860438196	3.00736892701467	3	1	0.941125776362287
chr3	186669893	186725297	0.505448396771669	2.83912899065229	3	1	0.892568143952846
chr4	9160776	9176074	2.53985775375673	11.6306333296982	12	2	0.991836129760814
chr4	9191058	9210821	-0.627062397919772	1.29498698823585	1	-1	0.666421084489326
chr4	9211027	9222080	1.03505248041457	4.09837637462829	4	2	0.596332532209434
chr4	9250438	9359889	1.01007061397195	4.02801935033589	4	2	0.509676302944305
chr4	9363096	9469954	-0.873709909162604	1.09148332570617	1	-1	0.848959364196052
chr4	54723519	54727332	2.7275981135655	13.2470398864641	13	2	0.993495599858675
chr4	152972336	153066050	0.480579423648965	2.79060788798077	3	1	0.855242936167084
chr4	184635358	184644495	-1.18472155781524	0.879818865823388	1	-1	0.832364107875163
chr4	190066847	190196187	1.12147331739078	4.35138092429011	4	2	0.840964236858506
chr5	17491204	17655459	5.50420498338515	90.7738588489552	91	2	0.999884623484901
chr5	34178929	34193613	1.82551854014618	7.0886875439648	7	2	0.981656505553773
chr5	71202214	71489689	0.387414863389606	2.61609487679548	3	1	0.533034699901922
chr5	72893474	72905396	1.45479845027317	5.48236526011654	5	2	0.972994957962735
chr5	80331635	80360170	2.82018427235997	14.1250519881929	14	2	0.994197803566045
chr5	103005017	103011255	0.377929739495098	2.59895155062488	3	1	0.486804953593284
chr5	112827041	112836688	5.942185432177	122.971947374913	123	2	0.999945426328304
chr5	171389950	171410525	0.854958251033869	3.6174128273928	4	1	0.845107269978491
chr5	178767282	178946574	0.548299163253649	2.92472131631899	3	1	0.92764539724008
chr6	29826895	29942597	1.13316368454504	4.38678403958435	4	2	0.862288305404775
chr6	29942602	30062402	-0.749050885457829	1.1899897233061	1	-1	0.795256775649304
chr6	31166958	31403835	3.24836957427636	19.0058227432148	19	2	0.996641830925377
chr6	31410567	31415203	-3.3796510781803	0.192155865740013	0	2	0.610655069145621
chr6	31979303	32045432	-0.518354533042024	1.39633534985601	1	-1	0.361817339392245
chr6	32288537	32396616	-1.09525905856246	0.936104140135203	1	-1	0.856915178395887
chr6	32401635	32750107	4.46944361753402	44.3064126974612	44	2	0.999400731996684
chr6	32756406	32763575	0.438749236774872	2.71085742273492	3	1	0.748558177635957
chr6	33092941	33176788	0.588652163252743	3.00768225696181	3	1	0.94115416141036
chr6	110888893	110893664	1.25192660193589	4.76318506110603	5	2	0.957206801011989
chr6	137871517	137881396	1.99707467426897	7.98379498459398	8	2	0.984775096734926
chr7	35119633	35162006	-1.5468516418052	0.684512294108099	1	2	0.461818569648779
chr7	50319018	50400774	7.11678022892996	277.58392805677	278	2	0.999993694515791
chr7	92813890	92834147	7.64685359821429	400.831922003674	401	2	0.999997783796912
chr7	142065627	142094610	-0.751045087583526	1.18834596589465	1	-1	0.796543699410956
chr7	144187237	144380108	-0.747321448584652	1.19141708395148	1	-1	0.794126373586974
chr8	6936680	7362983	0.681246005121967	3.20704812962835	3	1	0.940680279905396
chr8	12128332	12357790	0.552112781744396	2.93246274878203	3	1	0.929534561742422
chr8	12358847	12388769	-2.53067022384042	0.346116536471173	0	2	0.675336977271254
chr8	39375698	39668206	2.92709622690655	15.2115601879152	15	2	0.994923917581886
chr8	60780950	60816090	7.35483099091908	327.381954364323	327	2	0.999996035597313
chr8	123780034	145054157	0.405399776506405	2.64891174302882	3	1	0.617243423225678
chr9	21968066	21974385	2.24486221794958	9.47983676917506	9	2	0.98847277196984
chr9	34837642	34895641	0.780923989185497	3.4364619592414	3	1	0.907421997959012
chr9	36840509	37034074	6.90094967950649	239.013729071606	239	2	0.999990470471301
chr9	64118053	64428670	-0.810438996032715	1.14041664698238	1	-1	0.82776660899103
chr9	105521091	105526500	1.33217351690611	5.03563430720684	5	2	0.968074671257199
chr10	37149615	37201378	-1.30636833810738	0.808674857186817	1	-1	0.759704581971728
chr10	47483864	48057480	0.537309107730127	2.90252623605511	3	1	0.921264917467806
chr10	48067302	48184950	-0.788099523356969	1.1582129048925	1	-1	0.817510473396281
chr10	87864277	87964934	7.2074255854441	295.584249412683	296	2	0.999994710241569
chr10	94720342	95065033	0.611741209757791	3.05620477118078	3	1	0.944105828762565
chr10	133421397	133568459	0.456095181632259	2.74364758303038	3	1	0.800470412811362
chr10	133664925	133778707	1.01007061397195	4.02801935033589	4	2	0.509676302944305
chr11	1608345	1630553	1.81038740650452	7.01472918094842	7	2	0.98135718200261
chr11	32635622	32655066	-1.04523755433529	0.969130226699122	1	-1	0.863100741512062
chr11	55343144	55856213	0.784683086249053	3.44542770593863	3	1	0.905278891224052
chr11	89955150	89973954	0.958504845775465	3.8865897880255	4	1	0.638443117242777
chr11	100859586	100933191	0.976808966165272	3.93621484145386	4	1	0.582225566969072
chr11	110247763	110264786	0.796183167484151	3.47300182175893	3	1	0.898168958205605
chr11	123940549	123995018	0.57845665337699	2.98650192848558	3	1	0.938914237015347
chr12	12211	18243	-1.39893282230828	0.758419086912333	1	-1	0.658321537039259
chr12	21376220	21452094	-0.868705431719812	1.09527608052879	1	-1	0.847656307281779
chr12	31114708	31200611	0.810752731601688	3.50825285203939	4	1	0.887840509702214
chr12	40474955	40494219	-1.149411048994	0.901618454950807	1	-1	0.844367279213727
chr12	43795608	43800432	2.66041972708729	12.6443391057937	13	2	0.992939808485441
chr12	64566693	64611410	6.60448165264426	194.61534430863	195	2	0.99998339650055
chr12	111403225	111439011	6.66614582924676	203.113993811584	203	2	0.999985190346915
chr12	112406850	112504889	0.522166919696337	2.87222131779093	3	1	0.90978731114241
chr13	18171403	18731939	0.678040545129904	3.19993044208843	3	1	0.941169082237397
chr13	35098200	35123576	0.456563741692373	2.74453881258755	3	1	0.801714751902785
chr13	40976205	41017372	6.92178123187764	242.48996446911	242	2	0.999990839892125
chr13	48304140	48479697	6.68662261665997	206.017433688838	206	2	0.99998574398654
chr13	52473826	52577286	0.642680889161617	3.12245523573772	3	1	0.944526646862196
chr13	57141246	57169212	1.36466586788837	5.15033354858116	5	2	0.96987078593747
chr13	75302095	75310247	1.48952330213022	5.61592357286091	6	2	0.973956015914111
chr14	19499286	19678766	1.40030804855401	5.27915874449859	5	2	0.971290952955104
chr14	35654227	35760891	0.737234288123067	3.33395420601069	3	1	0.926873796195602
chr14	104947834	104952018	-1.22368548727186	0.856374957030877	1	-1	0.814956344785112
chr15	19810202	22279096	-1.06433178024973	0.956388189773816	1	-1	0.861307503549251
chr15	32450749	32528678	-0.990713940382599	1.00645736550725	1	-1	0.864555711777237
chr15	65752325	65898926	0.783068898872771	3.44157487801705	3	1	0.906209625147834
chr15	82812954	82819574	-6.34838502899828	0.0245457144680487	0	2	0.589476046970308
chr15	84186783	84516815	0.407829408150333	2.6533765134492	3	1	0.628055145143125
chr15	92832588	92915320	6.52510516669689	184.196924970941	184	2	0.999980780977759
chr16	31884406	31916172	1.22529822685527	4.6760755097797	5	2	0.948652260248744
chr17	7670087	7674149	2.16007386899475	8.93875477574657	9	2	0.987306223989886
chr17	12024637	12141397	7.20364088882906	294.809844156312	295	2	0.999994671166165
chr17	31095295	31373680	6.17092878718468	144.100225924153	144	2	0.999963531684298
chr17	37874182	38195978	-0.809887940516436	1.14085232666559	1	-1	0.827532880402207
chr17	46334772	46694009	0.844127761171859	3.59035814099981	4	1	0.857415756019298
chr18	51047824	51078532	5.11772118851426	69.4412584668573	69	2	0.999782216877599
chr19	1208034	1226795	4.99382387150363	63.7266037900256	64	2	0.99973436324953
chr19	4885131	4921971	5.59456505451284	96.6411056035083	97	2	0.999900888850893
chr19	54747401	54818525	-0.60368362450985	1.31614311669843	1	-1	0.622370812597067
chr20	6200249	6214618	2.97786807322471	15.7564221795848	16	2	0.995239354874997
chr22	11477166	11962641	-2.03418185684941	0.488292709566036	0	2	0.719874164533422
chr22	18202302	18529550	0.708850446755231	3.26900242371895	3	1	0.935177821504928
chr22	18610094	18873894	0.618444506687422	3.07043807452193	3	1	0.944502690297241
chr22	23786710	23831850	5.51879568316288	91.6965584873125	92	2	0.999887410163749
chr22	23941098	23983664	0.694137344453446	3.23583342987003	3	1	0.93840378256715
chr22	41160869	41173780	0.746179796548863	3.3546907916328	3	1	0.9236178298308
chrX	2794523	9030403	0.875759968064312	3.66994888167657	4	1	0.817409481973306
chrX	9032104	24995992	0.771301683179141	3.41361814239366	3	1	0.912532783653262
chrX	25004591	46501223	0.958443554189213	3.88642467330177	4	1	0.63862171205783
chrX	46501228	58510623	0.759405938144634	3.38558687149335	3	1	0.918162356968279
chrX	62510624	77830957	0.950832075114272	3.86597437556125	4	1	0.660271146208295
chrX	77841163	91816322	0.768173040911732	3.40622335853079	3	1	0.91408426874727
chrX	91835441	124364504	0.790186386896553	3.45859572463508	3	1	0.901983716403237
chrX	124365706	133027291	0.808231402204459	3.50212700014163	4	1	0.889741819478793
chrX	133027292	155595512	0.872157843727299	3.66079717452052	4	1	0.82261859355318
