Chromosome	Start	End	Segment	CNF	CN	Call	ProbCall
chr2	84915867	92135200	0.657270140846142	3.154191254937	3	1	0.958586040906102
chr6	95123	28944537	0.505417313599976	2.83906782167291	3	1	0.871640914712591
chr8	110810095	145066685	0.593792676160226	3.01841814127113	3	1	0.979815675284483
chr14	102539643	106879812	2.06563545632083	8.37236643865159	8	2	1
chr15	19810202	22258848	0.558690454213453	2.94586323707872	3	1	0.970862702516933
chr21	5011798	8227646	-0.85200741465499	1.10802665320581	1	-1	0.923122088652911
chr21	30089716	30747233	3.54715448291636	23.3792133547925	23	2	1
chr22	15176843	17115694	-1.09287948137637	0.937649421740458	1	-1	0.954874741773551
chr22	17116298	27205126	0.601904566000574	3.03543770568642	3	1	0.979975168051464
