Chromosome	Start	End	Segment	CNF	CN	Call	ProbCall
chr2	88885396	92115200	2.55261578597225	11.733941390644	12	2	0.999974991296852
chr6	26017084	28944537	0.592635894598684	3.01599888363967	3	1	0.904638327391702
chr14	18257823	20784293	-0.79792859420215	1.15034882814334	1	-1	0.865926378618302
chr14	20801227	22320691	2.00243492891705	8.01351351351349	8	2	0.999897236894098
chr14	104117404	106879812	1.71533594442498	6.56746198462026	7	2	0.99978278516366
chr19	53632055	53761222	-4.22019080605221	0.107306486616831	0	-2	0.999840829217291
chr21	30098037	34423966	0.522592179955776	2.8730680813735	3	1	0.89806167767264
chr22	15186843	17070675	-0.764865412325195	1.177016534872	1	-1	0.843673232837049
chr22	17080700	22923034	0.792535119072442	3.46423096345488	3	1	0.693439768682885
