Chromosome	Start	End	Segment	CNF	CN	Call	ProbCall
chr1	1712347	1714397	2.07350316991793	8.41814972659257	8	2	0.99852522743395
chr1	25258956	25384851	-2.00484086254702	0.498325096469459	0	2	0.751462656799476
chr1	36719822	43493979	2.12934359499195	8.75036741586037	9	2	0.998678816460386
chr1	44572876	45206363	0.85438987700263	3.61598796732204	4	1	0.684535287375876
chr1	56912303	57971266	0.923416723753575	3.7932033724757	4	2	0.593863916963351
chr1	57971267	60072736	-0.956290881244911	1.03076047229279	1	-1	0.929304588523429
chr1	60072937	62874473	1.92094541373214	7.57342249405334	8	2	0.998018388197716
chr1	68488795	69297421	1.87657109984387	7.34402566158778	7	2	0.997843592574349
chr1	73522731	106798806	-0.975928144468772	1.01682531649908	1	-1	0.931471524829126
chr1	109681709	109708541	-3.40213993231538	0.189183748601428	0	2	0.609888881440919
chr1	143209147	146020379	0.483892691443186	2.7970241133417	3	1	0.746339573951947
chr1	146088484	146096582	1.32533498737516	5.0118213420375	5	2	0.994058156707726
chr1	148592603	149495284	0.555853783577908	2.9400766823739	3	1	0.865026744589809
chr1	149554446	158718200	0.491810815140577	2.8124175750256	3	1	0.765131041160717
chr1	158724131	159016104	0.668117930173461	3.17799736870195	3	1	0.912873074701555
chr1	159016536	205810502	0.415171230883718	2.66691386661666	3	1	0.508800585557436
chr1	229819619	233582944	-0.988678978729782	1.00787800342305	1	-1	0.932365643573146
chr1	238970870	248937047	0.411837008081801	2.66075745975055	3	1	0.49434918283609
chr2	72132205	85541458	0.474151694954846	2.77820237562446	3	1	0.720830633016354
chr2	88786524	88804828	-0.648697052321747	1.27571224696181	1	-1	0.423774999159007
chr2	95848829	95940034	-0.755473886600028	1.18470356369894	1	-1	0.775619267708583
chr2	97511107	97560805	-2.00641332384115	0.497782244363228	0	2	0.751260154798206
chr2	119882044	126594559	0.522227232909641	2.87234139619504	3	1	0.822813929779936
chr2	165657707	165933124	-1.013595609486	0.990620506072846	1	-1	0.933047386436934
chr3	10202	1803706	-0.9680912544762	1.02236386120533	1	-1	0.93072619772131
chr3	5178161	5184814	8.09284861291657	546.034619439404	546	2	0.999999999961981
chr3	82161819	90694686	0.541842256041215	2.91166072024941	3	1	0.849738926962096
chr3	98149921	98391623	1.13188408338974	4.38289489799641	4	2	0.98780104432976
chr3	108362309	120633127	0.450494401070833	2.73301693802306	3	1	0.647320936987321
chr3	135859308	155919390	0.461479868150791	2.75390705337277	3	1	0.683519434332916
chr3	155922139	156121046	1.32465893768056	5.00947334301646	5	2	0.994050071397674
chr3	156142984	192021701	0.475397326104609	2.780602127276	3	1	0.724243891434123
chr3	192021702	198228341	0.75679954278827	3.37947593917582	3	1	0.880974568259509
chr4	9160776	9359889	0.639436119575235	3.11544040413802	3	1	0.910153646287838
chr4	9363096	9483824	-1.09906885576749	0.933635384066882	1	-1	0.925158412956284
chr4	35143187	38457477	0.465425369251276	2.76144878199124	3	1	0.695645829720789
chr4	51795751	67495287	0.499025888275001	2.82651800743724	3	1	0.78081251479086
chr4	67505121	90642104	0.466512715121323	2.76353084484052	3	1	0.698906472099956
chr4	190066847	190196187	1.07717919552786	4.21981337399377	4	2	0.97700203109687
chr5	10202	9630178	0.514495909844908	2.85698984803975	3	1	0.810152357500598
chr5	17491204	17695659	4.68410271500338	51.4144761988114	51	2	0.999996971996553
chr5	34178929	34193613	1.67910041517623	6.40456424339629	6	2	0.99688260691567
chr5	50136303	53604856	0.45613705458435	2.74372721613909	3	1	0.666360357466154
chr5	70205628	70437648	0.555192591984752	2.93872954487184	3	1	0.86437070622653
chr5	80331635	80360170	2.61394482879968	12.2435059363891	12	2	0.999511913678764
chr5	112827227	112836688	5.94731037722965	123.409562510658	123	2	0.999999929426808
chr5	154895960	169340853	-1.0205213094615	0.985876399420334	1	-1	0.932997830455453
chr5	171308320	174405534	0.452948210953704	2.73766934912202	3	1	0.655715671445928
chr5	174405535	181325424	0.775933279641325	3.42459475719219	3	1	0.861953840587803
chr6	2693115	15579998	0.432643411732642	2.69940867992714	3	1	0.581135940035272
chr6	15585632	32223975	1.02018094999809	4.05634665445745	4	2	0.93333664311657
chr6	32339520	32394180	-0.697581843896179	1.23320971176404	1	-1	0.615084933017134
chr6	32394696	32522163	1.08740254122567	4.24982236734589	4	2	0.980193470269298
chr6	32530093	48229039	1.02735150914327	4.07655790891103	4	2	0.942574957998406
chr6	48229040	58441655	0.562913020284706	2.95449799586636	3	1	0.871657666580237
chr6	105278037	105853030	-1.02433733774952	0.983272133822926	1	-1	0.932927066508097
chr6	105853231	110887675	-0.97270844612448	1.01909712488796	1	-1	0.931183877558696
chr6	110888893	110892531	3.04843181479139	16.5462435149632	17	2	0.999812290856466
chr6	110892786	111503431	-0.860298269537438	1.10167732639415	1	-1	0.898807222048625
chr6	137871517	137881396	1.82974854248153	7.10950217593671	7	2	0.997644014965396
chr6	158841667	164541995	0.586138678681122	3.0024467905655	3	1	0.889159901733954
chr6	164542196	170745612	0.725907522893066	3.30788143096388	3	1	0.900583565843258
chr7	13744	2753933	-0.899966230182329	1.07179855031784	1	-1	0.916454373613109
chr7	6823258	10327793	-1.04209320110326	0.971244749082006	1	-1	0.932193613949539
chr7	35119633	35162006	-1.04137391774616	0.971729102561504	1	-1	0.932236274988253
chr7	50319018	50400774	6.74082115461447	213.904222952049	214	2	0.999999994841861
chr7	74357215	76515398	0.467855647644755	2.7661044748756	3	1	0.702885199722601
chr7	80199180	92774828	0.47417801471489	2.77825306013144	3	1	0.720903219173764
chr7	92813890	92834147	8.09254585216376	545.920041859005	546	2	0.999999999961937
chr7	92834348	103175566	0.517873989053272	2.86368734519168	3	1	0.815839059630504
chr7	103279764	103749510	0.483801777688785	2.7968478599104	3	1	0.746113873910803
chr7	114463156	159304947	0.512563133164982	2.8531649051439	3	1	0.806787457370787
chr8	64084	7257045	-1.95050886486012	0.517449915703743	1	2	0.758469748934346
chr8	7372994	30921171	-1.02875003712562	0.980269243118913	1	-1	0.932806901687456
chr8	30921372	37388084	-1.02750259096416	0.981117212989199	1	-1	0.932845035731486
chr8	39284724	40514189	0.912816335902987	3.76543446430546	4	2	0.536115204402014
chr8	42730422	43957107	0.606171753052351	3.04442917983755	3	1	0.899787050777368
chr8	45957108	60618676	0.501443093721454	2.83125774895788	3	1	0.785771690606009
chr8	60620629	60816578	7.43762197268982	346.718732120971	347	2	0.999999999559027
chr8	60819991	112472777	0.484145468633167	2.79751422789726	3	1	0.74696590727046
chr8	112492490	136887351	0.73613966721752	3.33142558301564	3	1	0.895355307103422
chr8	136887352	145054157	1.13079505670853	4.3795876928659	4	2	0.987690466012892
chr9	21939231	21974385	1.84734235232096	7.19673408349608	7	2	0.997720899166187
chr9	29369203	35842020	0.714633132590707	3.28213170563336	3	1	0.905121844231594
chr9	35842131	38662386	1.33333761661536	5.03969916214621	5	2	0.994152139494499
chr9	38662387	43216461	0.458340322623614	2.74792060747894	3	1	0.673539220339241
chr9	105521091	105526500	0.652802564565788	3.14443881695691	3	1	0.912102520586742
chr10	47062	27024605	0.51441855489553	2.85683666502184	3	1	0.810019257786288
chr10	27028775	37149747	0.518088130327545	2.86411243791998	3	1	0.816191359467264
chr10	37149806	37197457	-1.4199411043311	0.747455137329915	1	-1	0.520184815069276
chr10	37199684	39611402	0.525824767420195	2.87951286448654	3	1	0.828288766298868
chr10	87864277	87964934	7.42652131031912	344.061179235708	344	2	0.999999999540862
chr10	104534862	108564667	-1.06796427014978	0.953983176645221	1	-1	0.929917937106997
chr10	133679261	133778707	1.32533498737516	5.0118213420375	5	2	0.994058156707726
chr11	1608345	1630553	0.929727270118473	3.80983170608682	4	2	0.627704905833604
chr11	32583825	43838566	-1.01267380080106	0.991253664401137	1	-1	0.93304627585448
chr11	54535524	56989796	0.437362509077069	2.70825298115062	3	1	0.599472427171898
chr11	110247763	110264786	0.701750670523074	3.25295456175575	3	1	0.908919336639405
chr12	40473069	40524664	-0.735451926016406	1.20125969448931	1	-1	0.729673851386477
chr12	43795608	43804659	0.972854283681886	3.9254397547678	4	2	0.822086766855708
chr12	64566693	64611410	6.36496022056748	164.844303262374	165	2	0.99999998174876
chr12	98634107	99246655	-1.13849529226569	0.908466176984858	1	-1	0.915418075609994
chr12	111403225	111439011	6.54998182897651	187.400608719209	187	2	0.999999990147786
chr13	19131587	25234110	-0.99637533751093	1.00251558336828	1	-1	0.932722886258379
chr13	27089774	27116660	1.58372147935845	5.99484095649827	6	2	0.996291592683538
chr13	40976205	41017372	6.778388829579	219.547428977837	220	2	0.999999995464898
chr13	48304140	48479697	6.60575476183406	194.787158815174	195	2	0.999999991835865
chr13	52532562	52657490	2.17840511054039	9.05305745554555	9	2	0.998801480294947
chr13	57141246	57169212	2.2007738516633	9.19451739317526	9	2	0.998853850780516
chr13	59707041	114346545	-1.00577964754351	0.996001867499883	1	-1	0.932980079802777
chr14	35625252	35760891	0.879472614607246	3.6794053290448	4	1	0.578925172103651
chr14	105916640	106874939	-0.780972375695941	1.16394882114147	1	-1	0.82115230198718
chr15	19810202	22573064	-1.10710331552304	0.928450360936971	1	-1	0.923535413339222
chr15	22573067	23119999	0.463365505570098	2.75750882999535	3	1	0.689372644023281
chr15	58538302	62776919	0.451710943445901	2.73532250713973	3	1	0.651504891726799
chr15	82430049	82810303	0.473720151850558	2.77737147598864	3	1	0.719637628536993
chr15	82812954	82819574	-6.03321885232912	0.0305386722278026	0	2	0.702536619476299
chr15	92832588	92915320	6.56058008088895	188.782350433059	189	2	0.999999990492732
chr16	12355980	20792424	0.587625123824616	3.00554188153784	3	1	0.890078935686583
chr16	20796266	26616471	0.491124125774323	2.81107924804477	3	1	0.763568133132592
chr16	59494427	64621511	-1.06831076278866	0.953754085639711	1	-1	0.929877462420985
chr16	68138508	70811438	-0.951431533118433	1.03423817809745	1	-1	0.928608790098529
chr16	71064669	90096162	-0.988268300485543	1.00816494728515	1	-1	0.932342790038512
chr17	62040	3154905	-0.98102539999738	1.01323906097941	1	-1	0.93187523842427
chr17	10120002	11146008	0.82675790365378	3.54738988883843	4	1	0.770670278091292
chr17	11146009	12021059	-0.981626374817047	1.01281706996058	1	-1	0.931918727659193
chr17	12021062	12141397	6.21360825176814	148.42684659961	148	2	0.99999997001711
chr17	15331957	20590379	-0.954777770584059	1.03184210963862	1	-1	0.92909505230679
chr17	31095295	31373680	6.0408681380743	131.677782747609	132	2	0.999999947625037
chr17	37927397	38195978	-1.0274127971167	0.981178279970479	1	-1	0.932847654108019
chr17	41084109	41302845	-0.644968411420013	1.27901358565777	1	-1	0.40838930675305
chr17	47708305	48184983	0.497865923229243	2.82424632542231	3	1	0.778381063987823
chr17	58999294	59315445	-1.00351735045131	0.997564928061095	1	-1	0.932935941867239
chr18	51047024	51078532	4.4576625280154	43.9460784993361	44	2	0.999994364552663
chr19	1208034	1226795	4.47288569202401	44.4122479866987	44	2	0.999994592330693
chr19	4885131	4921971	5.46222566672856	88.1705935568019	88	2	0.999999682945834
chr19	5366381	5763329	0.663484596531645	3.16780734089281	3	1	0.912804075535452
chr19	8251016	24448208	0.605854611561078	3.04376000952221	3	1	0.89964679289687
chr19	54667681	54739706	1.32533498737516	5.0118213420375	5	2	0.994058156707726
chr19	54747401	54783606	-1.26146227615625	0.8342419260092	1	-1	0.841006048078162
chr19	54786383	54817564	1.34888191609053	5.09429291876574	5	2	0.994326478337893
chr19	54818359	54839603	-1.49742941212172	0.708367824164014	1	2	0.591588165319532
chr19	54850504	54909550	1.24402517922854	4.73716912408545	5	2	0.992825899455249
chr19	58346705	58599432	0.522331455017624	2.87254890525279	3	1	0.822976164005323
chr20	4932831	12244006	0.570558621201537	2.97019699883793	3	1	0.878111293068272
chr20	59987364	64327990	0.594229837815361	3.01933291298281	3	1	0.8938999443506
chr21	13979775	21818257	0.649432800351923	3.13710278824479	3	1	0.911724182078415
chr22	18345782	18517837	0.47826486096756	2.78613441421048	3	1	0.731931414391448
chr22	23786710	23831850	5.25633650552192	76.4442723559363	76	2	0.999999413277761
chr22	23941098	23983664	0.535035822691091	2.89795626562192	3	1	0.84118166278845
chr22	26493975	27740532	-0.986650322182976	1.00929623559818	1	-1	0.932248965295002
chr22	50206359	50799120	-0.967802152095066	1.02256875373962	1	-1	0.930695740866458
chrX	2789563	6151478	0.630255237995833	3.09567761817689	3	1	0.908107392378898
chrX	6151679	15456156	1.35899530359335	5.13012971090529	5	2	0.99443483355583
chrX	15459493	20188597	0.635336895805609	3.10660086370215	3	1	0.909312714009384
chrX	20193299	22007362	0.598974633782204	3.02927936891351	3	1	0.896391068522499
chrX	22794630	30808894	0.655863689383663	3.15111780206203	3	1	0.912380822440356
chrX	30828220	39093101	1.19420863392758	4.57638565448455	5	2	0.991519159105119
chrX	44634186	45111334	6.90449320659149	239.601512758392	240	2	0.999999997065551
chrX	45111353	55878565	0.634045004725479	3.1038202389468	3	1	0.909023514834179
chrX	55878566	58550623	1.18075368801828	4.53390350961866	5	2	0.991004441944752
chrX	62470624	70404051	1.42064996639823	5.35412182755112	5	2	0.995031477839443
chrX	70404725	75742832	0.653166538547149	3.14523221976611	3	1	0.91213886727775
chrX	75742935	84635665	1.37995111927816	5.20519105891945	5	2	0.994648692378275
chrX	102514940	102566676	2.55310824720371	11.7379474330975	12	2	0.999444668487744
chrX	103088854	103215860	1.9786006399804	7.88221247670549	8	2	0.998226172369986
chrX	112112760	124364504	0.686923232013688	3.21969322117762	3	1	0.911660184049726
chrX	124365706	134897102	0.656860253422807	3.1532952376584	3	1	0.912458025441228
chrX	134899024	135719118	0.844278029086523	3.59073212421442	4	1	0.719668222308187
chrX	135882950	156027976	0.640093191632521	3.11685964730084	3	1	0.910277679989444
