Chromosome	Start	End	Segment	CNF	CN	Call	ProbCall
chr1	1450567	1512483	-0.714804909811	1.21857503582331	1	-1	0.793722608879234
chr1	25258956	25390915	-1.33960181708021	0.790259392860027	1	-1	0.770671710223415
chr1	103546308	103571735	-4.85439972793724	0.0691369261259146	0	-2	0.593914904602915
chr1	120197780	120839789	0.412939942158117	2.66279237498465	3	1	0.520751171898611
chr1	143199147	144335335	0.538172339791385	2.90426347322527	3	1	0.866057829359003
chr1	146078084	146098060	1.02294131633228	4.06411525495831	4	2	0.575270881013724
chr1	146109791	146126389	0.759859372776479	3.38665111831176	3	1	0.923822161475667
chr1	146144630	146298705	0.823370600413115	3.539070743296	4	1	0.885922438571162
chr1	148592603	148679715	0.462192236439795	2.75526720255453	3	1	0.700110113196697
chr1	149536490	149548372	-0.732343968808376	1.20385032380275	1	-1	0.808468139253198
chr1	152600663	152614198	-5.63346685422911	0.0402890932254148	0	-2	0.556663407485679
chr1	182858118	182881271	0.490615055387148	2.8100875036276	3	1	0.778538532633092
chr1	207477872	207611668	0.466793372432329	2.76406850564934	3	1	0.714211002848657
chr2	63920433	63947500	-0.870633500497757	1.09381329243972	1	-1	0.865654413150358
chr2	86865614	86878974	-1.73035244851807	0.602756643194804	1	2	0.498299526667569
chr2	95848829	95948662	-0.908545762910089	1.06544360887402	1	-1	0.871849382718737
chr2	97144535	97191307	-0.823654627878847	1.13001770132459	1	-1	0.853836572252671
chr2	97504815	97576429	-0.907565937202756	1.06616746498662	1	-1	0.87172113505105
chr2	113074244	113439158	0.593676003636174	3.01817404795028	3	1	0.917155704520726
chr2	174380083	174387854	-5.12963200209758	0.0571290360674508	0	-2	0.584852464177075
chr3	5178161	5184814	8.00452818778907	513.60953931636	514	2	0.99999998310994
chr3	93734064	93928841	0.512696569303541	2.85342880909014	3	1	0.825447126946364
chr3	98149921	98391234	0.851831771063117	3.60958198129061	4	1	0.857162836218435
chr3	155925197	156121046	1.08610504974188	4.24600199689166	4	2	0.784303722094824
chr3	160357459	160375948	-1.28890915614654	0.818520720712564	1	-1	0.805122454230448
chr4	68471414	68669987	0.512237140448651	2.85252027417564	3	1	0.824588480312489
chr4	190071035	190196187	0.517916689287173	2.86377210456605	3	1	0.834872452512417
chr5	17491204	17685659	2.25439792717012	9.54270270394603	10	2	0.992436314793612
chr5	34179498	34223813	1.50926825847264	5.69331237585072	6	2	0.977320600284727
chr5	70421269	70512268	-0.777848433022975	1.16647191081727	1	-1	0.836075980748506
chr5	72891729	72905396	1.39032871878086	5.24276804665304	5	2	0.97319550465857
chr5	80331635	80360170	2.52997436326056	11.5512282966405	12	2	0.995140214214872
chr5	103005017	103011255	0.753283995488775	3.37125088570206	3	1	0.926220613691658
chr5	112827041	112836688	6.00153377630138	128.136153349737	128	2	0.999996164838817
chr5	171391180	171410525	1.22946421643157	4.68959786531492	5	2	0.956327519991182
chr6	29100865	29262987	0.762409600908037	3.39264293966933	3	1	0.922827341297651
chr6	29791232	29797299	-2.57029524333105	0.336739474413545	0	2	0.500554518096714
chr6	29826895	29943037	2.30896105021281	9.9105220150285	10	2	0.993060070815856
chr6	31166958	31272075	2.29394747177409	9.80792176953559	10	2	0.992893221805742
chr6	31869475	31880461	0.861568598267016	3.63402563917323	4	1	0.845038161344859
chr6	31980662	32045432	-1.26961565534855	0.829540512120186	1	-1	0.815866600291774
chr6	32443676	32763575	2.30414911302972	9.87752171613024	10	2	0.993006982319692
chr6	33092941	33133587	2.07387358511208	8.42031138294753	8	2	0.989998829529901
chr6	42187754	42208984	-1.12334190053391	0.918058568213446	1	-1	0.865780661940918
chr6	110888893	110893664	1.26347086428672	4.80145236342181	5	2	0.96372038811324
chr6	137871517	137881396	1.56887221349396	5.93345415723854	6	2	0.97911687399272
chr7	32584354	32679124	0.557234807082646	2.94289242574491	3	1	0.888538045236835
chr7	35121384	35162006	-0.919495236059754	1.0573879301943	1	-1	0.87317549240953
chr7	38349116	38385086	-0.882517176866681	1.08484040891809	1	-1	0.8678797633518
chr7	50319018	50400774	6.97003324745847	250.737374454273	251	2	0.999999686585859
chr7	92813890	92834147	7.77886388338284	439.239467886027	439	2	0.999999967360921
chr7	99649912	99861962	0.472473528280993	2.77497260361121	3	1	0.730876030111341
chr7	102480350	102667259	0.837533157162117	3.57398395397367	4	1	0.872762877889777
chr7	144187237	144397682	-0.717267469643892	1.21649680429212	1	-1	0.795969666436086
chr8	64084	7216688	-0.70294889288907	1.22863050360299	1	-1	0.781987554319843
chr8	7362780	8215076	-1.87918577918054	0.543674180736594	1	2	0.562014159095682
chr8	12015111	12727311	-1.17064396303991	0.888446024844035	1	-1	0.854787698396024
chr8	39375698	39668206	4.52578906040218	46.071065548718	46	2	0.99988641818165
chr8	53879214	54520380	0.786039079445754	3.44866759564962	3	1	0.911741683095496
chr8	60620629	60816090	7.06962641267614	268.657892769165	269	2	0.999999760782313
chr8	94467427	94866268	0.682939289480098	3.21081443669278	3	1	0.93867378644061
chr8	123777275	123780154	-1.87163174649376	0.546528355230562	1	2	0.560752447824446
chr9	21968066	21974385	1.77878432311577	6.86273821603205	7	2	0.984495549439503
chr9	33543053	33638570	-0.722708886481959	1.21191718187895	1	-1	0.800721672919023
chr9	34838268	34895641	0.939199425841197	3.83492782500536	4	1	0.690658419343397
chr9	36840509	37034074	6.68256093059009	205.438238979343	205	2	0.999999325403623
chr9	105521091	105526500	1.13748951102606	4.39995726353535	4	2	0.888656872409053
chr10	37149615	37199805	-1.24502729033034	0.843799834479517	1	-1	0.827906249441256
chr10	47483864	48057480	0.69626717327116	3.24061396955846	3	1	0.938061644708602
chr10	48067302	48180982	-0.849003408443018	1.11033621039776	1	-1	0.860859902696449
chr10	87864277	87964934	7.38647209933555	334.64139323141	335	2	0.999999900289762
chr10	94694802	95065033	0.598912832562486	3.02914960541896	3	1	0.920033693294957
chr10	133665184	133778707	1.06334858393316	4.17955279288751	4	2	0.717261295862379
chr11	32635622	32699330	-1.94368055975229	0.519904821705421	1	2	0.567121761012914
chr12	31114708	31615139	0.503541786025192	2.83537938426725	3	1	0.80742014150618
chr12	40474955	40491243	-1.37807038173014	0.769466070841131	1	-1	0.737588368440434
chr12	43796896	43804659	1.32965726474417	5.02685914552375	5	2	0.970246362300359
chr12	52702766	53034836	0.613592343885657	3.06012873009357	3	1	0.92676913775403
chr12	56107061	56117475	0.612600129182971	3.05802484759528	3	1	0.926371545436679
chr12	63595950	63647427	-1.00594858935309	0.995885240977069	1	-1	0.877326377052384
chr12	64497635	64622708	6.5127782197589	182.629779564645	183	2	0.99999894882841
chr12	78960758	80456351	0.445101559274925	2.72281990058918	3	1	0.643232500927225
chr12	80456541	82477414	0.803734536225165	3.49122790040795	3	1	0.900936714220338
chr12	111403225	111439011	6.865636954079	233.234428353397	233	2	0.999999585040678
chr13	18171403	18477492	0.740943802192554	3.3425376301073	3	1	0.930103987107273
chr13	19032432	19131386	1.18046705017901	4.53300279312997	5	2	0.933204774268325
chr13	19450006	19465630	-2.06153158566917	0.479123145597951	0	2	0.560790049069621
chr13	38354283	38360117	-1.05371061819126	0.963455128501184	1	-1	0.875087477896953
chr13	40976205	41017372	6.94412446629492	246.274674446303	246	2	0.99999966389663
chr13	43837241	43869435	-1.0956450512972	0.935853719183911	1	-1	0.870392653815743
chr13	48304140	48479697	6.60375613357067	194.517498511121	195	2	0.999999170488478
chr13	52532562	52657490	0.505280260100081	2.83879812801704	3	1	0.810994155224033
chr13	57064747	57169212	1.74490867938412	6.70347274329022	7	2	0.983719190667425
chr13	75302095	75310247	1.74294273119966	6.69434419946358	7	2	0.983673113736035
chr13	109046820	110880140	0.500602645310232	2.82960886749487	3	1	0.801213225176199
chr13	110883635	114346545	1.16539898215588	4.48590473259538	4	2	0.920996129354769
chr14	35625252	35775132	0.563313215492924	2.95531767009715	3	1	0.894502692493262
chr14	39277008	39302193	0.61712676337923	3.06763484732339	3	1	0.928121870327232
chr14	39302198	39318114	-1.65079220397298	0.636930470209899	1	2	0.427001296953191
chr14	87950652	87982355	-0.572373322105437	1.34501911670294	1	-1	0.488287445445737
chr14	105916640	106874939	-0.608876364556835	1.31141439441246	1	-1	0.606672818640014
chr15	19780202	22372296	-1.90999255113179	0.532187838991613	1	2	0.565596773988076
chr15	53597094	53883552	0.828375619933207	3.55136986301369	4	1	0.881513202944516
chr15	82812954	82819574	-6.9880163592674	0.0157553284510576	0	2	0.593941254547463
chr15	92832588	92915320	6.32333668885477	160.156294357523	160	2	0.99999828957946
chr15	94169597	95606340	0.860715500493332	3.63187739392907	4	1	0.846152666816272
chr15	97265374	99690653	1.06956142238073	4.1975904778747	4	2	0.736743405635686
chr16	14895982	15029002	0.572117993306954	2.97340914432267	3	1	0.902229280145858
chr16	21457801	21479609	-1.13362669884763	0.911537112760271	1	-1	0.863738979717612
chr16	21890042	21910041	-0.733503873580061	1.20288283550961	1	-1	0.80934705534011
chr16	29087372	29104264	-0.733370057681949	1.202994413014	1	-1	0.809246217730319
chr16	31874990	31885301	1.38552724740625	5.2253484555707	5	2	0.97300002152414
chr17	3154020	3197671	4.33665499290044	40.4104074504151	40	2	0.999831084814311
chr17	7670087	7672818	3.61730712599537	24.5441470430091	25	2	0.99929299587836
chr17	12024637	12141397	7.15300409323886	284.641871913985	285	2	0.999999809548258
chr17	31095295	31222076	6.66379107608089	202.782743482206	203	2	0.999999291262188
chr17	31222081	31373680	5.42167271583535	85.7267007246622	86	2	0.999984556269801
chr17	41238057	41309469	-0.816494192451188	1.1356401867585	1	-1	0.851535353457452
chr17	46337327	46704895	0.815782093971145	3.52050427378497	4	1	0.892138899294142
chr17	48189727	48662937	0.549812621400844	2.92779110291252	3	1	0.880497774008818
chr17	67692519	67724269	-1.43420307953993	0.740102461876559	1	-1	0.676751189482826
chr18	51047824	51078532	4.70340685496165	52.1070565029307	52	2	0.99992236057415
chr18	58919432	60197113	0.678713265228861	3.20142289851639	3	1	0.938696107341194
chr19	1208034	1226795	4.78605684092115	55.1793608567931	55	2	0.999935123287016
chr19	4885131	4921971	5.75920565384071	108.323740638046	108	2	0.999993068659884
chr19	15238596	17523491	0.555847043135568	2.94006294601902	3	1	0.887099663852185
chr19	17527227	21118234	0.739420974715051	3.33901129742228	3	1	0.930529600723266
chr19	27248209	31349246	1.68291423502299	6.42151735360933	6	2	0.982210504518793
chr19	31349484	34944952	0.633283313206902	3.10218196509151	3	1	0.933128808669225
chr19	54632483	54739706	0.765342114204167	3.39954605401826	3	1	0.92163745855493
chr19	54804788	54817564	0.576079771174994	2.9815856303464	3	1	0.905377102916085
chr19	54818359	54855942	-1.24101191419602	0.846151608804899	1	-1	0.829708269293322
chr19	54865686	58599432	0.420819857666307	2.67737618210366	3	1	0.552133578286643
chr20	6149806	6214618	2.80392011847655	13.9667081049523	14	2	0.99692751301673
chr20	30090650	30270649	-1.64963101095346	0.637443327687242	1	2	0.425813005532324
chr20	41113903	46794227	0.542468972579987	2.91292584023946	3	1	0.871661324539701
chr22	18202302	18887005	0.580689032466377	2.99112672103027	3	1	0.90879876998137
chr22	23786710	23942860	3.35309496643674	20.436765367602	20	2	0.998840435217415
chr22	41160869	41176427	0.737154895775101	3.33377074161799	3	1	0.931141773622056
chr22	45702673	45734484	-0.958547173322795	1.02914968211071	1	-1	0.876389938551792
chrX	2789563	13038585	0.967504774866093	3.91091118870349	4	1	0.603922738402272
chrX	13039780	46471274	1.01517374589135	4.04229257589023	4	2	0.546410143364721
chrX	46472683	49346488	0.897314916720149	3.72519233910999	4	1	0.788053764827205
chrX	49600659	58540623	0.892204375542093	3.71201972200579	4	1	0.797537719409192
chrX	62470624	124353251	0.99742665170241	3.99287152298643	4	1	0.496710189977844
chrX	124364259	156003464	1.00944132889637	4.02626276307924	4	2	0.525122167902127
