Chromosome	Start	End	Segment	CNF	CN	Call	ProbCall
chr1	162541331	240013226	-0.60382288760983	1.31601607576528	1	-1	0.977324928216514
chr2	64253060	92115200	0.726775767951403	3.30987278466606	3	1	0.923853531922655
chr3	93713976	125679781	-0.543299097564394	1.37239987769208	1	-1	0.926310904579827
chr3	125681304	198228376	0.530367892162648	2.88859489869957	3	1	0.990843020717833
chr4	91603274	190196190	-1.2225098001228	0.857073122172755	1	-1	0.98375934052781
chr5	50136171	118825659	-0.711325956613812	1.22151708592198	1	-1	0.990094595139648
chr6	95123	28944537	0.507117705764782	2.8424159822864	3	1	0.983678270827824
chr6	28969129	30697535	-0.46808232531458	1.44584978685606	1	-1	0.666818423627241
chr6	108292765	170745977	-0.464109976620711	1.44983630766687	1	-1	0.64494366158565
chr7	12703	16881987	-0.63497491767475	1.28790402048353	1	-1	0.984854137795952
chr8	109119785	145066685	1.03976164481552	4.11177592252305	4	2	0.999479213071147
chr9	60546919	74353497	0.681736716292594	3.20813914468614	3	1	0.975805245027779
chr12	16037483	34690158	0.609321547573263	3.05108325554324	3	1	0.994740441518955
chr12	128244505	133238549	0.661424627409979	3.16328737754612	3	1	0.985270107664452
chr13	49247924	114346637	0.619521455962076	3.0727309641991	3	1	0.993882706021518
chr14	103550344	106879812	1.17340317182964	4.51086206631842	5	2	0.999767927575293
chr16	13953154	36232716	0.429253343471298	2.69307301226877	3	1	0.857525110699678
chr17	39941473	41397592	1.15588694026056	4.45642535273043	4	2	0.999789275538623
chr18	11102	15410482	0.781606386314458	3.43808779588579	3	1	0.716050675199161
chr19	53632055	53761222	-4.21531557503003	0.107669715720563	0	-2	1
chr21	29077470	33482195	0.592867299070341	3.01648268068847	3	1	0.995470273301414
chrX	253742	18396095	-1.27152664747439	0.828442431168792	1	-1	0.980723064274352
chrX	62466334	156027877	-0.847069243666418	1.11182579298773	1	-1	0.991237813050902
