Chromosome	Start	End	Segment	CNF	CN	Call	ProbCall
chr1	1444921	1495978	-1.46591823647379	0.724010117690617	1	-1	0.750887045800692
chr1	72307731	72332730	7.23143211435419	300.54393873403	301	2	0.999954080152215
chr1	120774054	120870830	-0.92867321835546	1.05068250481675	1	-1	0.893738454787704
chr1	121609147	121974146	-0.842789552976174	1.11512887156162	1	-1	0.87721160347687
chr1	143189147	143274146	-1.16937904695808	0.889225331932372	1	-1	0.884836734191279
chr1	143274147	145330666	0.527859451137054	2.88357680816132	3	1	0.815829135552892
chr1	145341652	145393227	1.3200560556062	4.993516213838	5	2	0.941490097956565
chr1	163104971	163139970	-1.66609926344656	0.630208333333334	1	-1	0.492821010896162
chr1	189001979	189036978	-1.87220660119552	0.546310629514964	1	2	0.501071942588423
chr1	189831979	189956978	-0.666099263446565	1.26041666666666	1	-1	0.699433726275951
chr1	219822244	219882243	-0.674733736209408	1.25289565170326	1	-1	0.717564480177119
chr2	41000583	41090582	-0.812728639474612	1.13860817291488	1	-1	0.866000646488664
chr2	59488873	59678872	-0.642935411058443	1.28081720177474	1	-1	0.644250173655216
chr2	67950281	68005280	-0.804315405161535	1.14526748971193	1	-1	0.86208257552849
chr2	94525621	94555620	-4.28187794669098	0.102814956459701	0	-2	0.662501743629742
chr2	97504815	97558939	-0.851619374093881	1.10832471835481	1	-1	0.879816118003562
chr2	116212675	116362674	-0.576055740593591	1.34159038961063	1	-1	0.443463808603849
chr2	139320508	139495507	-0.628031222613041	1.29411764705882	1	-1	0.603956085302413
chr2	156130540	156210539	-1.45701338844508	0.728492796385771	1	-1	0.758475849480464
chr2	166989129	167109128	-0.711223861369156	1.22160353211818	1	-1	0.780035258940269
chr2	186193414	186343413	-0.908582618818776	1.06541639079281	1	-1	0.891321262471938
chr3	5178161	5184814	8.35729107701261	655.881365758945	656	2	0.99999231738636
chr3	29949567	30003962	-1.26100602865072	0.834505793963505	1	-1	0.863481385133987
chr3	86995967	87131922	-1.00000000000001	0.999999999999993	1	-1	0.897676414830733
chr3	93709064	93839063	-0.814449300102869	1.13725099738762	1	-1	0.866755175440174
chr3	94747117	94887116	-0.728207796938612	1.20730668591791	1	-1	0.802065839990426
chr3	94887117	94943384	0.459431618637296	2.75	3	1	0.648554264348817
chr3	156019674	156126246	0.723602189440028	3.30259987110135	3	1	0.928241332877966
chr3	156126247	162794159	0.459431618637299	2.75	3	1	0.648554264348827
chr3	163044160	168677208	0.53723657907174	2.90238032091968	3	1	0.83104628861499
chr3	168677209	173292952	0.69624960598405	3.24057450976425	3	1	0.929693860417471
chr3	173292953	178199749	0.497399468836319	2.82333333333334	3	1	0.754299852270033
chr3	178264750	198233541	0.49347742207019	2.81566836806372	3	1	0.74491495531234
chr4	4064390	4157180	1.46420099096849	5.51821241082244	6	2	0.948420038784074
chr4	9160776	9175774	3.43230033635557	21.5901346575316	22	2	0.992861606514141
chr4	9175859	9208469	-2.0469854682337	0.483978388368605	0	2	0.556122254353315
chr4	9210624	9368010	1.38578123299824	5.22626845599575	5	2	0.944764978802808
chr4	54723519	54727332	2.68531742859775	12.8644460368868	13	2	0.984004870722273
chr4	61272996	61402995	-0.647065243029807	1.27715600103526	1	-1	0.654774541254439
chr4	68715840	68800839	-0.762960802699153	1.17857142857143	1	-1	0.836021756239731
chr4	110653316	111240936	-0.746675719111661	1.19195046439629	1	-1	0.821772160603959
chr4	115722281	115867280	0.596935142387227	3.02499999999999	3	1	0.896256688068925
chr4	115867281	118010629	-0.598398700392604	1.32097329360225	1	-1	0.514982766619807
chr4	120071955	120356954	-0.659212877861323	1.26644736842105	1	-1	0.684017936391738
chr4	142826506	143166505	-0.741193655137085	1.19648834601091	1	-1	0.816344317684427
chr4	171201595	171231594	0.99486478399712	3.9857874675039	4	2	0.604255401856887
chr4	186955088	187175087	-0.609676452220192	1.31068731380444	1	-1	0.549976958856849
chr5	34178929	34198813	1.53680225341911	5.80301337237375	6	2	0.951621173625419
chr5	34198814	34363813	-0.681580690889776	1.24696356275304	1	-1	0.73100093940662
chr5	52837076	52859692	-9.37086101974318	0.0030207844952369	0	-2	0.723658682855292
chr5	57827971	58332970	-0.610957709254095	1.30952380952381	1	-1	0.553876647653789
chr5	80326702	80360170	2.14073267461719	8.81971889595073	9	2	0.972386804395208
chr5	100846876	100958193	0.712412359807169	3.27708333333334	3	1	0.929354285823377
chr5	112827041	112864464	3.15996296147287	17.8761352665505	18	2	0.990348297550657
chr5	126275222	126300221	-7.90454301552065	0.00834690452631245	0	-2	0.760940161016232
chr5	147916796	148056795	-0.651764592030927	1.27300263718726	1	-1	0.66639427312375
chr6	29791232	29888195	1.04476124649071	4.12604983526037	4	2	0.782125922587277
chr6	29888441	29930778	-0.904856970230811	1.06817130202914	1	-1	0.890794302157115
chr6	30953289	31542507	0.918506353742308	3.7803147372304	4	1	0.669938462375526
chr6	32255707	32515364	-0.674767664176552	1.252866187609	1	-1	0.717633101561612
chr6	32517622	32676911	7.9015113590625	478.213603181752	478	2	0.999983900792956
chr6	32676912	32716911	-1.4604565812377	0.726756219907748	1	-1	0.755577796008422
chr6	33092941	33176788	0.685283470011776	3.21603580832113	3	1	0.929089552070814
chr6	71753943	71843942	-0.956891713903089	1.03033128553239	1	-1	0.89607619248483
chr6	103283810	103323809	4.84543186649574	57.4976810495373	57	2	0.998692344265216
chr6	105833154	105853030	3.49125149118534	22.4906194355218	22	2	0.993320236681547
chr6	110888893	110893102	1.28290023085852	4.86655287789913	5	2	0.939443406671495
chr6	137871517	137891596	1.24696509978216	4.74683235867447	5	2	0.937074080978785
chr7	47549376	48775822	0.485426827170243	2.8	3	1	0.724546224699759
chr7	50309370	50400774	7.23456329830092	301.196939050659	301	2	0.999954299504467
chr7	51528107	51598106	-0.782501938961406	1.16271544203022	1	-1	0.849913843217812
chr7	61180237	61220236	2.13310347421977	8.77320192530412	9	2	0.972182142539961
chr7	61220237	61255236	-5.28787165507215	0.0511943477613832	0	-2	0.720422543737894
chr7	61255237	61405236	0.488344310552535	2.80566801619433	3	1	0.73210055076686
chr7	61405237	61605236	-2.47994682972012	0.358502024291499	0	2	0.519386299289283
chr7	61605237	61740236	1.11507434251062	4.33212341197822	4	2	0.899721509665893
chr7	88349414	89517254	-0.666099263446565	1.26041666666666	1	-1	0.699433726275951
chr7	92805029	92834147	7.22051375324322	298.277997992879	298	2	0.999953307382623
chr7	103210328	103248326	-1.27659685627485	0.825536062378171	1	-1	0.85851120118651
chr7	142818518	142843517	-1.34792330342031	0.785714285714284	1	-1	0.829452973611214
chr7	159284948	159334947	-0.68919008216703	1.24040385763987	1	-1	0.744975311270995
chr8	7325396	7398314	1.17848698581275	4.52678562287431	5	2	0.928415023617079
chr8	7398315	8230922	-0.589536167934961	1.32911306042885	1	-1	0.486831900517474
chr8	30893882	30921171	0.424661152010759	2.68451441550587	3	1	0.525135469279208
chr8	39375698	39522152	7.52795001498261	369.121001946555	369	2	0.999970953624425
chr8	39522153	39637408	-0.666099263446565	1.26041666666666	1	-1	0.699433726275951
chr8	39637498	39648558	1.11182895136645	4.32238910720611	4	2	0.896973470847398
chr8	39648759	39766477	-0.860229521053007	1.10172982567431	1	-1	0.882105884188505
chr8	42119276	43982107	0.513908737111327	2.85582729797938	3	1	0.790061081950777
chr8	45932108	60768394	0.459431618637297	2.75	3	1	0.64855426434882
chr8	60768395	60816578	7.77196491921091	437.144039979011	437	2	0.999980212034059
chr8	60819991	74374686	0.516391715076683	2.86074660633484	3	1	0.794934603774152
chr8	78060202	82737561	0.459431618637295	2.75	3	1	0.648554264348814
chr8	84849931	87517948	0.469381247822072	2.76903108194109	3	1	0.679466943946183
chr8	87552949	91485413	0.4594316186373	2.75000000000001	3	1	0.64855426434883
chr8	95880850	95930849	-0.895815072765213	1.07488694495953	1	-1	0.889402741257827
chr8	119569148	140144415	0.459431618637295	2.75	3	1	0.648554264348814
chr8	140144416	145074357	0.577442029883022	2.98440230961299	3	1	0.880116560616345
chr9	3048769	3123768	-0.988027358333927	1.00833333333333	1	-1	0.897448239389024
chr9	21968066	21974385	2.28368413666416	9.73839579364443	10	2	0.975987989378737
chr9	36828880	37034074	6.8357811702867	228.457369381207	228	2	0.999916598600052
chr9	60521462	60686461	-2.08734037658061	0.47062818336163	0	2	0.557825191836211
chr10	39356403	39636402	-0.710493382805014	1.22222222222222	1	-1	0.778994986966128
chr10	41696403	41801402	-0.855610090664827	1.10526315789474	1	-1	0.880906626664676
chr10	47522797	48062680	0.716645917750917	3.28671398831027	3	1	0.929019414373275
chr10	76419707	76867656	-0.584299801987876	1.33394593769983	1	-1	0.470030206638933
chr10	87864277	87964934	7.25862295495905	306.262083233682	306	2	0.999955951903943
chr10	94678310	94888129	0.509999505615951	2.84809941520468	3	1	0.782126518994991
chr10	94888130	94938129	-1.42978949643389	0.742370096598646	1	-1	0.779836759682083
chr10	133664443	133783907	1.38578123299824	5.22626845599575	5	2	0.944764978802808
chr11	50760524	50820523	1.40352287748664	5.29093567251462	5	2	0.945611302756774
chr11	54525524	54590523	-0.868666243490269	1.09530583214794	1	-1	0.884132147831013
chr11	54773057	54873056	-1.21144314926276	0.863672854280062	1	-1	0.876561783013486
chr11	55588301	55727206	1.29623935591488	4.91175757224967	5	2	0.940207051664332
chr11	57917347	57938388	3.50473322875015	22.7017754862695	23	2	0.993421274182081
chr12	9507066	9578660	1.13867281881318	4.40356761730601	4	2	0.914988949543559
chr12	34464925	34714924	-0.626261360648001	1.2957062122233	1	-1	0.598945085570644
chr12	43795608	43804501	1.50144861493727	5.66253716848997	6	2	0.950083432260984
chr12	64561653	64611410	6.50762625972062	181.978759572973	182	2	0.999864879504555
chr12	90646101	90881100	-0.632740666500125	1.28990009746589	1	-1	0.617064423092944
chr12	111403225	111439011	6.82720276690679	227.102970587564	227	2	0.999915527824922
chr13	18171403	18193202	-0.646126615884535	1.27798719772404	1	-1	0.652408025721485
chr13	18193203	18452492	0.688960944868279	3.22424404142689	3	1	0.92936724463353
chr13	19077754	19136586	1.27820366790231	4.85073601520395	5	2	0.939163652438428
chr13	29611431	29726430	-0.836718035058962	1.11983173076923	1	-1	0.875256075892764
chr13	40976205	41022572	7.19390998729751	292.828058427067	293	2	0.999951372102943
chr13	48304140	48479697	6.88091444216238	235.717399044346	236	2	0.999922022569371
chr13	52532562	52661682	0.551156733365083	2.93052010155305	3	1	0.850803816638688
chr13	57094747	57173577	1.48131767427124	5.58407250611193	6	2	0.949190008694033
chr13	72027016	72342015	-0.604698718782421	1.31521739130435	1	-1	0.534670005070821
chr13	75888432	76108431	-0.796049341001391	1.15184824780216	1	-1	0.857835177725738
chr14	19484471	19946874	1.11267696794665	4.32493055568602	4	2	0.89770917452979
chr14	35654227	35760891	0.609100471908543	3.05061574954834	3	1	0.904331073666126
chr14	62463633	62563632	-0.656045598782641	1.26923076923077	1	-1	0.676643658774115
chr14	106012257	106113525	-1.32015741615665	0.800982475568825	1	-1	0.842103399378854
chr14	106714971	106759218	1.87256958500066	7.32368421052632	7	2	0.964365680797457
chr15	19780202	22272229	-0.652798837372895	1.27209036869015	1	-1	0.668899951825382
chr15	92832588	92915320	6.64773309256946	200.5381756345	201	2	0.999889882943141
chr16	32358560	32608359	-0.640408072775125	1.28306292611712	1	-1	0.637668146258756
chr16	35056126	35508209	0.434591111095517	2.70305545698709	3	1	0.562455652201809
chr16	76588893	76720851	-0.885114084974914	1.08288940975921	1	-1	0.887533850093135
chr17	3154020	3175105	1.6348484235931	6.21109839816935	6	2	0.955682700891648
chr17	12024637	12141397	7.17802274897436	289.621069309776	290	2	0.999950180112351
chr17	18428286	18551720	-1.68972648727232	0.61997137583904	1	-1	0.452907494603295
chr17	19024616	19227559	0.587669881707113	3.00563512631464	3	1	0.88911149135823
chr17	21421903	21863114	-1.18054726384217	0.88236822018875	1	-1	0.882868535898977
chr17	21863115	21933114	0.798467571193616	3.47850542618522	3	1	0.897905623360227
chr17	21933115	22761913	-0.635703620412937	1.28725366667873	1	-1	0.625137494529524
chr17	31095295	31373680	6.06788110963571	134.166539944483	134	2	0.999746589447206
chr17	37653719	38421173	-0.616479342442302	1.30452144208353	1	-1	0.570473975180434
chr17	45503264	46306343	-1.89226837552849	0.538766339869282	1	2	0.512570442524879
chr17	64967040	64973572	3.53485110911979	23.1806820266877	23	2	0.993641972839071
chr18	15380431	15410430	-4.14966412612415	0.112682538398018	0	-2	0.652675582255063
chr18	22638070	22673069	-1.50885952163537	0.702777777777775	1	-1	0.709812003097101
chr18	51037323	51093732	4.26109338816309	38.3483709593724	38	2	0.997291374165047
chr19	1208034	1226795	4.69968097204824	51.9726592090206	52	2	0.998426498613051
chr19	4876807	4921971	5.70038081031189	103.99575357994	104	2	0.999578029040537
chr19	23400649	23445648	-1.04942790299807	0.966319444444443	1	-1	0.8970131692906
chr19	27243209	27353208	-0.749841523890693	1.18933775333081	1	-1	0.824755435685058
chr19	34684262	37413293	0.478455676701802	2.78650294215892	3	1	0.705695011612299
chr19	43399442	44909252	0.654377282868071	3.14787288206822	3	1	0.923675793694351
chr19	54747401	54855942	-1.38212608505526	0.767305985979296	1	-1	0.811150600217078
chr19	54856143	54906389	1.38578123299824	5.22626845599575	5	2	0.944764978802808
chr20	6200249	6215226	1.33617373371177	5.0496161819294	5	2	0.942320213564925
chr21	7919957	8044956	-0.76319445644343	1.17838056680162	1	-1	0.836207294887384
chr21	8526388	8651387	-1.44057259138599	0.736842105263154	1	-1	0.771698811585937
chr21	10327003	10570536	0.448831783385442	2.72986911755282	3	1	0.613266635403863
chr21	10570737	10813737	-0.63009840162614	1.29226468637993	1	-1	0.609750883444556
chr21	24824620	24854619	-1.96045658123769	0.513894251366274	1	2	0.540720766023198
chr22	10510202	10680201	-1.01343957466929	0.990727652520189	1	-1	0.897747282521124
chr22	12052642	12222641	0.750565178554935	3.36490361029965	3	1	0.922365774943785
chr22	18211126	18892950	0.598025772724098	3.02728766580404	3	1	0.897039115536607
chr22	23786710	23831850	5.41963039425604	85.6054293408601	86	2	0.999382984523617
chr22	23926873	23953060	4.59009642646185	48.1711154575761	48	2	0.998194296069441
chrX	10202	230201	-1.06733237694773	0.954401108017729	1	-1	0.896158588819889
chrX	2775031	5371332	0.600241422472095	3.03194045944704	3	1	0.898592123782307
chrX	5371333	5766332	0.459431618637292	2.74999999999999	3	1	0.648554264348804
chrX	5766333	6799805	0.717999462086087	3.2897990482365	3	1	0.928890374637455
chrX	6909806	7520592	0.828216587597391	3.55097840709196	4	1	0.869717251644784
chrX	7520593	7879330	0.429984774110512	2.69443871706149	3	1	0.545308553915792
chrX	7879331	11386910	0.677771957312855	3.19933476364682	3	1	0.928285394082615
chrX	11517861	14101917	0.758991900496203	3.38461538461538	3	1	0.919503259417213
chrX	14101918	14295226	0.459075309654774	2.74932090380492	3	1	0.647406577503558
chrX	14295227	14390226	0.974004791467055	3.92857142857143	4	2	0.514725748565545
chrX	14390227	14425226	-0.710493382805023	1.22222222222222	1	-1	0.778994986966141
chrX	14425227	14614453	0.831100057626038	3.55808273521775	4	1	0.866272399975481
chrX	14614454	15056704	0.49710061500682	2.82274854128234	3	1	0.753597019755304
chrX	15206705	21216871	0.588002017617224	3.00632716049383	3	1	0.889383542785407
chrX	21271872	25375967	0.68504019039246	3.21549353848479	3	1	0.92906850281857
chrX	25375968	25420967	-1.12553088208387	0.91666666666666	1	-1	0.891105160636968
chrX	25420968	26338378	0.478129547469295	2.78587310887277	3	1	0.704785425222431
chrX	26338379	26508378	0.954599829543081	3.87608398197784	4	1	0.525429489098525
chrX	27463518	27727865	0.90966378186184	3.75721528085185	4	1	0.699664819511179
chrX	27784019	28356661	0.713158185387416	3.27877791492266	3	1	0.92930280820488
chrX	28401662	28834698	0.681824039973744	3.20833333333333	3	1	0.928758879119516
chrX	29293458	31077183	0.652076696579691	3.14285714285714	3	1	0.923042388989491
chrX	31121800	33193524	0.758991900496205	3.38461538461538	3	1	0.919503259417212
chrX	33256603	33374655	1.0689807718119	4.19590138710293	4	2	0.838868988370793
chrX	33374656	33424655	-4.30153187832979	0.101423798820346	0	-2	0.66391588878391
chrX	33424656	33644655	0.507862388263589	2.8438835438729	3	1	0.77765133346488
chrX	33644656	33989655	0.989946335336075	3.97222222222222	4	2	0.583463013678166
chrX	34039656	34162855	1.03825963073901	4.10749731109425	4	2	0.763410132718148
chrX	34568272	34832330	0.700507466205986	3.25015262156903	3	1	0.929747174275927
chrX	34887331	35174958	0.758991900496205	3.38461538461538	3	1	0.919503259417212
chrX	35254959	36480249	0.702241225723828	3.2540608420598	3	1	0.929739769790923
chrX	36850250	37344012	0.918863237274594	3.78125	4	1	0.668687598682227
chrX	37344013	37546163	0.662002599060997	3.16455490578297	3	1	0.925538678428631
chrX	37632742	39083101	0.574105429846404	2.97750809391247	3	1	0.876911467435565
chrX	39083102	39118101	-0.862496476250064	1.1	1	-1	0.882670643904673
chrX	39118102	42063232	0.691215925770671	3.22928758396119	3	1	0.929500033597845
chrX	42363233	44876881	0.576794719010303	2.98306356325017	3	1	0.87950554590856
chrX	44877054	45700995	5.94745937825097	123.422308863787	123	2	0.9997000339703
chrX	46057427	51289039	0.623392957378206	3.08098777379377	3	1	0.912122225375943
chrX	51289040	51511730	0.608456228471703	3.04925378435954	3	1	0.903938288640563
chrX	51641731	52083375	0.601220760012882	3.03399931531924	3	1	0.899263182579952
chrX	52083376	52178375	-0.922959901660159	1.05485163526099	1	-1	0.893120309251278
chrX	52178376	54850985	0.626581085022906	3.08780379740988	3	1	0.913631912550946
chrX	54850986	54880985	-4.65176825157761	0.0795624630054487	0	-2	0.68715059172429
chrX	54880986	55534257	0.612362895777302	3.05752203446777	3	1	0.906263179197229
chrX	55614258	55873565	0.527471687284399	2.88280187197035	3	1	0.815164661242951
chrX	55948566	56165086	0.459431618637293	2.74999999999999	3	1	0.648554264348808
chrX	56165087	56464764	0.855360294968435	3.61842105263158	4	1	0.83109168060322
chrX	56651033	57463938	0.942683429732383	3.84420008898797	4	1	0.576771444614793
chrX	57674692	58550623	0.988538253599739	3.96834719334719	4	2	0.577456803171199
chrX	62530624	62600623	0.872154999812659	3.66078995817602	4	1	0.799138648922808
chrX	62600624	62645623	-5.6821505941842	0.0389522211227915	0	-2	0.735806601471331
chrX	62645624	63265623	1.06670342968219	4.18928324199437	4	2	0.834372819128866
chrX	63265624	63561980	1.13750352374994	4.40000000000002	4	2	0.914397913216541
chrX	63561981	63611980	-1.01396271727115	0.99036846511856	1	-1	0.897746168260032
chrX	63611981	63941388	0.625476723035885	3.0854410331384	3	1	0.913117940844305
chrX	63941389	64595613	1.00583532573638	4.0162117223229	4	2	0.649195117890757
chrX	64765614	66312039	0.874469117916143	3.66666666666667	4	1	0.79417647076359
chrX	66312040	66342039	-1.45911466641868	0.72743252267005	1	-1	0.756712656722175
chrX	66342040	66636221	1.30147925886106	4.92962962962963	5	2	0.940496820890315
chrX	66636222	67086221	0.627949112276082	3.09073317821959	3	1	0.914255561875378
chrX	67086222	67231221	0.915354451497454	3.77206477732793	4	1	0.680814372878162
chrX	67231222	70759438	0.692480270083338	3.23211889681019	3	1	0.929562039962896
chrX	70759439	74696261	0.677313676966649	3.19831863802495	3	1	0.928225958817872
chrX	74696262	74955902	0.755824621417524	3.37719298245614	3	1	0.920641536337622
chrX	75053371	76393363	0.684576087083464	3.2144593066195	3	1	0.929027423484812
chrX	76393364	77090719	0.737578373667733	3.33474945533769	3	1	0.92578752237895
chrX	77195720	77496855	0.724738354408963	3.30520179048444	3	1	0.928086873838152
chrX	77548653	78169916	4.86348212075207	58.2215813899419	58	2	0.99872217585282
chrX	78169917	78453975	0.459431618637296	2.75	3	1	0.648554264348817
chrX	78493976	79021803	0.611434712082348	3.05555555555556	3	1	0.905723072128061
chrX	79282223	79617589	0.78135971352466	3.4375	3	1	0.909103704247275
chrX	79737590	80311309	0.874469117916143	3.66666666666667	4	1	0.79417647076359
chrX	80448937	80864659	0.48849710979319	2.80596518686005	3	1	0.732490767911683
chrX	80864660	81283658	0.694292366002162	3.23618114775002	3	1	0.929635325413024
chrX	81497514	81607513	1.00066269873328	4.00183781309948	4	2	0.628293193013385
chrX	81607514	81882513	0.748938235832281	3.36111111111111	3	1	0.922858409686075
chrX	81987514	82192513	0.974004791467055	3.92857142857143	4	2	0.514725748565545
chrX	82192514	82252513	-0.786494929527544	1.1595018087284	1	-1	0.852381312066351
chrX	82252514	82467513	0.751446180906949	3.36695906432749	3	1	0.922091075429582
chrX	82467514	83022946	0.929989724039673	3.81052485065205	4	1	0.627754209766416
chrX	83117947	83287946	0.811703676874207	3.51056606177323	4	1	0.886896307508589
chrX	83477947	84213129	0.745131643777344	3.35225441294702	3	1	0.923938040272242
chrX	84286124	84645665	0.60701948578652	3.04621862293529	3	1	0.903048748639841
chrX	84715666	85729603	0.748159242810715	3.35929674613885	3	1	0.92308761818666
chrX	85729604	85789603	-0.979557333209345	1.0142706439956	1	-1	0.897189472398776
chrX	85789604	86997444	0.526545814495832	2.88095238095238	3	1	0.813566462371998
chrX	86997445	87112444	1.78135971352466	6.875	7	2	0.961220898363556
chrX	87207445	88634409	0.459431618637298	2.75	3	1	0.648554264348824
chrX	88634410	88679409	-0.988027358333927	1.00833333333333	1	-1	0.897448239389024
chrX	88679410	89074517	0.722466024471091	3.3	3	1	0.928388037219188
chrX	89074518	89289517	0.974464907892862	3.92982456140351	4	2	0.516718627928836
chrX	89374518	89444517	1.4288696941982	5.38471390186438	5	2	0.946800036684161
chrX	89904518	90458101	0.800038563529269	3.48229533439672	3	1	0.896713734506803
chrX	90458102	90838101	0.587610789126281	3.00551201845455	3	1	0.889062961027226
chrX	90928102	92440796	0.526545814495831	2.88095238095237	3	1	0.813566462371996
chrX	92514246	93298768	0.600846894806879	3.0332131756394	3	1	0.899008106782497
chrX	93298769	93328768	-1.21144314926276	0.863672854280062	1	-1	0.876561783013486
chrX	93328769	93473768	1.01197264166607	4.03333333333332	4	2	0.67319541866454
chrX	93473769	94010471	0.666528069109152	3.17449712009062	3	1	0.926476715480435
chrX	94090472	94560471	0.628644002114568	3.09222222222222	3	1	0.914566869638687
chrX	94560472	94970471	1.28447240537113	4.87185908646524	5	2	0.939535655466954
chrX	94970472	95958375	0.459431618637297	2.75	3	1	0.64855426434882
chrX	95958376	96188375	0.863109079666098	3.63790805271381	4	1	0.817206058649018
chrX	96278376	98768939	0.611434712082348	3.05555555555556	3	1	0.905723072128061
chrX	98768940	98938939	0.709936979831646	3.27146532613705	3	1	0.929502259200712
chrX	98938940	99283939	0.874469117916143	3.66666666666667	4	1	0.79417647076359
chrX	99323940	99413939	1.23570213015168	4.70991861217719	5	2	0.936170228920708
chrX	99463940	99573939	0.700507466205984	3.25015262156903	3	1	0.929747174275927
chrX	99868940	101594472	0.584962500721156	3	3	1	0.886848001028741
chrX	101597501	104659080	0.664338594094555	3.16968306689581	3	1	0.926038214977842
chrX	104734281	104884280	0.932207726626109	3.81638766568791	4	1	0.619159759528014
chrX	104884281	104919280	-1.96537365689037	0.512145748987853	1	2	0.542142128691844
chrX	104919281	105421447	0.566346822553808	2.96153846153846	3	1	0.868906939566934
chrX	105634673	108274403	0.56499782126029	2.95877055019663	3	1	0.867433222545101
chrX	108336102	108886615	0.845970303940748	3.59494650823922	4	1	0.846110690374882
chrX	108886616	108936615	-1.9575997556405	0.514912873280315	1	2	0.539860062707506
chrX	108936616	109114736	1.10762812002741	4.30982150483158	4	2	0.893136791384222
chrX	109179737	109521268	0.5030200879329	2.83435425799008	3	1	0.767144985676976
chrX	109557914	111410974	0.628644002114566	3.09222222222221	3	1	0.914566869638686
chrX	111411175	111581174	0.419210122359638	2.67439047597568	3	1	0.504147743339084
chrX	111581175	111938063	0.589326144677734	3.00908767910116	3	1	0.890456075561648
chrX	111938064	111967759	-1.2895027502214	0.818184011224443	1	-1	0.854052653040642
chrX	111967760	112327759	0.830414932335075	3.55639342898105	4	1	0.867103786048854
chrX	112372760	112636873	1.13114434264375	4.38064814814814	4	2	0.910913398868439
chrX	112636874	113712607	0.649402562281365	3.13703703703703	3	1	0.922263542033971
chrX	113757608	114147607	0.75735054715296	3.3807668992053	3	1	0.920102707181983
chrX	114147608	114202607	0.94485844580754	3.85	4	1	0.567626103444995
chrX	114202608	114788646	0.596935142387227	3.02499999999999	3	1	0.896256688068925
chrX	114788647	116127256	0.670058299747881	3.18227452910848	3	1	0.927123909421858
chrX	116127257	116213629	0.611434712082348	3.05555555555556	3	1	0.905723072128061
chrX	116213630	116788888	0.874469117916136	3.66666666666665	4	1	0.794176470763605
chrX	117193889	117668888	1.01197264166607	4.03333333333332	4	2	0.67319541866454
chrX	118436320	121279547	0.631458293579987	3.09826016361902	3	1	0.915790441986808
chrX	121349548	121511348	0.974004791467055	3.92857142857143	4	2	0.514725748565545
chrX	121511349	121651348	0.520476399050964	2.8688576784963	3	1	0.802676902357518
chrX	121651349	122447586	0.666950368276719	3.17542648054294	3	1	0.926558009894337
chrX	122447587	122562586	0.600074849917801	3.03159041394336	3	1	0.898477053030504
chrX	122562587	124364504	0.65207669657969	3.14285714285714	3	1	0.923042388989491
chrX	124365706	125049019	0.589068719541298	3.00855080493172	3	1	0.890249065742804
chrX	125144020	126971799	0.508072768318383	2.84429828155761	3	1	0.77809623333026
chrX	127126800	127306799	0.677963521441717	3.19975960635506	3	1	0.928309882835913
chrX	127306800	127331799	-7.26711309490536	0.0129840737075971	0	-2	0.763587035042987
chrX	127331800	127716799	0.748938235832281	3.36111111111111	3	1	0.922858409686075
chrX	127811800	127921799	0.811703676874211	3.51056606177324	4	1	0.886896307508586
chrX	127921800	127956799	-1.12553088208386	0.916666666666666	1	-1	0.891105160636969
chrX	127956800	128222539	0.874469117916136	3.66666666666665	4	1	0.794176470763605
chrX	128222540	129337408	0.628644002114566	3.09222222222221	3	1	0.914566869638686
chrX	129422409	130764545	0.576088051550317	2.98160274326232	3	1	0.878832614070449
chrX	130764546	130788987	-1.44174532577683	0.736243386243385	1	-1	0.770788639162456
chrX	130788988	132439626	0.561029869329059	2.95064400319823	3	1	0.862951720796264
chrX	132439827	143184972	0.925515200203718	3.79872480258605	4	1	0.644660256023299
chrX	143229973	144859770	0.81932756372368	3.52916666666667	4	1	0.879479672526084
chrX	144859771	144904770	0.950572097001932	3.86527777777778	4	1	0.543104199575559
chrX	144904771	150071466	0.874469117916141	3.66666666666667	4	1	0.794176470763594
chrX	150071467	152049880	1.17807593215598	4.52549603174603	5	2	0.92832554207124
chrX	152049881	152079880	-3.61480268056607	0.16325480044836	0	-2	0.607206381131234
chrX	152079881	155565512	1.15277089089922	4.44681039236603	4	2	0.921067800487975
