Chromosome	Start	End	Segment	CNF	CN	Call	ProbCall
chr1	12080	6517486	0.432945386203749	2.69997375972722	3	1	0.624100008076143
chr1	25223226	25385885	-0.751111765539009	1.18829104462152	1	-1	0.896455996436436
chr1	28281011	28710641	-0.544198081700914	1.37154496285097	1	-1	0.563573171277307
chr1	101760731	103619849	0.547703064145897	2.92351311667214	3	1	0.866673508160132
chr1	121709147	121969146	-1.35194724877734	0.783525835547284	1	-1	0.877378134358364
chr1	143189147	143289146	-1.71467902946883	0.609340682763006	1	-1	0.447810483338016
chr1	143289147	145623805	0.407722164727574	2.65317928077354	3	1	0.535587809135379
chr1	146082814	146098060	0.994586862822687	3.9850197182483	4	2	0.606496246655102
chr1	148679916	149472900	0.530677811136082	2.88921549175884	3	1	0.84643585639712
chr1	151986486	153458088	0.567398914544128	2.96369896475778	3	1	0.88513811376339
chr1	158562603	159016104	0.83676703851553	3.57208655446008	4	1	0.838448419757037
chr1	182858118	182883568	0.856807844211011	3.62205347051461	4	1	0.808535719547264
chr1	215628968	216325531	0.69504878776112	3.23787835999151	3	1	0.923064115867602
chr2	10202	23703448	0.76340768283627	3.39499084208489	3	1	0.902903689273965
chr2	23703609	48729323	0.397346551801757	2.634166524967	3	1	0.496858383434593
chr2	48731177	52148648	0.836815316946595	3.57220609297317	4	1	0.838384189297308
chr2	97515790	97540454	-1.66827757735104	0.629257504728433	1	-1	0.538055448595293
chr2	158055531	174436346	1.45339032630918	5.47701687845675	5	2	0.997964360497808
chr2	178534269	181406079	0.675912522693535	3.19521391925041	3	1	0.923929647708702
chr2	181406080	181719139	1.57249603609201	5.94837679287673	6	2	0.998434684472934
chr2	181719140	185853413	0.489348972877882	2.80762250453721	3	1	0.776705450401774
chr2	195754251	195853562	1.38823175046278	5.2351531785217	5	2	0.997621551769354
chr2	196843880	197392630	0.605436103813135	3.04287718095031	3	1	0.908873972975349
chr2	203706584	214497013	0.508861486090444	2.84585367744406	3	1	0.813625537242302
chr3	5178161	5184814	8.55835267914703	753.964443963043	754	2	0.999999999999979
chr3	98132745	98660477	0.822284908154586	3.5364084368518	4	1	0.856175471298097
chr3	156019674	156121046	1.43226714126162	5.39740947349657	5	2	0.997864555987601
chr4	9160776	9224983	1.38275431094299	5.21531470420851	5	2	0.997585932264383
chr4	9225078	9272867	-1.34606856108202	0.786725056992676	1	-1	0.879825943302814
chr4	9325132	9341331	1.70168974789586	6.50563439552233	7	2	0.998827465784129
chr4	9344115	17705950	-0.725850764155844	1.20928076027343	1	-1	0.883699463286174
chr4	54723519	54727332	3.20243650763929	18.4102397275115	18	2	0.999974742203341
chr4	68471414	68668276	0.776095839836197	3.42498065590301	3	1	0.895659801596987
chr4	190069025	190196187	2.72446431683036	13.2182961295923	13	2	0.999905615510457
chr5	10202	17476136	-0.509685573370509	1.40475099933378	1	-1	0.445464413116119
chr5	17491204	17675659	0.512907563592353	2.85384615384616	3	1	0.820350065124488
chr5	17675660	46416302	-0.64373343889815	1.28010891269605	1	-1	0.804061773891979
chr5	50116303	70204063	-0.774603842178054	1.16909823381004	1	-1	0.90549394404971
chr5	70487640	72890041	-0.817492560013221	1.13485457782244	1	-1	0.917148019871562
chr5	72905398	103003150	-0.700560326842475	1.23066634327758	1	-1	0.866631836737527
chr5	103017293	112827226	-0.672293050811446	1.25501703711237	1	-1	0.840558403838627
chr5	112827227	112836688	5.78920065716532	110.59946963906	111	2	0.999999995732069
chr5	112836944	132864167	-0.696123228400401	1.23445716071548	1	-1	0.863084942933277
chr5	132864169	139317807	-0.876278425274437	1.0895418215793	1	-1	0.926709282401154
chr5	139318764	140697756	-0.797797240797324	1.15045356899983	1	-1	0.912436050551752
chr5	141476104	171391965	-0.710247334051992	1.22243068755326	1	-1	0.873766677548566
chr5	171392780	171410525	0.434520964177383	2.70292403184532	3	1	0.629277138805039
chr5	171420163	175015702	-0.783711043992727	1.16174139269554	1	-1	0.90842431301089
chr5	175015703	178782448	-0.713322051093465	1.21982817908758	1	-1	0.875868366363548
chr5	178782649	181472427	-0.652219255915296	1.27260151490241	1	-1	0.816151090615875
chr6	70202	29087274	-0.756701118427033	1.18369622142017	1	-1	0.898822066864136
chr6	29417371	29697773	-0.621057830753739	1.30038801915881	1	-1	0.765810463599484
chr6	29697774	29965784	0.848181103815701	3.60045966226629	4	1	0.822236839023262
chr6	29975142	31166373	-0.73367072043558	1.20274373084219	1	-1	0.88804552189597
chr6	31166958	31292275	0.49900265974416	2.82647249862886	3	1	0.795927207413564
chr6	31377420	32214180	-0.764740311156949	1.17711860254651	1	-1	0.90197944511608
chr6	32214181	32442692	-1.30561786076132	0.809095632209128	1	-1	0.894544199533475
chr6	32442878	32805175	6.04475843264765	132.033337209285	132	2	0.999999998430277
chr6	33177021	47577139	-0.732159938888517	1.20400389652812	1	-1	0.887235862114776
chr6	47579295	58441655	-0.576521818985649	1.34115704418283	1	-1	0.66207626063912
chr6	110888893	110892531	3.34166021843595	20.2754245499015	20	2	0.999983082765041
chr6	137871517	137881396	1.77575400669848	6.84833846961101	7	2	0.999009389263324
chr7	35105973	35162006	-0.828969992062341	1.12586200372988	1	-1	0.919487554171697
chr7	50279370	50420974	7.40544232437434	339.070702811258	339	2	0.999999999995033
chr7	56136540	58110236	0.522207762418822	2.87230263157895	3	1	0.834679517887348
chr7	63304127	65013193	0.583679637688886	2.9973335470163	3	1	0.89700720423515
chr7	73248546	73269146	-0.818484903863455	1.1340742474637	1	-1	0.917361226889159
chr7	74788670	75144008	-0.516078096936784	1.39854037396262	1	-1	0.467719494535306
chr7	92813890	92854347	7.99475529712478	510.142079425328	510	2	0.999999999999672
chr7	99649912	99861962	0.560352948359864	2.9492598684849	3	1	0.879087862593544
chr7	102480350	102688328	0.931570880980838	3.81470337798913	4	1	0.625728041311892
chr7	116771415	116775151	2.43397825943975	10.8076298104744	11	2	0.999798700764284
chr8	7254144	7362983	1.40198885526139	5.28531279372924	5	2	0.997704541305868
chr8	7372994	7675284	-0.58620007151839	1.33219006548325	1	-1	0.687970881061862
chr8	7680919	7774055	1.34948076673701	5.09640795609047	5	2	0.997319747792593
chr8	7779222	7973239	-0.978724876821352	1.01485606204784	1	-1	0.933490333394544
chr8	7976414	8030739	0.778269853236855	3.43014568846128	3	1	0.894283610476183
chr8	8033222	30921171	-0.707048189024116	1.22514440884207	1	-1	0.871498767141793
chr8	30921372	34763924	-0.68430529890388	1.2446108266103	1	-1	0.852691936476683
chr8	34763925	36133538	1.76883407677122	6.81556886227546	7	2	0.998993568315807
chr8	36956181	39345131	-0.857999466957514	1.10343414773531	1	-1	0.924323365529023
chr8	39345132	39512152	1.70168974789586	6.50563439552233	7	2	0.998827465784129
chr8	39512153	42271507	-0.736965594166195	1.20000000000001	1	-1	0.889763777491018
chr8	45937108	60763394	0.508899300503101	2.8459282709601	3	1	0.813689804841786
chr8	60780950	60853656	5.38943543575036	83.8323656330197	84	2	0.999999980614678
chr8	60854325	65723663	0.651980169967995	3.14264687028124	3	1	0.922221485121192
chr8	65724196	68998524	1.29766737318564	4.91662176526824	5	2	0.996502625430222
chr8	68998525	93734479	0.572971751661508	2.9751692697222	3	1	0.889519266083778
chr8	100348337	119760801	0.555922353964893	2.94021642568849	3	1	0.874974878676496
chr8	119762468	131904479	0.399127036736432	2.63741945714105	3	1	0.503566935809512
chr8	131924025	145074357	0.671227953247539	3.18485557894738	3	1	0.923843002644624
chr9	12193	121605	0.77625322315981	3.42535430676222	3	1	0.895561552481188
chr9	21968066	21974385	1.87844393630787	7.3535655088983	7	2	0.999218697375954
chr9	34837642	34895641	0.485847847351594	2.80081724030605	3	1	0.769253020972336
chr9	36840509	37034074	6.754234924087	215.90231824077	216	2	0.999999999914556
chr9	67867182	101577954	-0.710970385633259	1.22181818181818	1	-1	0.874267679075405
chr9	105521091	105526500	1.02191533649807	4.06122606640696	4	2	0.710372992973653
chr9	109085925	120083240	1.96243791577016	7.79439970202768	8	2	0.999358558386934
chr9	120083241	123697088	0.457112498754614	2.74558294976413	3	1	0.697964696287141
chr9	125843707	126696486	1.40911218889483	5.31147365580675	5	2	0.997744559197879
chr9	126696687	128434792	0.453772553707581	2.7392340753465	3	1	0.688493387041482
chr9	134317307	138320875	0.440781326341561	2.71467845653579	3	1	0.649370924764571
chr10	45464261	46009292	-0.527514796061429	1.3874975307071	1	-1	0.507331022045881
chr10	48025813	48173020	-0.816538384118841	1.13560540112213	1	-1	0.916940973599564
chr10	67823247	69300910	-0.580632903781179	1.33734074075239	1	-1	0.673298390375952
chr10	87864277	87964934	7.06679975689501	268.132029780304	268	2	0.999999999977736
chr10	94628310	95067776	0.427529114926501	2.68985632438635	3	1	0.605952705120322
chr10	133675951	133778707	1.70168974789586	6.50563439552233	7	2	0.998827465784129
chr11	86608	1102715	0.671986926320165	3.18653150871293	3	1	0.923865081473928
chr11	47422474	48124083	-0.626484168311243	1.29550612074611	1	-1	0.775799915908567
chr11	55269127	57018363	0.487258190560596	2.803556589135	3	1	0.772286401137249
chr11	57917347	57938388	4.90785333961123	60.0400527600483	60	2	0.999999889547008
chr11	79782435	87071666	1.47783899671363	5.570624212039	6	2	0.998071924767059
chr12	9111937	9593660	0.707140606420562	3.26513039178717	3	1	0.921505676311323
chr12	31114469	31200611	1.05322294019744	4.15032104735504	4	2	0.811939130299053
chr12	38316896	43795813	0.456931719682668	2.74523893191747	3	1	0.697458321528407
chr12	43796896	43804501	1.93501941310366	7.64766544809973	8	2	0.999315689494534
chr12	58697074	64316628	0.579718011158058	2.98911418859329	3	1	0.894373941646048
chr12	64318585	73523406	1.48449548016514	5.59638602756056	6	2	0.998100019315293
chr12	105107708	107460939	2.29421141768297	9.80971632595812	10	2	0.999713590661679
chr12	111403225	111448535	6.48546118791492	179.204268066777	179	2	0.999999999736581
chr12	111452708	112203859	-0.526586277025455	1.38839081203335	1	-1	0.504136041564182
chr12	119022286	121549621	0.631095778520665	3.09748174209922	3	1	0.918017107068194
chr12	121549822	125955030	1.66756412917218	6.35355535788061	6	2	0.998733674166285
chr13	18171403	19131386	0.722306671135186	3.29963551758875	3	1	0.918410268521695
chr13	40831080	40959055	-0.553585723555665	1.36264926940227	1	-1	0.593866279280725
chr13	40976205	41017372	6.63329470910126	198.541214043075	199	2	0.999999999857694
chr13	48304140	48479697	6.67495127210344	204.357484493242	204	2	0.999999999880547
chr13	52229215	52279999	3.28099161656642	19.4404757024546	19	2	0.999979835560503
chr13	52280200	52515388	-0.542529810248251	1.37313187670948	1	-1	0.558072508486097
chr13	52532562	52657490	0.392912723666724	2.62608338022453	3	1	0.480070377004438
chr13	57141246	57173577	1.46107385118816	5.50626426340036	6	2	0.997998969636258
chr13	75302095	75310247	2.20256311658833	9.20592772796778	9	2	0.999640583347503
chr14	19474471	19996793	1.29340169106889	4.90210603606319	5	2	0.9963906794861
chr14	35317124	35760891	0.69093828591858	3.22866618260047	3	1	0.923414755469849
chr14	104034936	104948845	0.493149657023831	2.81502875066645	3	1	0.784502909118293
chr14	104948929	104952018	-0.978868634821444	1.01475494129457	1	-1	0.933493499405589
chr15	19790202	22299296	-0.95796029999516	1.02956841465266	1	-1	0.932865023093207
chr15	41559290	42169944	0.407587505491889	2.65293164810642	3	1	0.535091624477744
chr15	84170252	84537015	0.736526337875824	3.33231859028947	3	1	0.914290415524208
chr15	92832588	92915320	6.55488987913627	188.03923148364	188	2	0.999999999802523
chr17	62040	3154905	-0.829360753767639	1.12555709924983	1	-1	0.919562519253075
chr17	3155106	6896445	-0.815057522896314	1.13677164716268	1	-1	0.916615632070461
chr17	6896646	7669912	-0.669514204703601	1.25743671694046	1	-1	0.83750340794233
chr17	7670087	7672818	2.92366615904383	15.1754370258694	15	2	0.999944916172936
chr17	7673076	10357945	-0.759018442898653	1.18179643917378	1	-1	0.899760956989937
chr17	10539939	12024635	-0.577596135781516	1.34015871039245	1	-1	0.665040173239288
chr17	12024637	12141397	6.67781749120155	204.763887465047	205	2	0.999999999881981
chr17	12141598	18278417	-0.66408977136178	1.26217349121801	1	-1	0.831251873852841
chr17	18280552	18950916	-0.984660542444328	1.0106892276707	1	-1	0.933608017678546
chr17	19222560	22062160	-0.747337018324173	1.19140422610347	1	-1	0.894772841917847
chr17	26951914	30380763	-0.719053047529557	1.21499211613271	1	-1	0.879591333881268
chr17	30384953	31094507	-1.1369629020757	0.909431636917681	1	-1	0.92763139058457
chr17	31095295	31373680	5.59356349672553	96.5740380256518	97	2	0.999999990978916
chr17	31373685	38060193	-0.758934791888145	1.18186496462763	1	-1	0.899727480032087
chr17	38320525	40625648	-0.863710580787871	1.09907468095617	1	-1	0.925117941354403
chr17	41690703	45406143	-0.854771436667522	1.10590584592616	1	-1	0.923853256429817
chr17	45410005	46332613	-1.75662420334447	0.59187966502926	1	2	0.4950483794931
chr17	46512641	63507463	-0.759382672991952	1.18149811452207	1	-1	0.899906362652781
chr17	63523334	64973572	-0.765696438016945	1.17633874137203	1	-1	0.902336813150594
chr17	64973773	80355262	-0.729118107807625	1.20654514053977	1	-1	0.88556272011058
chr17	80358266	83072078	-0.511097390137729	1.4033769868964	1	-1	0.450378663331421
chr18	51047024	51078532	5.22268186293395	74.6816482162921	75	2	0.999999964222846
chr19	242894	1208030	-0.587881814093287	1.33063804278778	1	-1	0.692282806286813
chr19	1208034	1226795	4.2912356722553	39.1580134729735	39	2	0.99999910207678
chr19	1229154	3626753	-0.65976852898904	1.26595969265381	1	-1	0.825987482913086
chr19	4885131	4921971	4.94525284394579	61.6168422610146	62	2	0.999999903194209
chr19	6107734	7829235	-0.69073977729818	1.23907217233802	1	-1	0.858527687411759
chr19	7846566	11617573	0.438135969531184	2.70970532425575	3	1	0.64097474163959
chr19	11617578	12527655	0.844296676611608	3.59077853644861	4	1	0.827990389408528
chr19	13912332	17517886	0.976494636995602	3.93535732664176	4	2	0.535068894233369
chr19	17861952	18532708	-0.848429281357522	1.11077816170003	1	-1	0.922883374017752
chr19	19599293	20799453	-0.647903482945687	1.27641415874876	1	-1	0.810143934779247
chr19	20805786	22623672	0.758685139661612	3.38389578897324	3	1	0.905275345072266
chr19	22634518	24448208	-0.721989234424772	1.21252186702149	1	-1	0.881405313666843
chr19	27248209	28908208	-0.788748136268746	1.15769230769231	1	-1	0.909927448637846
chr19	29526580	33454036	3.23590327922258	18.8423013706149	19	2	0.999977046224979
chr19	33462700	43802457	-0.816948341052637	1.13528275277583	1	-1	0.917030176393345
chr19	44477340	48363994	-0.940753274186647	1.04192160039348	1	-1	0.932084715627434
chr19	54201589	54242739	-0.510064664371725	1.40438192722313	1	-1	0.446783740868
chr19	54819797	54852447	-2.41488923085544	0.375038541420321	0	2	0.677229198873219
chr19	54853811	54875462	1.70168974789586	6.50563439552233	7	2	0.998827465784129
chr19	54885115	55072307	-0.747065696549733	1.19162830970948	1	-1	0.894649104253978
chr20	1588394	1611704	2.96998521476061	15.6705641631887	16	2	0.999951507461059
chr20	6200249	6214618	2.71994206444475	13.1769271083728	13	2	0.999904471783785
chr20	49640508	51922742	-0.825780910366959	1.1283534777415	1	-1	0.918864549191608
chr20	52591963	59865925	1.03305143499883	4.09269578922694	4	2	0.749204296690542
chr20	63619745	64327990	-0.5513711934951	1.36474253574836	1	-1	0.586828179503654
chr22	11319687	12052641	-0.838915617070449	1.11812724808092	1	-1	0.921306433485355
chr22	16963733	23783559	-0.676407556436666	1.25144288036148	1	-1	0.844905813355781
chr22	23786710	23831850	4.73013905316872	53.0815669158689	53	2	0.99999979483997
chr22	23831852	31550424	-0.722579206101954	1.2120261230896	1	-1	0.881762448674912
chr22	39836203	41162683	-0.956030930031028	1.03094621603616	1	-1	0.932789635559654
chr22	41162700	41695105	-0.870267392357421	1.09409090118881	1	-1	0.925974214058079
chr22	41699429	43207616	-0.945351993373968	1.03860567003197	1	-1	0.932317376809801
chr22	44466161	50799120	-1.43612956363677	0.739114835214512	1	-1	0.831458024976018
chrX	2794523	58550623	1.20283962391505	4.60384615384616	5	2	0.988153299999548
chrX	62470624	124364504	1.2169295338052	4.64902934992095	5	2	0.990746033737491
chrX	124365706	156027976	1.28670723481816	4.87941176470588	5	2	0.996192770997981
