Chromosome	Start	End	Segment	CNF	CN	Call	ProbCall
chr1	1712347	1714397	2.07277182126009	8.4138833763917	8	2	0.99844389682772
chr1	25258956	25384851	-2.00510001897351	0.498235588604696	0	2	0.748255218943301
chr1	36719822	43483979	2.13431586781418	8.78057773521628	9	2	0.998620493142525
chr1	44572876	45206363	0.85461094808626	3.61654210496445	4	1	0.703562946624665
chr1	56912303	57981266	0.925346180717386	3.79827978760519	4	2	0.572594845281228
chr1	57981267	60072736	-0.990226070784159	1.00679777215535	1	-1	0.937527491775847
chr1	60072937	62874473	1.86542658195442	7.28751315181134	7	2	0.997685476852426
chr1	68488795	69307421	1.80517741943774	6.98944266064631	7	2	0.997409087191514
chr1	73542731	106818806	-0.97129837131487	1.02009366651892	1	-1	0.936171546892807
chr1	109681709	109708541	-3.4024581088155	0.189142030023264	0	2	0.606940834980004
chr1	121599147	121959146	-1.09394091095139	0.936959821531728	1	-1	0.931340515044328
chr1	143199147	146020379	0.482904223714442	2.79510837850858	3	1	0.743964913196693
chr1	146088484	146096582	1.32517899031994	5.01127944851127	5	2	0.993791600762352
chr1	149554446	158718200	0.493620838351914	2.81594828360259	3	1	0.769009255564588
chr1	158724131	159016104	0.729323841519676	3.31572381440589	3	1	0.901700376424519
chr1	159016536	205810502	0.415323386580932	2.66719515096742	3	1	0.513275323211006
chr1	229839619	233592944	-0.997872905044869	1.00147547731805	1	-1	0.937845536485325
chr2	72132205	85398925	0.479509649361159	2.78853938844983	3	1	0.735391275899342
chr2	88786524	88804828	-0.648956208748237	1.27548310682802	1	-1	0.418774002666066
chr2	95848829	95940034	-0.754609872215047	1.18541328229149	1	-1	0.778539957815981
chr2	97511107	97560805	-2.00699382126844	0.497581991934885	0	2	0.748010857568047
chr2	119882044	126444559	0.510995412249771	2.85006616511227	3	1	0.803530488457927
chr2	165625474	165933124	-1.00391101852088	0.997292759741425	1	-1	0.938007333876962
chr3	10202	1793706	-0.984034550297964	1.01112786562469	1	-1	0.93717500386027
chr3	5178161	5184814	8.09295115693282	546.073431919707	546	2	0.999999999955218
chr3	82181819	90704686	0.538485156050742	2.90489326629402	3	1	0.845000125752315
chr3	98149921	98391623	1.03126222275157	4.08762322549142	4	2	0.939321005596819
chr3	108091130	120633127	0.446788861858925	2.72600623488354	3	1	0.635996355839759
chr3	135859308	155919390	0.46728860326333	2.76501748438186	3	1	0.701859609635532
chr3	155922139	156121046	1.3482775585316	5.09215932187042	5	2	0.994066193899949
chr3	156142984	192091701	0.477951706608091	2.78552971576227	3	1	0.731350233110466
chr3	192091702	198228341	0.758255597349039	3.38288843120227	3	1	0.884202314783064
chr4	9160776	9359889	0.639439951335118	3.11544867867635	3	1	0.910430859824372
chr4	9363096	9483824	-1.10005491530274	0.932997476883614	1	-1	0.930229404831309
chr4	35193187	38407477	0.462006467466514	2.75491244275261	3	1	0.686046235562791
chr4	51795751	67495287	0.492379734082424	2.81352685530313	3	1	0.766262049963123
chr4	67505121	90642104	0.469357610339099	2.7689857138023	3	1	0.707834701688456
chr4	190066847	190196187	1.05948253593394	4.16836767026058	4	2	0.965167975963858
chr5	10202	9630178	0.514627400699782	2.85725025314757	3	1	0.809873128086129
chr5	17491204	17685659	2.38562791545516	10.451426162954	10	2	0.999166842749241
chr5	34178929	34223813	1.65688270555619	6.30668862323327	6	2	0.996596666484126
chr5	50136303	53604856	0.44554287697638	2.72365293348432	3	1	0.631607348302409
chr5	70205628	70437648	0.488063123989544	2.80512123447839	3	1	0.756398091728061
chr5	80331635	80360170	2.61348644099029	12.2396164225235	12	2	0.999481518332816
chr5	112827227	112836688	5.94694094157046	123.377964664371	123	2	0.999999920643888
chr5	154895960	169360853	-1.03035319576048	0.979180548543552	1	-1	0.937818100124811
chr5	171308320	174415534	0.452433199753375	2.73669223427091	3	1	0.655333008129102
chr5	174415535	181325424	0.772214330783437	3.41577827738296	3	1	0.871775820631665
chr6	2693115	15579998	0.421296489750526	2.67826086956522	3	1	0.538255314155636
chr6	15585632	32254175	1.02050739623854	4.05726460932912	4	2	0.924081073613212
chr6	32339520	32394180	-0.696769386383162	1.2339043926494	1	-1	0.612206392208865
chr6	32394696	32522163	1.03220760406206	4.09030267534376	4	2	0.940492462052598
chr6	32530093	48249039	1.0269866117655	4.07552696533189	4	2	0.933696949038289
chr6	48249040	58441655	0.562074019570377	2.95278030417362	3	1	0.870351535917493
chr6	60241656	63954578	0.457004424109048	2.74537728135754	3	1	0.670328117160365
chr6	105278037	105853030	-1.02460567779964	0.983089263050062	1	-1	0.937981798194158
chr6	105853231	110887675	-0.974801149193168	1.01761994392046	1	-1	0.936485879221115
chr6	110888893	110892531	3.04853435880763	16.5474196322415	17	2	0.999799608406875
chr6	110892786	111503431	-0.837542868070885	1.11919167160423	1	-1	0.889607654565571
chr6	137871517	137881396	1.83017010827612	7.1115799268002	7	2	0.997527188754211
chr6	158841667	164541995	0.569916334553442	2.96887496387815	3	1	0.877091236912378
chr6	164542196	170584569	0.729035501907425	3.31506119413004	3	1	0.901828293834569
chr7	13744	2753933	-0.903992132917145	1.06881181947545	1	-1	0.923223421011925
chr7	6823258	10357793	-1.02388922143524	0.983577595968283	1	-1	0.937997460518304
chr7	35119633	35162006	-1.04104906912465	0.971947929404299	1	-1	0.937333247331861
chr7	50319018	50400774	6.740864891113	213.910707734541	214	2	0.999999994110023
chr7	74357215	76515398	0.466475786623971	2.76346010796788	3	1	0.699478625461435
chr7	80023566	92805028	0.468818308176865	2.76795081670913	3	1	0.706289081315361
chr7	92813890	92834147	8.09194569420647	545.692987555126	546	2	0.999999999955046
chr7	92834348	103175566	0.517968270469857	2.86387449584669	3	1	0.815459470646558
chr7	103279764	103749510	0.483763313675661	2.79677329352203	3	1	0.746084911851802
chr7	114463156	159324947	0.514201498664393	2.85640688080753	3	1	0.809144067229004
chr8	64084	7257045	-1.9023663220954	0.535008485217287	1	2	0.76154114605672
chr8	7372994	30921171	-1.02349826281003	0.983844173617661	1	-1	0.938005563354628
chr8	30921372	37398084	-1.03278476018992	0.977531596274068	1	-1	0.937728483737006
chr8	39315132	40514189	0.907962094556676	3.75278618381113	4	2	0.478867120044223
chr8	42730422	43957107	0.596436774739217	3.02395521802268	3	1	0.894807307723172
chr8	45937108	60618676	0.503323859657788	2.8349511182474	3	1	0.789168171482856
chr8	60620629	60816578	7.28014852381386	310.865892047914	311	2	0.999999999099529
chr8	60819991	112547481	0.482722100359336	2.79475555107685	3	1	0.743512913175139
chr8	112550644	137027351	0.727565964596115	3.31168617328674	3	1	0.902467673648511
chr8	137027352	145054157	1.13276236620656	4.3855639258432	4	2	0.987049823723725
chr9	21939231	21974385	1.84753664660524	7.19770336558213	7	2	0.997606348389472
chr9	29369203	35842020	0.72923088762738	3.31551018678763	3	1	0.901741702824185
chr9	35842131	38712386	1.29014401754449	4.89104933713517	5	2	0.993315507468546
chr9	38712387	43196461	0.439976243628113	2.7131639777728	3	1	0.611479653808016
chr9	105521091	105526500	0.64553929640254	3.12864787938604	3	1	0.911567264863838
chr10	10202	27024605	0.511874537561306	2.85180341989518	3	1	0.805091976879457
chr10	27028775	37149747	0.517133596129208	2.86221807426358	3	1	0.814085625470396
chr10	37149806	37197457	-1.41923381284675	0.747821672357443	1	-1	0.515362098247448
chr10	37199684	39631402	0.532657645019819	2.89318313100397	3	1	0.837393286312824
chr10	87864277	87964934	7.42656504681765	344.071609894255	344	2	0.999999999467577
chr10	104514862	108964667	-1.04367316615778	0.970181674242464	1	-1	0.937178345681496
chr10	133679261	133778707	1.32517899031994	5.01127944851127	5	2	0.993791600762352
chr11	1608345	1630553	0.927356507892791	3.80357619979524	4	2	0.583451416762359
chr11	32583825	43838566	-1.01076729515462	0.992564461139273	1	-1	0.938097448087394
chr11	55343144	56989796	0.515321408769271	2.85862506327891	3	1	0.811052877351472
chr11	110247763	110264786	0.701491514096591	3.25237027447211	3	1	0.910638318290857
chr12	40473069	40524664	-0.735821361675596	1.20095212335458	1	-1	0.734265032663137
chr12	43795608	43804659	0.972927423939274	3.9256387676872	4	2	0.799806534832638
chr12	64566693	64611410	6.36482677474601	164.829056265953	165	2	0.999999979314468
chr12	98634107	99246655	-1.11278813102803	0.924799080787469	1	-1	0.927601562011349
chr12	111403225	111439011	6.5498258319213	187.380346389461	187	2	0.999999988788788
chr13	19131587	25234110	-0.999581166105482	1.00029035567816	1	-1	0.93789922458659
chr13	27089774	27116660	1.58294031314067	5.99159584959406	6	2	0.996110837121995
chr13	40976205	41017372	6.77849137359525	219.563034545616	220	2	0.999999994818246
chr13	48304140	48479697	6.60579849833259	194.793064039203	195	2	0.999999990704782
chr13	57141246	57169212	2.20093376857673	9.1955366247488	9	2	0.998790761164719
chr13	59774125	114346545	-1.0019578038598	0.998643874145344	1	-1	0.937963511370955
chr14	35625252	35760891	0.879575158623501	3.67966686346366	4	1	0.604626247085803
chr14	105916640	106874939	-0.767037920812144	1.17524543703532	1	-1	0.803111191978726
chr15	19780202	22573064	-1.1140263772451	0.924005678407286	1	-1	0.92732242740605
chr15	22573067	23099999	0.462398261127481	2.75566069777196	3	1	0.687246833830422
chr15	58538302	62776919	0.446570612896833	2.72559387952405	3	1	0.635230684814211
chr15	82430049	82810303	0.485243406530378	2.7996440376303	3	1	0.74969067927752
chr15	82812954	82819574	-6.03475042786398	0.0305062693541449	0	2	0.699796858671835
chr15	92832588	92915320	6.56021064522976	188.734014505361	189	2	0.999999989171125
chr16	12308336	20792424	0.580888497728817	2.99154029916409	3	1	0.885309559405201
chr16	20796266	26586471	0.492713310286182	2.81417746689536	3	1	0.767004285375269
chr16	59454427	64621511	-1.01582996106682	0.98908748534751	1	-1	0.938100995707312
chr16	68138508	70811438	-0.949108001840035	1.03590521158014	1	-1	0.933453045365666
chr16	71064669	90096162	-0.988703329717701	1.00786099177661	1	-1	0.937448781704093
chr17	62040	3127700	-0.979665856607156	1.01419435070172	1	-1	0.936873772568013
chr17	3154020	3197671	4.28540957128219	39.0001987565634	39	2	0.999990261940723
chr17	10198144	11156008	0.824005933043189	3.54062961902897	4	1	0.790486343473965
chr17	11156009	12021059	-0.975791965051783	1.01692130158973	1	-1	0.936569432224585
chr17	12021062	12141397	6.21368139202553	148.434371580735	148	2	0.999999966148417
chr17	12141598	12703955	-1.2650499626435	0.832169914948813	1	-1	0.842616317851938
chr17	15361957	20590379	-0.948534689964553	1.03631695124975	1	-1	0.933365109951314
chr17	31095295	31373680	6.04091187457283	131.68177472948	132	2	0.999999941071542
chr17	37927397	38195978	-1.07504635394753	0.949311618975626	1	-1	0.934198904915944
chr17	47708305	48184983	0.50476386389243	2.83778219449104	3	1	0.791966915790038
chr17	58999294	59335445	-0.999536125255367	1.0003215851688	1	-1	0.937897889531255
chr18	51047024	51078532	4.45773566827279	43.948306488536	44	2	0.999993846629764
chr19	1208034	1226795	4.47311217997708	44.4192207900008	44	2	0.999994096223598
chr19	4885131	4921971	5.46227417773507	88.1735583664321	88	2	0.999999647355952
chr19	5376381	5763329	0.680827557816117	3.20611807441045	3	1	0.913403099823655
chr19	8251016	24428208	0.60544454698819	3.0428949890242	3	1	0.899284923811045
chr19	54667681	54739706	1.32517899031994	5.01127944851127	5	2	0.993791600762352
chr19	54747401	54783606	-1.26122117103768	0.834381357282694	1	-1	0.846657393325943
chr19	54786383	54817564	1.34969914811153	5.09717945996477	5	2	0.994082318867597
chr19	54818359	54839603	-1.49779884778091	0.708186453310997	1	2	0.602150237085487
chr19	54850504	54909550	1.2448360963752	4.73983256394891	5	2	0.992518927037478
chr19	58346705	58599432	0.521873067208224	2.87163635464393	3	1	0.821697941698727
chr20	4932831	12254006	0.576336900416007	2.98211708096634	3	1	0.882063248108844
chr20	59987364	64327990	0.595112645645547	3.02118105576851	3	1	0.894088558642986
chr21	8526388	9187794	-0.885048214876377	1.08293885309859	1	-1	0.916450067245329
chr21	13979775	21808257	0.649847187908295	3.13800399261346	3	1	0.91222233502844
chr22	18345782	18517837	0.47760491801525	2.78486022303359	3	1	0.730441557024009
chr22	23786710	23831850	5.25617365594159	76.4356439107441	76	2	0.999999349573924
chr22	23941098	23983664	0.53458137586715	2.89704355740296	3	1	0.839969233556419
chr22	26493975	27750532	-0.993332605840876	1.00463218099709	1	-1	0.937672136809311
chr22	50206359	50799120	-0.969992958322787	1.02101710919654	1	-1	0.936046757543548
chrX	2789563	6151478	0.648715681746046	3.13554382000453	3	1	0.912061999224559
chrX	6151679	15456156	1.35333576022927	5.11004416540066	5	2	0.994123205404728
chrX	15459493	20188597	0.635965397667233	3.10795453147759	3	1	0.909672256628772
chrX	20193299	22007362	0.55958668722488	2.94769383886448	3	1	0.868051296861442
chrX	22784630	30758894	0.668650107888135	3.17916987661324	3	1	0.913678377788098
chrX	30758895	38541338	1.26054154952944	4.79171316321135	5	2	0.992826957394529
chrX	44543061	45111334	6.82846562173204	227.301850901327	227	2	0.999999995631957
chrX	45111353	55878565	0.634034778512791	3.10379823830736	3	1	0.909215293257132
chrX	55878566	58540623	1.22544895794581	4.67656408620247	5	2	0.992070881180133
chrX	62470624	70404051	1.41724786977262	5.34151086058184	5	2	0.994774443699313
chrX	70404725	75742832	0.64968202559878	3.13764476886462	3	1	0.912199450230031
chrX	75742935	84655665	1.29387677178973	4.90372056962646	5	2	0.9933706153032
chrX	102514940	102566676	2.55305450417936	11.7375101812687	12	2	0.999411083522038
chrX	103088854	103215860	0.587077454439138	3.00440114781629	3	1	0.889374554434171
chrX	112102760	124364504	0.667955784764893	3.17764021163761	3	1	0.913665022536431
chrX	124365706	135158257	0.659352224278304	3.15874663938907	3	1	0.913242391340191
chrX	135160357	135719118	0.78424755016905	3.44438772066973	3	1	0.858408943603965
chrX	135882950	156027976	0.64213715526525	3.12127864275957	3	1	0.91096383991244
