Chromosome	Start	End	Segment	CNF	CN	Call	ProbCall
chr1	25246375	25384851	-0.856873796463932	1.10429544408097	1	-1	0.903973735846881
chr1	121709147	121969146	-1.36974833043189	0.773917490299031	1	-1	0.815613005178955
chr1	143189147	143289146	-3.08802492750735	0.235202462913708	0	-2	0.597085124012152
chr1	145311103	145328315	1.39824035196182	5.27159797823546	5	2	0.990689520129609
chr1	145328911	145352118	-0.525431559470457	1.38950250990525	1	-1	0.686538024177467
chr1	145352708	145355208	0.951170441264606	3.86688119803078	4	1	0.629359351663535
chr1	145355806	145358817	-0.775488691132711	1.16838140998522	1	-1	0.888091519333362
chr1	145370067	145393227	1.1190654662474	4.34412454739179	4	2	0.866564226237316
chr1	146088484	146096582	0.809130669691886	3.50431064297417	4	1	0.873882116633331
chr1	149526088	149529396	0.805064976251322	3.49444896348346	3	1	0.877196887564958
chr1	149529858	149547099	-0.633554695945474	1.28917248667152	1	-1	0.82720133140231
chr1	182858118	182881271	0.566201170909509	2.96123948555198	3	1	0.936058571451269
chr1	246849550	246890952	0.659314415313493	3.15866385864039	3	1	0.9362634866085
chr2	63920433	63947500	-0.93423234081808	1.04664171053927	1	-1	0.91137200758411
chr2	86879429	86904741	0.737479007396034	3.3345197808743	3	1	0.916156462978672
chr2	88782870	88804828	-0.979343728062878	1.01442082782722	1	-1	0.912838572430594
chr2	89852244	90235468	-1.1416014828154	0.906512310544525	1	-1	0.901369055989389
chr2	95838741	95960527	-1.05879730378353	0.960064138953559	1	-1	0.910647282126772
chr2	97127083	97191307	-1.32760525663487	0.796858098988226	1	-1	0.841291516029704
chr2	97192825	97209813	-1.29700006821422	0.813943146585172	1	-1	0.856432536034916
chr2	97515790	97576429	-1.56604207156331	0.675467344146808	1	-1	0.590097177621724
chr2	169482249	169569333	-0.468971351221025	1.44495909137671	1	-1	0.494541680181487
chr2	169571578	169631058	0.639904061392816	3.11645106907923	3	1	0.938461220121345
chr2	171479977	171747887	0.479859172629085	2.78921505270845	3	1	0.879343558740599
chr2	174358510	174387854	-1.41560350965908	0.74970581133865	1	-1	0.780035005842586
chr3	5178161	5184814	8.22438302178845	598.158090237299	598	2	0.99999999999769
chr3	47116585	47126698	-0.748249801300755	1.19065067146246	1	-1	0.880397460903383
chr3	93714064	93924368	0.64423201621281	3.12581417803063	3	1	0.938058974984147
chr3	98149921	98391234	0.856017862719857	3.62007067313712	4	1	0.82423848753183
chr3	149176122	149188267	0.666255256313235	3.17389688127963	3	1	0.935231444153631
chr3	156019674	156057434	8.39114515099843	671.454183560535	671	2	0.999999999998916
chr4	9160776	9241058	0.639205668249575	3.11494279375482	3	1	0.938521369195296
chr4	54723519	54727332	2.59757595425895	12.1053757348004	12	2	0.99934075999773
chr4	68497034	68669987	0.492153420722669	2.81308553627324	3	1	0.895104776090551
chr4	102799469	102809943	0.63745055747882	3.11115561395669	3	1	0.938666656694876
chr4	190065991	190081914	-1.87846704215627	0.543945101550823	1	2	0.51227208085473
chr5	17491204	17675659	1.00980819174271	4.02728673141316	4	2	0.550604744790055
chr5	34124738	34193613	1.4632153554348	5.51444370809226	6	2	0.991990689518205
chr5	34919764	34923264	-0.901417297899464	1.07072107354371	1	-1	0.909028219735594
chr5	62489261	62551338	-1.04015120404338	0.972553012041303	1	-1	0.911715521082708
chr5	69400132	69440636	-0.847224917337651	1.11170582815788	1	-1	0.902569898600219
chr5	70201829	70508873	0.389289594264666	2.61949660874428	3	1	0.584619071517798
chr5	71020695	71080015	0.522222960820939	2.87233289066982	3	1	0.92015285631159
chr5	80331635	80360170	2.43707585552026	10.8308596936537	11	2	0.999033700805295
chr5	112827041	112836688	5.80757328722197	112.01695351318	112	2	0.999999958135957
chr5	171391180	171410525	0.989414606208498	3.97075846376218	4	1	0.509201984080877
chr5	178767282	178802648	0.782520758929915	3.4402675287328	3	1	0.89329751356036
chr6	29677774	29965784	1.35638100893003	5.12084186690607	5	2	0.989403680223013
chr6	31166186	31529986	1.33879400960701	5.05879581458283	5	2	0.988628550773063
chr6	31869475	31880461	0.663890739460213	3.16869925749917	3	1	0.935597711556325
chr6	31980662	32045432	-0.472265766184907	1.44166327087985	1	-1	0.508717391798111
chr6	32292958	32500364	-1.08709953601403	0.941413511256994	1	-1	0.908341645568319
chr6	32517622	32666711	3.78764968666789	27.6201583691537	28	2	0.999971344384968
chr6	32666912	32750107	-0.461176387659965	1.45278741713247	1	-1	0.459995434826398
chr6	33092941	33163041	1.91884129088008	7.5623849595088	8	2	0.996892389832753
chr6	42187754	42208984	-0.751358920612492	1.188087490165	1	-1	0.88134702849905
chr6	78243527	78343526	-6.5758369840998	0.0209655286091332	0	2	0.69429809203433
chr6	110888893	110893664	1.31329254867368	4.97016087064382	5	2	0.98706030852839
chr6	123218441	123255927	-0.848070460355145	1.11105446410046	1	-1	0.90269758440027
chr6	137871517	137881396	1.96136620530199	7.78861175819124	8	2	0.997165520424561
chr6	169714744	169718036	-0.622144197161902	1.29940918020396	1	-1	0.818990080062053
chr7	6048684	6111583	-0.584228424077657	1.33401193683762	1	-1	0.784209600826189
chr7	35117809	35162006	-1.07680404532285	0.948155740045973	1	-1	0.909278321851983
chr7	35902947	35972668	0.57696995578604	2.98342592270559	3	1	0.937776282646006
chr7	50319018	50400774	7.0172847086738	259.085543658552	259	2	0.999999999594168
chr7	56976176	57058104	0.733733727433323	3.32587449323481	3	1	0.917610142370034
chr7	57074533	57178361	-0.593157803030648	1.32578073750816	1	-1	0.793688447763273
chr7	81994860	82156897	-0.54287553683613	1.37280285962151	1	-1	0.723819613597946
chr7	92813890	92834147	7.70631093147174	417.696409351256	418	2	0.999999999977307
chr7	102480350	102667259	0.628822311257368	3.09260442743732	3	1	0.939257264588376
chr7	103184008	103277703	-0.962853370956059	1.02608242644679	1	-1	0.912531670918434
chr7	142407702	142627353	-0.543030114680634	1.37265577826821	1	-1	0.724111985545866
chr8	7254144	7393314	1.78437699243483	6.88939354750899	7	2	0.995862243096185
chr8	7393315	7705806	-0.573384902533181	1.34407635466431	1	-1	0.771295165871016
chr8	7712684	7731617	0.604338708311214	3.04056347642423	3	1	0.939742005321838
chr8	7938799	7973239	-1.45665187562646	0.728675366143049	1	-1	0.740139187429879
chr8	12359184	12388769	-1.50069321354309	0.706767098691247	1	-1	0.687649937550893
chr8	25435478	25468492	0.935489222385508	3.8250781463981	4	1	0.672054516643396
chr8	39610478	39668206	1.5095479561669	5.6944162548205	6	2	0.992722365682374
chr8	54054971	54086105	0.916510571463683	3.77508877553837	4	1	0.717921618358339
chr8	60780950	60816090	7.22351641455969	298.899446363163	299	2	0.999999999825614
chr8	73013647	73027202	1.05685121828535	4.16077195342764	4	2	0.708655400753157
chr8	86452425	86468503	0.49272630822415	2.8142028212966	3	1	0.895747155399447
chr8	93702211	93705095	-0.906066719948193	1.06727597885967	1	-1	0.909428530018475
chr8	93707170	93733628	0.433934756690882	2.70182598104913	3	1	0.775131139787729
chr8	94739729	94765332	1.17361435354125	4.51152241467344	5	2	0.939939105096032
chr9	21968066	21974385	2.03594375724944	8.20181815306373	8	2	0.997591881543311
chr9	34838434	34895641	0.392640272889436	2.62558749517355	3	1	0.601692463949112
chr9	36840509	37034074	6.90162609393123	239.125818068806	239	2	0.999999999352754
chr9	38588544	38607549	-1.0823292613088	0.944531449244253	1	-1	0.908789830537425
chr9	83742486	83788742	-0.920049118809537	1.05698205334127	1	-1	0.910495293457697
chr9	83792888	83998487	0.413915857766825	2.664594238651	3	1	0.700609088232225
chr9	105521351	105526500	1.56061940689133	5.89960926456563	6	2	0.993438112334686
chr9	105530521	105575127	-0.674465532180781	1.25312859275359	1	-1	0.851161553681079
chr10	32543255	32664141	-0.753639173518948	1.18621114066866	1	-1	0.882031290337255
chr10	37149615	37197457	-1.04742822528086	0.967659760447757	1	-1	0.911340139460848
chr10	45684374	46006729	-0.462034048588899	1.45192401310059	1	-1	0.463855966453169
chr10	46110229	46946739	-0.558596725430633	1.35792450561109	1	-1	0.750642286582459
chr10	48067302	48180982	-0.681943427706191	1.24665007811385	1	-1	0.854817869164894
chr10	73193516	73249312	0.443642834681791	2.72006821923705	3	1	0.804401056146898
chr10	87864277	87964934	7.38036493237808	333.227794920154	333	2	0.999999999909235
chr10	94628310	95067776	0.566815194886726	2.96250008393641	3	1	0.936173789176521
chr11	18103126	18113360	0.95878780513442	3.88735214928611	4	1	0.607114810238526
chr11	32635622	32760218	-0.68617445419361	1.24299935331054	1	-1	0.856805071145825
chr11	55467143	55727206	0.968648649298366	3.91401327552937	4	1	0.576962813813476
chr11	61204068	61249713	-1.05415132544267	0.963160862004443	1	-1	0.910946219809029
chr11	123940549	123995018	0.475765765283402	2.78131233529915	3	1	0.873174781891037
chr12	9480523	9593660	-2.58006916218438	0.33446585416192	0	-2	0.54804534789261
chr12	10522576	10610767	-0.577534402498214	1.34021605734734	1	-1	0.776436056941488
chr12	21440265	21452094	-0.895378592137564	1.07521219616955	1	-1	0.90847365172708
chr12	21452099	21539391	0.409532654275278	2.65651094031098	3	1	0.681767450384873
chr12	31114708	31615139	0.373264264502118	2.59056047808029	3	1	0.499563884896373
chr12	43796896	43804501	1.76783809180601	6.8108652615168	7	2	0.995716011588596
chr12	56107061	56112840	0.743443696075799	3.34833458159612	3	1	0.913715924903728
chr12	63595950	63647427	-0.682863548651351	1.24585524406711	1	-1	0.855254908719241
chr12	64566693	64622708	6.685154530366	205.807897004302	206	2	0.999999998470008
chr12	111403225	111439011	6.85596833080745	231.676568814502	232	2	0.999999999222855
chr13	18171403	18212094	-1.56815752256988	0.674477619416574	1	-1	0.586560581167058
chr13	18218918	18332095	0.806633871835926	3.49825115831794	3	1	0.875933790972212
chr13	19032754	19131386	0.989649202009105	3.97140419898394	4	1	0.508409409979396
chr13	19450006	19465630	-0.817810832909355	1.13460424521268	1	-1	0.897541769598231
chr13	27089774	27116660	2.03998453375343	8.22482243951112	8	2	0.997613202543372
chr13	35098200	35123576	0.415261399506927	2.66708055428084	3	1	0.706216595705842
chr13	40871080	40943169	-0.540576595912367	1.37499217092087	1	-1	0.719397940784855
chr13	40943794	41017372	7.02730411953356	260.8911362842	261	2	0.999999999610342
chr13	44965747	44980023	-1.07292756241232	0.950706834935758	1	-1	0.909601654928853
chr13	48304140	48359828	6.47596269731404	178.028289175131	178	2	0.999999996544143
chr13	48359900	48479697	7.01699004143801	259.032631419442	259	2	0.999999999593682
chr13	52208390	52279999	2.28740889608522	9.76357093179946	10	2	0.998631727242833
chr13	52532562	52658583	0.673029239509397	3.18883453452077	3	1	0.934097180983766
chr13	57094747	57173577	1.10056944976159	4.28878635366659	4	2	0.828153960377503
chr13	75302095	75310247	1.64823710698992	6.26900772261319	6	2	0.994510261247284
chr14	19618029	19698966	1.09919754945036	4.28470996155201	4	2	0.825004744801734
chr14	35654227	35761049	0.540958971182161	2.90987861202756	3	1	0.929082039063214
chr14	35762618	35775846	-1.86297843303067	0.549816293845793	1	2	0.50722311534366
chr14	39279490	39302193	0.768983214874257	3.40813672788874	3	1	0.901327794137523
chr14	39302198	39318114	-0.668256324730647	1.25853354902206	1	-1	0.847977203775648
chr14	61037511	61052459	-0.85831941031401	1.10318946866473	1	-1	0.904174130604182
chr14	87949842	87953925	-0.922589416501996	1.05512255672942	1	-1	0.910667355363083
chr14	88406536	88437612	-0.745344223950879	1.19305104964091	1	-1	0.879492491836663
chr14	91976025	92081034	-0.526983217545541	1.38800886522766	1	-1	0.690223335026482
chr14	105916640	106874939	-0.461618359446772	1.45234242169707	1	-1	0.461986459765429
chr15	19790202	20535262	-0.787452634679428	1.15873235134	1	-1	0.891052225060982
chr15	20837148	21859562	-0.804147165795494	1.14540105245804	1	-1	0.894794638705221
chr15	21864920	22577308	-0.515884183354302	1.39872836532123	1	-1	0.662107855698368
chr15	27951708	28011024	-0.791579341308428	1.15542263170867	1	-1	0.892018398767067
chr15	28745534	28764223	-1.39275296860172	0.761674779586463	1	-1	0.798855646160867
chr15	82812954	82819574	-2.39004078080933	0.38155401666101	0	-2	0.523212229817152
chr15	92832588	92915320	6.6343665928464	198.688779655236	199	2	0.999999998132542
chr16	11761	44541	0.89735627308671	3.72529912718626	4	1	0.757823952256562
chr16	18870587	18892345	-0.55422255607222	1.36204790332005	1	-1	0.743736486093596
chr16	20488316	20535464	2.82755715071582	14.1974226902979	14	2	0.999625228672916
chr16	21457801	21478248	-1.12266086296948	0.918492048574969	1	-1	0.904194780912236
chr17	3154020	3197671	2.47942046353336	11.153468037305	11	2	0.999125606984883
chr17	7670087	7674149	2.32372313529701	10.0124500157073	10	2	0.998741486650593
chr17	12024637	12141397	7.35580591161122	327.603261916508	328	2	0.999999999899403
chr17	18440397	18551720	-0.82707417621275	1.12734244830645	1	-1	0.899251645554725
chr17	31047598	31373680	6.35696599402575	163.933398106744	164	2	0.999999994546236
chr17	32024589	32034964	-1.57021138942409	0.67351809464846	1	-1	0.58310596427014
chr17	45508311	45545601	-1.86354642554863	0.549599872450136	1	2	0.507425121051362
chr17	45545659	46335606	-0.527021464701995	1.38797206833918	1	-1	0.690313206157811
chr17	62520719	62608236	0.587214978462041	3.00468755416976	3	1	0.938874878517407
chr17	66027368	66070027	-0.500870769359194	1.41336024116367	1	-1	0.617142859277305
chr18	14796067	14822651	-0.849310302037139	1.11010004210157	1	-1	0.902883177859427
chr18	51007323	51078532	4.59132316930847	48.2120934194978	48	2	0.999997441343981
chr19	1208034	1226795	4.93483084582844	61.1733274101172	61	2	0.999999153271991
chr19	4885131	4893153	5.94081571980148	122.85525170397	123	2	0.999999974198416
chr19	4893408	4921971	5.62682115407035	98.8261651374226	99	2	0.999999920126581
chr19	8876238	8922630	0.398875552706554	2.6369597542592	3	1	0.6325119449746
chr19	20946261	21310720	0.483470515105856	2.79620573897667	3	1	0.88438577795244
chr19	21329253	21407672	-0.591098245530462	1.32767474249614	1	-1	0.791585505805304
chr19	43064544	43328391	-1.07352041876593	0.950316234858304	1	-1	0.909553233979347
chr19	54667681	54735843	1.4827816539701	5.58974183867781	6	2	0.992311826571673
chr19	54797916	54852193	-1.77069417802659	0.586135377434576	1	2	0.455725071930332
chr19	54906409	54912902	-0.769345040843333	1.17336751734882	1	-1	0.886475468533227
chr20	6200249	6214618	2.73269523271363	13.2939251659663	13	2	0.99952577975188
chr20	13762703	13771543	-0.533791692191947	1.38147390195624	1	-1	0.705510159604456
chr21	13413621	13427926	-2.01945581834043	0.493302389824447	0	2	0.525131748926006
chr21	13776656	14002105	-0.699062532688315	1.23194467443921	1	-1	0.862521165213077
chr22	18386353	18488557	0.874614370914657	3.66703585150819	4	1	0.797434776137171
chr22	23786710	23831850	5.40549689160274	84.7708819414631	85	2	0.999999826717537
chr22	41160639	41173780	0.709499615489837	3.2704737060247	3	1	0.925679790376963
chrX	2789563	13040858	0.843665460062172	3.58920782122018	4	1	0.83959847235088
chrX	13042830	21649002	0.782048317210016	3.43914112310507	3	1	0.893596973659704
chrX	21652301	58550623	0.937911948396751	3.83150701845738	4	1	0.66573863963666
chrX	62470624	83870008	0.990505429166592	3.97376189294772	4	1	0.505512486343643
chrX	83871393	84333957	0.926895401928215	3.8023607167066	4	1	0.693617273355447
chrX	84336733	115123865	0.891598802982699	3.71046192530766	4	1	0.768616940830866
chrX	115123876	115156719	-2.12482309050489	0.458558248547246	0	2	0.514646055331758
chrX	115163673	118609415	0.881752275007253	3.68522390110876	4	1	0.785857152662116
chrX	118610206	124364504	0.831422026944796	3.55887688871772	4	1	0.853109666961611
chrX	124365706	133027291	0.807139584037061	3.49947762568969	3	1	0.875522382631076
chrX	133027292	155685512	0.854475968353191	3.61620375414288	4	1	0.826256827394277
