Chromosome	Start	End	Segment	CNF	CN	Call	ProbCall
chr1	16757231	16953540	0.858134205143124	3.62538498489416	4	1	0.826854868162739
chr1	25246375	25390915	-0.679221783767471	1.2490041030007	1	-1	0.776732300463471
chr1	77286885	77936055	0.430069752744243	2.69459743145224	3	1	0.667569612190913
chr1	103546863	103618199	-0.717224118496574	1.21653335901992	1	-1	0.805020535430712
chr1	109681709	109700399	-3.29790478236453	0.203358220699256	0	-2	0.576822415165171
chr1	143209147	144345335	0.445216274654442	2.72303641324633	3	1	0.725812895988498
chr1	146088484	146098060	0.761920662159554	3.39149334568753	3	1	0.916481571858869
chr1	146109791	146328246	0.564922881480747	2.95861686293233	3	1	0.930241543843107
chr1	148551343	148560894	-1.36141337669577	0.778401622994508	1	-1	0.735610972771542
chr1	149536490	149539720	-0.667900411803	1.25884406760277	1	-1	0.766195265015546
chr1	158724131	158809077	0.621504218919125	3.07695686466997	3	1	0.944830029928725
chr1	234609721	235480078	0.534703769599036	2.89728934393687	3	1	0.909728635973729
chr2	11451527	11465834	-0.602378349585121	1.31733443290818	1	-1	0.672008229400201
chr2	69642920	69895314	0.538049742672989	2.90401668565419	3	1	0.912647966614266
chr2	86879429	86930292	0.731921035717067	3.32169828198571	3	1	0.929457918010103
chr2	95838741	95982361	-0.813220486999008	1.13822006167582	1	-1	0.84779181762017
chr2	97144535	97191307	-0.976386465569583	1.01650233869192	1	-1	0.872537515546722
chr2	97504815	97576429	-1.08130293280155	0.945203624874221	1	-1	0.866549356704393
chr2	108683874	108730934	-0.833709910967977	1.12216909731879	1	-1	0.853570175783166
chr2	113074244	113120144	0.831668062117869	3.55948386630705	4	1	0.861551610070493
chr2	169563092	169631058	0.516125834308425	2.86021943503431	3	1	0.889770724098834
chr2	171479977	171785595	0.538106088747535	2.90413010750111	3	1	0.912695550387698
chr3	5178161	5184814	8.23510058631796	602.618263213238	603	2	1
chr3	93714064	93906186	0.600845556369782	3.03321036162602	3	1	0.942044088364915
chr3	155922139	156077434	1.04809446758527	4.13559373455731	4	2	0.750016381081254
chr3	168672209	169143880	0.630874552070195	3.09700680295	3	1	0.945376763018606
chr3	186669893	186725297	0.420823300128178	2.67738257068625	3	1	0.628147176414172
chr4	9229823	9359889	0.761920662159554	3.39149334568753	3	1	0.916481571858869
chr4	9363096	9483824	-0.61802968088958	1.30312033969966	1	-1	0.701252001770968
chr4	54723519	54727332	2.69467657663664	12.9481724181734	13	2	0.999966531787003
chr4	54727335	55580988	0.441981714124027	2.71693813222304	3	1	0.714081236438899
chr4	190066847	190196187	1.33372458488167	5.0410511216132	5	2	0.997449354698085
chr5	17491204	17655459	5.72167705457123	105.542266077151	106	2	0.999999999913668
chr5	34178929	34233813	1.89387137527168	7.43262270253936	7	2	0.999566579292636
chr5	72891729	72905396	1.0354095981738	4.09939099248408	4	2	0.706691253669005
chr5	80331635	80360170	2.65538840800502	12.6003194758248	13	2	0.999961736868398
chr5	103005017	103011255	0.710748546469408	3.27330615801686	3	1	0.936026836208532
chr5	112827041	112836688	6.04896879563635	132.419226279307	132	2	0.99999999998412
chr5	171391180	171410525	1.08235583844792	4.23498200229913	4	2	0.847893232398489
chr5	178767282	178822648	0.819340785538224	3.52919901043972	4	1	0.874612102354971
chr5	180948273	181002863	-4.90955064167156	0.0665438596888376	0	2	0.55105151558554
chr6	29173555	29262987	1.38800092228718	5.23431563201624	5	2	0.998090011775856
chr6	29826895	29945383	2.7688266924672	13.6310679549845	14	2	0.999974065222138
chr6	31166186	31529986	1.36028472358333	5.13471685409869	5	2	0.997832743255329
chr6	31869475	31880461	0.704962971931968	3.2602056524213	3	1	0.937499849217642
chr6	31980662	32045432	-1.00701753139673	0.995147628873621	1	-1	0.872483539283424
chr6	32443676	32805175	6.8305990406445	227.638227461458	228	2	0.999999999999781
chr6	33092941	33176577	0.447922251238103	2.72814864222431	3	1	0.735323208244316
chr6	110888893	110893664	1.18711419851833	4.55393657517163	5	2	0.97793381307279
chr6	118469099	118482011	-0.790604862368707	1.1562033340299	1	-1	0.840273145000536
chr6	137871517	137881396	2.05575584321446	8.31522812148553	8	2	0.999734265469982
chr6	159710946	159712598	-1.86679089354896	0.548365269444643	1	2	0.579686626561922
chr7	6796504	6822434	0.986893154405782	3.96382468243	4	2	0.523273832934224
chr7	35117809	35162006	-1.60206706532685	0.658809349650105	1	2	0.418265710681048
chr7	50319018	50400774	6.96687630536091	250.189304403279	250	2	0.9999999999999
chr7	57002029	57058104	1.27982030930699	4.85617465317358	5	2	0.995616269548328
chr7	74529693	74711184	0.500202284131787	2.82882373388531	3	1	0.866596879539482
chr7	92813890	92834147	7.59205404428824	385.892192347007	386	2	0.999999999999998
chr7	97734098	97780191	-0.568986565581961	1.34818028597251	1	-1	0.589407223012284
chr7	103184008	103254793	-1.1021915943973	0.931616699488214	1	-1	0.863307981110351
chr7	142065627	142094610	-4.05414849467908	0.120395343982338	0	-2	0.561214935714632
chr7	151470440	151491066	1.34756137216741	5.08963208644878	5	2	0.997671830511329
chr8	7254144	7295155	1.91079586577305	7.52032945529118	8	2	0.999587910003633
chr8	7731996	7985588	-0.536605239041121	1.37878237406337	1	-1	0.480514150388731
chr8	7990519	8033427	0.709393605392473	3.27023339848326	3	1	0.936383625282284
chr8	39375698	39532152	10.1836140567118	2325.96561918696	2326	2	1
chr8	41896346	43957107	0.4303229578127	2.69507039738384	3	1	0.668610290960629
chr8	60780950	60816090	7.43886753468106	347.018203693621	347	2	0.999999999999994
chr8	86461106	86466884	1.08545195738687	4.2440803129605	4	2	0.855203438718272
chr8	94739418	94765180	1.49297644800472	5.62938160090175	6	2	0.99862966001549
chr9	21968066	21974385	1.98902497768929	7.93937245235816	8	2	0.999674321135229
chr9	34837642	34895641	0.814337390463545	3.51698063296287	4	1	0.879427150343181
chr9	36840509	37034074	6.85987847659298	232.30533502075	232	2	0.999999999999814
chr9	42860442	42913869	-0.955990894959194	1.03097482539387	1	-1	0.871811729010511
chr9	83799172	83978287	0.49811780223464	2.82473945143822	3	1	0.863076992657568
chr9	105521091	105526500	1.27384270715105	4.83609540915679	5	2	0.995245112939823
chr10	37149806	37199805	-1.65249026942707	0.636181238147573	1	2	0.470900133594608
chr10	47483864	48053737	0.441242532642393	2.71554643412017	3	1	0.711345136805089
chr10	87864277	87964934	7.27183702564334	309.08011414656	309	2	0.999999999999983
chr10	94694802	95065033	0.495841388582372	2.82028583871774	3	1	0.859093450399154
chr11	100859420	100933191	0.748706221618135	3.36057062068965	3	1	0.922786208590502
chr11	124015527	124093942	-0.699193961716576	1.23183244980965	1	-1	0.79277594365633
chr12	9480523	9573221	-2.19575537446508	0.436557812688956	0	2	0.539783140466902
chr12	21376220	21452357	-0.63832440765904	1.28491737556473	1	-1	0.732070514471549
chr12	43796896	43804501	1.21287474005058	4.63598127764859	5	2	0.986641745571608
chr12	56107061	56112840	0.598781598824361	3.02887407349089	3	1	0.9416299688838
chr12	63595950	63644414	-1.00430045036465	0.997023593262133	1	-1	0.872543698972396
chr12	64566693	64622708	6.6633151458018	202.715858570418	203	2	0.999999999999436
chr12	111403225	111439011	7.05442573639909	265.842091150366	266	2	0.999999999999939
chr12	112319648	112504889	0.740129303740092	3.34065107523633	3	1	0.926370173041212
chr13	18171403	18212094	-1.46551633640636	0.724211837555594	1	-1	0.60990225300439
chr13	27089774	27116660	1.53652780949716	5.80190956995316	6	2	0.998787190000265
chr13	27423514	27430685	-0.907223369549618	1.06642065629999	1	-1	0.867534036753052
chr13	40958871	41017372	7.02487011897379	260.451352555584	260	2	0.999999999999928
chr13	48304140	48479697	6.73286096694959	212.727238978048	213	2	0.999999999999618
chr13	75302095	75310247	1.64851301877989	6.27020676919153	6	2	0.999115062351427
chr14	18228380	19428935	-0.78040395948406	1.16440750278483	1	-1	0.836447033925958
chr14	35654227	35761049	0.833198232905239	3.56326117719425	4	1	0.859803887544598
chr14	35762618	35775846	-1.92347244665448	0.527238472806486	1	2	0.580307792934502
chr14	104944067	104952904	-0.53164105241144	1.38353481450855	1	-1	0.461690656884599
chr14	105921135	106874939	-0.525270428467001	1.38965770863458	1	-1	0.436962621289346
chr15	19810202	22573064	-0.926931621413483	1.05195163676861	1	-1	0.869704960581094
chr15	92832588	92915320	6.54303194457203	186.500016070675	187	2	0.999999999998897
chr16	18339805	18391232	0.73807535629355	3.33589841473923	3	1	0.9271732546406
chr16	21457801	21479609	-0.825383906680794	1.1286640230184	1	-1	0.85133333819266
chr16	21890042	21910041	-0.629750818504487	1.29257606438683	1	-1	0.719920476905352
chr16	74360587	74421281	0.663033693429057	3.16681742207589	3	1	0.944455898742736
chr16	81014076	81026631	-0.949091672185864	1.03591693690609	1	-1	0.871426865763197
chr17	7670087	7674149	2.0623959440827	8.35358772627325	8	2	0.999739625129603
chr17	12024637	12141397	7.15205963016558	284.455591548104	284	2	0.999999999999966
chr17	31047598	31373680	6.46077295548365	176.163711011029	176	2	0.999999999998265
chr17	37925964	38195978	-0.909651644513096	1.06462721803657	1	-1	0.867834901987073
chr17	39501238	39873154	0.476218824861436	2.78218590735494	3	1	0.818164093183304
chr17	42217125	42569509	0.529701072540028	2.88726008667627	3	1	0.905005142097268
chr17	46334772	46517378	1.0543647191505	4.15360699812996	4	2	0.770150401004252
chr17	46550353	47708995	0.579375072869597	2.98840374054291	3	1	0.93627710800771
chr17	67719737	67724269	-1.47606131821949	0.718937709087486	1	-1	0.594026373230248
chr17	82484722	82631118	1.00415361413725	4.01153285767593	4	2	0.589801471966191
chr18	51047824	51078532	4.54586291092755	46.716584984455	47	2	0.999999976726316
chr19	1208034	1226795	4.70013009728625	51.9888413306656	52	2	0.999999988337971
chr19	4885131	4921971	5.80987471515714	112.195788729344	112	2	0.999999999944978
chr19	54747401	54805005	-1.73884734363559	0.599217912557143	1	2	0.53955874745953
chr19	54805932	54817564	0.392404671875801	2.62515875552269	3	1	0.494194862065647
chr19	54818359	54855942	-2.50002544561846	0.353547154829588	0	-2	0.508992877588238
chr20	6200249	6214618	2.9827785807077	15.8101437576746	16	2	0.999987783059994
chr22	11319687	11952641	-0.943678753010916	1.03981094560446	1	-1	0.871075036507975
chr22	15186952	15877491	-0.555622649854226	1.36072671644143	1	-1	0.547747642185249
chr22	23786710	23831850	5.43217705369495	86.3531591758499	86	2	0.999999999632484
chr22	41160639	41173780	0.857737319227427	3.62438777737571	4	1	0.827450726113294
chrX	2789563	58550623	0.967791280912826	3.911687937039	4	1	0.545630368973527
chrX	62470624	83870008	1.07273876146184	4.20684528594451	4	2	0.823526697360604
chrX	83871393	115130262	0.941064017944489	3.8398874309938	4	1	0.636791393683551
chrX	115149797	124364504	0.93567595822286	3.82557327903449	4	1	0.653505089003367
chrX	124365706	156003464	0.974375554169879	3.9295811741516	4	1	0.521400921623895
