Chromosome	Start	End	Segment	CNF	CN	Call	ProbCall
chr2	88862124	90295570	2.10854023219255	8.62509431216514	9	2	0.973403083612773
chr5	16941842	17643228	2.29646117377306	9.82502564987409	10	2	0.975589121377347
chr6	25885418	26432383	2.58128107459342	11.9694177942839	12	2	0.978204889348878
chr6	27122656	28964737	0.568736883384793	2.96644880174292	3	1	0.825705800800693
chr6	30699806	31660772	0.628511076659695	3.0919373275642	3	1	0.821396888758398
chr7	142450946	142544685	3.54777954609164	23.3893448455809	23	2	0.982736019645503
chr7	142554835	142789040	-5.73327317270997	0.0375961001085115	0	-2	0.999724220471545
chr10	133374735	133778699	-3.80424911229199	0.143165014597722	0	-2	0.978597108519518
chr14	18237823	20784293	-0.477017221617214	1.43692302372571	1	2	0.49581207356144
chr14	20801227	22320691	1.2316756484952	4.69679181776303	5	2	0.955382262824146
chr14	102539643	106666532	1.03566231951844	4.10010915836095	4	2	0.916391755718384
chr14	106671771	106695397	-6.46728626028915	0.0226038720748547	0	-2	0.999959403215834
chr14	106703845	106879812	1.65445080625149	6.29606661941887	6	2	0.966095884715743
chr15	19790202	22222934	0.534297383361254	2.89647333454638	3	1	0.812707162035213
chr16	32786393	34163110	1.00246675496578	4.00684514733045	4	2	0.885073091582418
chr17	40993429	41468146	3.88941179498639	29.6387314311009	30	2	0.983177659906401
chr19	53632055	53766632	-3.64060439741217	0.160361042049509	0	-2	0.970567576518946
chr21	5011798	8247846	-0.486249414669355	1.42775712616093	1	2	0.514765798835519
chr21	29180424	31038476	0.800875932172285	3.48431711394235	3	1	0.60406170618235
chr22	21463962	22923034	2.16562242359062	8.97319910691688	9	2	0.974110819973053
chrX	135135148	136816574	-0.516967969368108	1.3976780026728	1	2	0.561891011536757
