Chromosome	Start	End	Segment	CNF	CN	Call	ProbCall
chr2	88931665	92135200	2.45369659848321	10.9563594541493	11	2	0.999997174143006
chr5	17491324	17635053	2.95104433140323	15.4661727931901	15	2	0.99999993207499
chr6	24365650	28015777	0.847121312260669	3.5978157663109	4	1	0.56395285743793
chr14	20781050	22503814	1.99040524752304	7.94697192404735	8	2	0.999939407710884
chr14	103187220	106879812	1.58292337035101	5.99152548562298	6	2	0.99870272421953
chr17	40993429	41397592	4.30650950728721	39.5747822519679	40	2	0.999999999999742
chr19	51394487	53761222	-1.9157085121861	0.530083481043617	1	-1	0.58081541936105
chr21	30098037	32625096	1.43717821493931	5.41581408597813	5	2	0.992753756367537
chr22	15176843	17115694	-0.715288363394625	1.21816675427164	1	-1	0.560051055142216
chr22	17116298	22988581	0.80509764863793	3.49452810237083	3	1	0.604752910961957
