Chromosome	Start	End	Segment	CNF	CN	Call	ProbCall
chr1	247840927	248937043	-0.854904606628423	1.10580376846893	1	-1	0.976587687998228
chr2	88885396	92135200	-2.31289484111789	0.402512407105181	0	-2	0.998499448302328
chr5	58197	25716715	0.640365298435769	3.11744757383947	3	1	0.951309848861811
chr6	28188049	58438364	-0.57226701862318	1.34511822668776	1	-1	0.723358014987283
chr7	141811804	146100566	-1.59886842572999	0.660271634755492	1	-1	0.66244849757652
chr11	54591479	56376553	-0.826111822086881	1.12809469639071	1	-1	0.976443117058507
chr14	18257823	23376403	-1.1857579021767	0.879187084411431	1	-1	0.949976268282777
chr14	99964528	101062118	-3.06963678292969	0.238219466782887	0	-2	0.999999991650529
chr14	101064150	105499575	0.491648736912738	2.81210163434544	3	1	0.651702539931779
chr14	105526602	106879812	-2.05074961439828	0.482717282717282	0	-2	0.967319221573385
chr15	19810202	30225564	-0.565243970723357	1.35168223393548	1	-1	0.697519219181698
chr17	26981693	42699814	-0.63943483997319	1.28392876413198	1	-1	0.894025217583809
chr19	47778571	55087923	-0.58818496138836	1.33035847092072	1	-1	0.776491127733342
chr21	28887279	31628600	-1.9654595494895	0.512115258677144	1	-2	0.923772423963847
chr22	22303223	22919851	-2.13294561900059	0.455983770304792	0	-2	0.986665367751708
