Chromosome	Start	End	Segment	CNF	CN	Call	ProbCall
chr1	25153829	25385885	-0.929064093189053	1.05039787798409	1	-1	0.932236642847169
chr1	60192937	60232936	-1.82423272151366	0.564782494724904	1	-1	0.570485361570364
chr1	65226806	65253336	1.2120632365703	4.63337431155074	5	2	0.992516279010952
chr1	67415046	68567421	0.588133374230422	3.00660089743828	3	1	0.942227034182236
chr1	83774308	84766669	0.447458976971226	2.72727272727274	3	1	0.751956269811084
chr1	121614147	121974146	-1.8325058759536	0.561553010396906	1	-1	0.559612283112742
chr1	143189147	143274146	-2.11291391378811	0.462359227400742	0	-2	0.513205719552169
chr1	146070514	146087661	-0.968884617357029	1.02180180024608	1	-1	0.932528262090722
chr1	146088484	146098060	1.40800713671041	5.30740681695439	5	2	0.997984176288315
chr1	148537201	148575421	-0.529390318706368	1.38569493750723	1	-1	0.617838504255266
chr1	149494269	149553108	-0.508167778866515	1.40622965229558	1	-1	0.55638693910776
chr1	167303767	169210950	0.544967915938807	2.91797579496347	3	1	0.915398283349574
chr1	191490086	191595085	-0.847996906554948	1.11111111111111	1	-1	0.928500942562196
chr1	192342912	193300988	0.407305369030205	2.65241288596762	3	1	0.617377079542933
chr1	196752576	196847261	-4.16035439311674	0.111850654759165	0	-2	0.743515471951413
chr1	199789352	202329522	0.44670016643556	2.72583864794516	3	1	0.749822596359568
chr2	46597901	48425682	0.447458976971226	2.72727272727274	3	1	0.751956269811084
chr2	92060094	92135093	-1.04770858968767	0.967471729722186	1	-1	0.93092610339444
chr2	180548657	183138850	-0.547115565495727	1.36877416455484	1	-1	0.66569581152356
chr2	183138851	185544256	-0.509626708593551	1.40480831708903	1	-1	0.560716066660471
chr2	185547171	192764747	-0.520839522836392	1.39393228313688	1	-1	0.593521091384905
chr3	5178161	5184814	8.36442344434865	659.131927551603	659	2	1
chr3	68007435	70170547	0.463811148611965	2.75836074561404	3	1	0.794101129525513
chr3	75376602	75584964	0.993087663628415	3.98088077336199	4	2	0.52609896693539
chr3	90094834	90264686	0.667264065833503	3.17611701583013	3	1	0.960728487453607
chr3	98168584	98421823	0.707326103726341	3.26555023923447	3	1	0.960803433572544
chr3	111365593	114339130	0.447335429013171	2.72703918203986	3	1	0.751609962360913
chr3	128925995	130040664	0.514818663687891	2.85762907364121	3	1	0.884229348426243
chr3	130043426	130082082	-3.36451912552428	0.194181932062342	0	-2	0.759351864632428
chr3	130082283	134915962	0.422287972863763	2.68010212016192	3	1	0.672617228404727
chr3	134915963	145980094	-0.533449175955527	1.38180192236397	1	-1	0.629123917170938
chr3	145980095	155919390	0.447458976971223	2.72727272727273	3	1	0.751956269811076
chr3	155922139	156131246	0.797243606090318	3.47555555555556	3	1	0.937633915271198
chr3	156131247	162149159	0.406767229033604	2.65142369335076	3	1	0.615293060615072
chr3	162769160	162909159	-1.35645275229376	0.781082719221175	1	-1	0.892894940064361
chr3	162909160	170828351	0.431900910335114	2.69801975227718	3	1	0.704989507393776
chr3	170828352	173507952	0.625831881445115	3.08620069141129	3	1	0.954666651945531
chr3	176665353	189269266	0.450146553649383	2.73235806122039	3	1	0.759384653471224
chr3	189269267	193216885	-0.533681995777459	1.38157894736842	1	-1	0.629765788927743
chr4	7596901	9176074	0.482782105914678	2.79487179487179	3	1	0.834310778518466
chr4	9176275	9272867	-1.21370419007875	0.862320336892823	1	-1	0.918071104301109
chr4	9325132	9444520	0.733384980700383	3.32507061739783	3	1	0.957896467122209
chr4	9444721	9480154	-3.13214456209443	0.228118512875015	0	-2	0.750849023209734
chr4	9483705	24116807	0.414274572163368	2.66525685072533	3	1	0.643761037569479
chr4	39953765	41914019	0.433815500035143	2.7016026508201	3	1	0.711134268725871
chr4	51795751	51825750	-3.21734129440327	0.215037280856301	0	-2	0.75467950114494
chr4	68502034	68669987	0.862496476250067	3.63636363636364	4	1	0.880683362497832
chr4	190066847	190097727	1.08091063458394	4.23074177988499	4	2	0.878019268207833
chr5	10202	1292854	0.478022827547989	2.78566703818252	3	1	0.825046268122992
chr5	17491204	17685659	0.409734475856177	2.65688259109313	3	1	0.626702570201361
chr5	29048586	29338585	-0.690171845824294	1.23956004163418	1	-1	0.884688386780268
chr5	50111303	50321302	-0.697182080981758	1.23355147478632	1	-1	0.889051414090566
chr5	57832971	60445515	-0.584962500721154	1.33333333333334	1	-1	0.753009499889452
chr5	60725372	60782367	-1.89690355098393	0.537038137415822	1	-1	0.470396316130542
chr5	62249274	69217974	-0.646363045385293	1.27777777777778	1	-1	0.847093364280317
chr5	71178462	80326701	-0.487665299366239	1.42635658914729	1	-1	0.494713975979917
chr5	80326702	80360170	1.57802778739697	5.9712285424554	6	2	0.998792434047251
chr5	84564703	86516569	-0.521952703195355	1.39285714285714	1	-1	0.596725060604434
chr5	86516570	95345178	-0.504344040512866	1.40996168582376	1	-1	0.544988316864302
chr5	99634604	103003150	-0.488283652767437	1.42574536956527	1	-1	0.496585149103484
chr5	103005017	103016455	0.911022326471836	3.76075500926692	4	1	0.787832864448675
chr5	103017293	110495174	-0.562646074566305	1.3541184339147	1	-1	0.70418622522534
chr5	110495175	112827226	-0.494359951940242	1.41975308641976	1	-1	0.514960787331342
chr5	112827227	112836688	6.23710047816814	150.863550900862	151	2	0.999999999998706
chr5	112836944	117295208	-0.504446560014895	1.40986149594992	1	-1	0.545294831565388
chr5	117295209	118534228	-0.761994388657723	1.17936117936118	1	-1	0.915243911248207
chr5	119661031	126255221	-0.533681995777461	1.38157894736842	1	-1	0.629765788927748
chr5	126255222	128378902	-0.488415622982602	1.42561495578248	1	-1	0.496984496823265
chr5	128379103	131140992	-0.596935142387227	1.32231404958678	1	-1	0.775893221948683
chr5	131140993	138076875	-0.504042505337588	1.41025641025641	1	-1	0.544086515154518
chr5	142017328	161230892	-0.491087571753782	1.42297708374153	1	-1	0.505068646701848
chr5	161230893	168082496	-0.55254102302878	1.36363636363636	1	-1	0.679537223064494
chr5	168082497	174992034	-0.528416027729006	1.38663105082901	1	-1	0.615103566940536
chr5	180948273	181002863	-2.30231049831579	0.405476301368901	0	-2	0.62959989631468
chr6	60202	16312187	0.724658924986936	3.30501982337869	3	1	0.959147493777816
chr6	16312188	23350552	0.429709737926883	2.69392509672842	3	1	0.6978324995233
chr6	23350553	25784461	0.708764301008228	3.26880723191458	3	1	0.960706168621733
chr6	25784462	29087274	0.412637169747611	2.66223360445443	3	1	0.637665941989788
chr6	29087475	29885742	0.735979911310354	3.33105670017143	3	1	0.957467113437258
chr6	29887761	29943037	1.6053782144809	6.08551017087057	6	2	0.99888936482484
chr6	29943218	29975406	-2.4587139903467	0.363817289367698	0	-2	0.678155785923735
chr6	30968289	31647921	0.789766437493013	3.45758911977495	3	1	0.941279331563048
chr6	31648671	32261079	0.380777628598982	2.60408696436871	3	1	0.508291581342738
chr6	32262693	32422327	-0.556862511951234	1.35955780084843	1	-1	0.690263289229949
chr6	32422328	32805175	1.66985139830768	6.36363636363641	6	2	0.999089793027132
chr6	32805176	50518870	0.422661041415649	2.68079526117754	3	1	0.673920064576107
chr6	77212740	77317739	-0.925999418556221	1.05263157894737	1	-1	0.932179351136427
chr6	83980101	91417087	-0.520832163301439	1.3939393939394	1	-1	0.593499873663335
chr6	91417088	96051650	-0.616671360448492	1.30434782608696	1	-1	0.808630630771112
chr6	96051651	105853030	-0.478540441584995	1.4354066985646	1	-1	0.467139191052144
chr6	105853231	110887675	-0.495580926589392	1.4185520361991	1	-1	0.518647485812525
chr6	110888893	110893664	0.579487324574971	2.98863626817859	3	1	0.938129440145931
chr6	110893865	128865630	-0.533681995777459	1.38157894736842	1	-1	0.629765788927743
chr6	129070182	137871462	-0.535479106579112	1.379859038015	1	-1	0.634699632259291
chr6	137871517	137891596	1.23046377584366	4.69284814051952	5	2	0.994376295483131
chr6	137891597	150739297	-0.529006094747134	1.38606403013183	1	-1	0.616761113815691
chr6	150739298	151097851	-1.52447211876091	0.695213441564392	1	-1	0.833769054974458
chr7	16021686	16066685	-1.61143471208234	0.654545454545458	1	-1	0.782861997083192
chr7	50319018	50400774	7.10000887916512	274.375695068041	274	2	0.999999999999993
chr7	61000237	61115236	0.862496476250072	3.63636363636365	4	1	0.880683362497826
chr7	61115237	61605236	-2.57781460879846	0.334988945055821	0	-2	0.700343503379162
chr7	64024907	77689630	-0.506577894417568	1.40778020523022	1	-1	0.551656200925799
chr7	86357123	86467122	-0.534038304759978	1.38123777463885	1	-1	0.630746932528693
chr7	89334222	89532254	-0.578788733100952	1.33905133203379	1	-1	0.740300749990965
chr7	92813890	92834147	7.77001541829684	436.553730075016	437	2	1
chr7	116763513	116774458	1.83010568378584	7.11126236163963	7	2	0.999450930185752
chr7	118360235	118650234	0.552571253454796	2.93339479943869	3	1	0.921414760721828
chr7	118650235	118695234	-1.13750352374993	0.909090909090912	1	-1	0.925714314548501
chr7	118695235	130107269	0.404390255079337	2.64705882352941	3	1	0.606011767547841
chr7	130107270	142449500	0.724992952500134	3.30578512396695	3	1	0.959104934067067
chr8	208105	6977129	-0.517622341132319	1.39704419330538	1	-1	0.584203263367397
chr8	7398315	8230922	-0.919586302232046	1.05732118758435	1	-1	0.932041884671575
chr8	8235810	13588130	-0.562168834388593	1.35456644725281	1	-1	0.703056477221967
chr8	13588131	16555528	-0.646363045385299	1.27777777777778	1	-1	0.847093364280324
chr8	16555529	23634970	-0.541339052578168	1.37426568685062	1	-1	0.650522234083214
chr8	23634971	24915744	-0.681056904571434	1.24741636879642	1	-1	0.878413891448402
chr8	24917048	30898881	-0.57062531558642	1.34664976422093	1	-1	0.722552768223488
chr8	30898882	30921171	0.599462070416276	3.03030303030304	3	1	0.94682332930097
chr8	30921372	37343084	-0.582670579232074	1.33545320196469	1	-1	0.748363690678186
chr8	39360132	39527152	7.87122406471904	468.27884848407	468	2	1
chr8	60780950	60816090	7.44519498400786	348.543517208618	349	2	0.999999999999999
chr8	106290956	115550530	0.416280631026204	2.66896545230082	3	1	0.651138305225181
chr8	115550531	127597184	0.752513547041841	3.36945100317979	3	1	0.95406579684614
chr8	127597185	145074357	1.08282692869327	4.23636509742149	4	2	0.882653086197595
chr9	1092508	3669470	-0.60986309799694	1.31051775723082	1	-1	0.798022897803538
chr9	3669471	7633232	-0.552541023028775	1.36363636363637	1	-1	0.679537223064481
chr9	7633233	14005694	-0.638934051870861	1.28437451866701	1	-1	0.8385911405089
chr9	14005695	21967405	-0.564083421925866	1.35277000665857	1	-1	0.70756771230302
chr9	21968066	21974385	1.5207335655482	5.73873822020196	6	2	0.998563136629079
chr9	21974406	23377188	-0.552541023028772	1.36363636363637	1	-1	0.679537223064474
chr9	23377189	29959202	-0.580538549761893	1.33742820733183	1	-1	0.743965481267193
chr9	36833880	37034074	7.00786981765399	257.400280884279	257	2	0.999999999999988
chr9	40812396	40862395	-1.24859457405345	0.841715987954603	1	-1	0.913389900056459
chr9	60521462	60686461	-1.63947665980006	0.641945773524721	1	-1	0.762469958712059
chr9	102682598	103001712	-0.552541023028776	1.36363636363637	1	-1	0.679537223064484
chr9	133554711	137309755	0.475449592472045	2.78070286554775	3	1	0.819814060149284
chr10	10202	5540760	-0.533888316126878	1.38138138138139	1	-1	0.630334093683905
chr10	39226403	39381402	-0.640003864279121	1.28342245989305	1	-1	0.839859166424515
chr10	39381403	39551402	1.26579034379978	4.80917806252907	5	2	0.996216533238584
chr10	39551403	39636402	-1.41580468623704	0.749601275917065	1	-1	0.876622963925228
chr10	41696403	42216045	-0.550591841270301	1.36547997674498	1	-1	0.674611665822171
chr10	46191621	46868209	1.27304006620771	4.83340560396767	5	2	0.996435071084836
chr10	47461414	48053737	1.27686509249846	4.84623744521277	5	2	0.996536729681503
chr10	69693445	70493185	0.467813179433868	2.76602305102934	3	1	0.803330046927498
chr10	87864277	87964934	7.3457125421329	325.319285937899	325	2	0.999999999999999
chr10	116096541	133422061	-0.498548011350162	1.41563760255793	1	-1	0.527592813582417
chr11	40751550	40931549	-0.489775581986847	1.42427173054662	1	-1	0.501099564484348
chr11	54591515	54685762	0.62629574292938	3.08719313940601	3	1	0.954773452319377
chr11	55598301	55727206	0.769387071858588	3.40909090909092	3	1	0.949263043917959
chr11	57917347	57938388	3.51548208422479	22.8715476084213	23	2	0.99999892883454
chr11	65516824	67342075	0.452501820893969	2.73682240690165	3	1	0.765730243677475
chr11	67342076	69001237	0.784910089571387	3.4459698753157	3	1	0.943427661377265
chr11	69005343	76513548	0.485840983795171	2.80080391557637	3	1	0.839990260652115
chr11	76516067	100850452	0.447458976971224	2.72727272727273	3	1	0.751956269811079
chr11	100850453	102432417	0.860959292795271	3.63249117476323	4	1	0.882735364620497
chr11	102432418	111675665	0.498578546953513	2.82564171532154	3	1	0.861460292646102
chr11	122838428	135071987	0.451049079311661	2.7340679130678	3	1	0.761834328897398
chr12	9480523	9633106	-1.98144250792396	0.506473079249851	1	-2	0.390761927282087
chr12	11008148	11133533	-1.31894314698445	0.801656920077973	1	-1	0.901191603039661
chr12	37679925	37769924	-0.713505070472454	1.21967344227262	1	-1	0.897828908629583
chr12	45317300	47497725	-0.554844038831301	1.36146128801589	1	-1	0.685287096388453
chr12	47497726	48865772	0.411870220200161	2.66081871345029	3	1	0.634788681841227
chr12	59954927	60024926	-0.972554120751964	1.01920614373879	1	-1	0.9325156151246
chr12	64551653	64611410	6.55066410844029	187.489255191024	187	2	0.999999999999797
chr12	68532590	70470949	0.383328639551507	2.60869565217392	3	1	0.519223556435149
chr12	111403225	111439011	6.90522900551338	239.723744758251	240	2	0.999999999999977
chr13	18171403	18477492	0.639906286555317	3.11645587578835	3	1	0.957486653542953
chr13	19087754	19136586	0.967469515738412	3.91081560812132	4	1	0.589169094288434
chr13	20091235	27080649	-0.571106968691236	1.34620025149576	1	-1	0.723629470561058
chr13	27080650	27116660	1.03658744006595	4.10273917477675	4	2	0.729379007049632
chr13	27117610	33216439	-0.552997129874202	1.3632053192672	1	-1	0.680682019040821
chr13	33216440	40974255	-0.615208742936538	1.30567085645597	1	-1	0.806411246070224
chr13	40976205	41017372	6.67656316470284	204.585936378923	205	2	0.999999999999905
chr13	41017573	48304121	-0.530820579813796	1.38432186597646	1	-1	0.621835484953454
chr13	48304140	48485369	6.37358403049254	165.832622478202	166	2	0.999999999999418
chr13	48489909	52218389	-0.572058933537194	1.34531225191161	1	-1	0.725746691768194
chr13	52218390	52235314	0.921997487998728	3.78947368421053	4	1	0.757575713547204
chr13	52235515	52530388	-0.550984476853172	1.36510840613433	1	-1	0.675608159186432
chr13	53996069	72307015	-0.588164932759497	1.33037694013304	1	-1	0.75935807412197
chr13	72307016	79706379	-0.52515775491877	1.38976624423974	1	-1	0.605888158755762
chr13	79706380	92981681	-0.578076115135908	1.33971291866029	1	-1	0.73879409661167
chr13	92981682	103066265	-0.552541023028776	1.36363636363637	1	-1	0.679537223064484
chr13	103066466	106225334	-0.611434712082344	1.30909090909091	1	-1	0.800534524273328
chr13	108026804	109622177	-0.639629453640167	1.28375557906835	1	-1	0.839417084839825
chr14	19484471	20001793	0.457836844327085	2.74696179292558	3	1	0.779542335492923
chr14	20002108	24714512	-0.495188269709282	1.41893817464661	1	-1	0.517462178977805
chr14	24714513	30590828	-0.618693990781566	1.30252043713419	1	-1	0.811646883666236
chr14	30592335	35651941	-0.534124940587242	1.38115483189563	1	-1	0.630985278899187
chr14	35654227	35760891	0.479226517237654	2.78799218506437	3	1	0.827439500685356
chr14	35760919	40957427	-0.526562338970363	1.38841384923147	1	-1	0.609873541603635
chr14	40957428	40992427	0.64385618977473	3.12500000000001	3	1	0.95812938868459
chr14	40992428	47936206	-0.552541023028776	1.36363636363637	1	-1	0.679537223064484
chr14	47936207	68002406	-0.552541023028775	1.36363636363637	1	-1	0.679537223064481
chr14	105241294	106077807	0.558937279497399	2.94636727688787	3	1	0.925976421795544
chr14	106077808	106113525	-5.47145549960866	0.0450772870436081	0	-2	0.526740780127207
chr14	106700619	106880139	0.569738601929184	2.968509236249	3	1	0.932820040851358
chr15	19780202	19810201	-3.77980477895063	0.145611400661744	0	-2	0.759811509794112
chr15	67894037	76601929	-0.552541023028779	1.36363636363636	1	-1	0.679537223064492
chr15	76601930	85871002	-0.521641696340888	1.393157438347	1	-1	0.595830996169966
chr15	85871003	88113365	-0.722466024471089	1.21212121212121	1	-1	0.901922543480682
chr15	88113366	92831759	-0.554346139131581	1.36193123359234	1	-1	0.684050480384155
chr15	92832588	92915320	5.94669063969648	123.35656093308	123	2	0.999999999993173
chr15	92915521	97290373	-0.566505112152158	1.3505011682483	1	-1	0.713192842131004
chr15	97290374	101751792	-0.524917583785791	1.38999762336597	1	-1	0.60520480503017
chr16	14688070	15168814	0.384712188972996	2.61119860009942	3	1	0.52512484867557
chr16	70167398	74354001	-0.520832163301439	1.3939393939394	1	-1	0.593499873663335
chr16	74354202	74431481	0.526543048840778	2.88094685815466	3	1	0.897886503825964
chr16	74431482	83665366	-0.553253640993812	1.36296296296297	1	-1	0.681324537445629
chr16	83665367	90227676	-0.483426499684967	1.43055354717394	1	-1	0.481891349814123
chr17	62040	3160105	-0.566149769578608	1.35083384400555	1	-1	0.712373146345251
chr17	3160106	10389750	-0.52327915285843	1.39157710393566	1	-1	0.600528662541609
chr17	10539939	12024635	-0.487244414346533	1.42677276836858	1	-1	0.493440368705368
chr17	12024637	12141397	6.83267566807791	227.966127784366	228	2	0.999999999999963
chr17	12141598	16417863	-0.563496193809097	1.35332074417011	1	-1	0.706190038651379
chr17	16419269	19024415	-0.519972431518737	1.39477031878278	1	-1	0.591018100939397
chr17	19024616	19242559	0.401946828444331	2.64257941537086	3	1	0.59634565741696
chr17	19242560	21858114	-0.565882304813156	1.35108430161459	1	-1	0.711754868699518
chr17	21858115	21903114	0.86249647625007	3.63636363636365	4	1	0.880683362497829
chr17	21903115	22761913	-0.551729252538145	1.36440386558035	1	-1	0.677492412935082
chr17	26936914	31094507	-0.560252781663522	1.35636665098251	1	-1	0.698485824268197
chr17	31095295	31373680	6.03082391991313	130.764209918032	131	2	0.999999999995761
chr17	31373685	42752902	-0.564303172260558	1.35256396933651	1	-1	0.708081894904677
chr17	62139867	83245589	0.452217125840398	2.73628238776611	3	1	0.764971333955738
chr18	10202	11096482	-0.562865496306923	1.35391249958933	1	-1	0.704704483675843
chr18	33098102	33196432	-0.602308859804229	1.31739788601723	1	-1	0.785413078159567
chr18	51037323	51078532	4.92887980676118	60.9215104636214	61	2	0.999999998435976
chr19	60571	1208030	-0.513862338855093	1.40068996755542	1	-1	0.573212281340099
chr19	1208034	1226795	4.49040774775605	44.9549398073115	45	2	0.999999986545525
chr19	4885131	4921971	5.91353822858996	120.554210428546	121	2	0.999999999991772
chr19	24388209	24448208	-3.03735461110668	0.24361002158298	0	-2	0.745573519471888
chr19	27243209	27323208	-0.868047424984336	1.09577574497384	1	-1	0.929930989096225
chr19	27323209	27503208	0.481016074900496	2.79145263119542	3	1	0.830934577003176
chr19	33478049	54693264	-0.500393928459325	1.41382746350752	1	-1	0.533145786019466
chr19	54818359	54855942	-2.10298445546107	0.46555242605409	0	-2	0.504924439012364
chr19	54856143	54885596	1.3536369546147	5.11111111111111	5	2	0.997604955514747
chr19	54885621	58604632	-0.490906478905725	1.42315571272367	1	-1	0.504520869408854
chr20	60202	1583922	-0.539447841468784	1.37606837606838	1	-1	0.645461428994271
chr20	1588394	1611704	1.40800713671041	5.30740681695439	5	2	0.997984176288315
chr20	1611905	6189805	-0.546412247509114	1.36944160857861	1	-1	0.663871898607541
chr20	6189806	6214618	1.11039539323336	4.31809622594814	4	2	0.934669259021886
chr20	6215029	13942037	-0.583407364556559	1.33477135924282	1	-1	0.749866481541044
chr20	13942038	13976405	0.640104054913619	3.11688311688312	3	1	0.957520324798687
chr20	13976406	23791056	-0.534449182735654	1.3808444556367	1	-1	0.631876555207641
chr20	26333585	26383584	-5.48635180548495	0.0446142437222915	0	-2	0.52257052401296
chr20	30955659	61493435	0.507902412090299	2.84396244112963	3	1	0.875117218456969
chr20	61493436	64333190	0.71126172137658	3.27447069891084	3	1	0.960520352696581
chr21	7949957	8696387	-0.558748691942705	1.35778147595003	1	-1	0.69485907175507
chr21	35665336	37952985	0.598749452451238	3.02880658436215	3	1	0.946558150379694
chr22	10510202	10691258	-2.32457013684696	0.399268140766119	0	-2	0.638524981224183
chr22	11319687	11972641	-0.896029419857938	1.07472725648045	1	-1	0.931316877861026
chr22	12027642	12132641	0.989184383851784	3.97012486871281	4	2	0.507240375226243
chr22	12132642	12901951	-0.508347513173579	1.40605447184395	1	-1	0.556920905590495
chr22	16307841	16393156	1.0446011615906	4.12559202428022	4	2	0.761986569115555
chr22	16393157	17524996	-0.500865403591038	1.41336549783765	1	-1	0.534562341024188
chr22	18202302	18887005	1.0398350587721	4.1119851624601	4	2	0.742865829196254
chr22	23786710	23993864	0.822018532856805	3.53575554426963	4	1	0.922099881776446
chr22	41160869	41173780	0.852835012105849	3.61209293481017	4	1	0.892866252629259
chrX	10202	115201	-1.72043534643864	0.606914272623384	1	-1	0.690947474215579
chrX	2782340	3818557	0.447154696173157	2.72669757508081	3	1	0.751102599001639
chrX	3818758	3937002	2.12741818733286	8.73869704453798	9	2	0.999793579047687
chrX	3937003	5661332	0.572989859055082	2.97520661157025	3	1	0.934677016006011
chrX	5771333	16321780	0.49824615184348	2.82499076604125	3	1	0.860942603054575
chrX	16321781	16366780	-0.690550844394324	1.23923444976077	1	-1	0.884934197780875
chrX	16366781	20661871	0.42185465712529	2.67929726812444	3	1	0.6710993732928
chrX	20661872	20761871	-0.552897332011294	1.36329962172146	1	-1	0.680431787326276
chrX	20761872	22679629	0.514573172829759	2.85714285714286	3	1	0.883919927194607
chrX	22679630	22834629	-0.999999999999998	1	1	-1	0.932224799606683
chrX	22834630	25325967	0.459431618637299	2.75	3	1	0.783521581368822
chrX	25500968	25931499	0.504962951240659	2.83817382647114	3	1	0.870987801231488
chrX	26066500	26228378	0.447458976971226	2.72727272727274	3	1	0.751956269811084
chrX	26413379	26754179	0.862496476250072	3.63636363636365	4	1	0.880683362497826
chrX	26909180	27927597	0.47804729680465	2.7857142857143	3	1	0.825095261102036
chrX	27927598	27972597	-1.84799690655495	0.555555555555556	1	-1	0.538837209992206
chrX	27972598	32013803	0.56293619439116	2.95454545454546	3	1	0.928636009326381
chrX	32216884	35194958	0.64010405491362	3.11688311688312	3	1	0.957520324798687
chrX	35194959	35229958	-0.874469117916138	1.09090909090909	1	-1	0.930306386255403
chrX	35229959	36670249	0.64010405491362	3.11688311688312	3	1	0.957520324798687
chrX	36945250	37418217	0.89846307965886	3.72815819820076	4	1	0.817826419814131
chrX	37418218	41873429	0.479167836698561	2.78787878787879	3	1	0.827323623437329
chrX	42013233	44876881	0.391550235820569	2.62360446570974	3	1	0.553944118144112
chrX	44877054	45400995	6.52673384675128	184.404985059214	184	2	0.999999999999766
chrX	45450996	51937256	0.459167631992915	2.74949684664009	3	1	0.78286759702126
chrX	52261505	55778565	0.450659597625749	2.73332990148356	3	1	0.760779940530738
chrX	55778566	55818565	-3.54523826903583	0.17131955391748	0	-2	0.761835877151261
chrX	55818566	56048565	0.447458976971225	2.72727272727273	3	1	0.751956269811082
chrX	56200087	56309764	0.514573172829759	2.85714285714286	3	1	0.883919927194607
chrX	56651033	57529256	0.708446643620252	3.26808757430768	3	1	0.960728262171721
chrX	57529257	57960623	0.454345362556462	2.74032187907786	3	1	0.770590756516017
chrX	57960624	58065623	0.73696559416621	3.33333333333334	3	1	0.957296920309601
chrX	58065624	58405623	0.639624355914777	3.11584691926474	3	1	0.957438378611977
chrX	58405624	58515623	1.69197801733254	6.46198775737195	6	2	0.999150372331883
chrX	58515624	58550623	-0.975904324382533	1.01684210526316	1	-1	0.932498560657156
chrX	62705624	66746221	0.665673422825235	3.17261711867474	3	1	0.960614184155724
chrX	66966222	67964199	0.768674453893549	3.40740740740742	3	1	0.949496308891475
chrX	67964200	68019199	-1.26303440583379	0.833333333333336	1	-1	0.911204452956167
chrX	68019200	76253363	0.617865241907485	3.0692054927457	3	1	0.952674655370984
chrX	76253364	76298363	-1.87446911791614	0.545454545454546	1	-1	0.502244359422442
chrX	76298364	76841140	0.597288495322953	3.02574099065327	3	1	0.946004800093721
chrX	76841141	76881140	-0.495889201865468	1.41824895218627	1	-1	0.519577850802018
chrX	76881141	77747472	4.93352189341949	61.1178502246966	61	2	0.999999998472137
chrX	77747473	82097513	0.591848886306399	3.01435406698565	3	1	0.943826439694691
chrX	82402514	82917946	1.19749577853854	4.58682472293862	5	2	0.990263373905235
chrX	83182947	85419603	0.584962500721156	3	3	1	0.940786984461105
chrX	85469604	85749603	0.969656036650453	3.91674725900321	4	1	0.579448682149406
chrX	85794604	87704209	0.64385618977473	3.12500000000001	3	1	0.95812938868459
chrX	87829410	89424517	0.64010405491362	3.11688311688312	3	1	0.957520324798687
chrX	89629518	89724517	1.33385044992131	5.04149093720802	5	2	0.997427570218738
chrX	89968072	90723101	0.729352410056336	3.31578947368422	3	1	0.958510944516981
chrX	90913102	91577027	0.728692439726269	3.31427299088197	3	1	0.958605507389671
chrX	91732028	91802027	0.892715541751428	3.713335173424	4	1	0.830024188889704
chrX	91802028	91947895	-0.480756650140426	1.43320337881742	1	-1	0.473824862284315
chrX	91947896	93875471	0.636297462858686	3.10866997186459	3	1	0.956844094737297
chrX	94110472	94760471	0.736965594166207	3.33333333333334	3	1	0.957296920309601
chrX	94760472	94810471	-1.65947157349222	0.633110148425208	1	-1	0.746602082904414
chrX	94810472	94875471	1.5918488863064	6.02870813397131	6	2	0.99884236538333
chrX	94940472	97744601	0.664407240236304	3.16983388996209	3	1	0.960516920633862
chrX	97744602	98043939	0.932885804141466	3.81818181818183	4	1	0.723580344307031
chrX	98043940	98558939	0.862496476250065	3.63636363636364	4	1	0.880683362497835
chrX	98643940	99838939	0.71049338280502	3.27272727272728	3	1	0.960579815199837
chrX	99908940	103861042	0.586614391317936	3.00343697722891	3	1	0.941545997601217
chrX	103861043	103896042	-1.21550603575121	0.861244019138755	1	-1	0.917849030188867
chrX	103896043	104515071	0.616671360448495	3.06666666666667	3	1	0.952349628790543
chrX	105024281	108383755	0.565662594397339	2.96013422329213	3	1	0.930362990362986
chrX	108383760	108851615	0.713620133975142	3.27982794233714	3	1	0.960325005119563
chrX	108851616	110655609	0.599462070416277	3.03030303030304	3	1	0.94682332930097
chrX	110655610	111967759	0.447102667988705	2.72659924344291	3	1	0.750956373953205
chrX	111967760	117853888	1.17826717531123	4.52609596969646	5	2	0.985648968861764
chrX	117878889	124364504	1.14530634877979	4.42386189759029	4	2	0.970250616419641
chrX	124365706	146740964	1.16886769465928	4.49670329670333	4	2	0.982434583154545
chrX	146824980	155700512	1.15466644172964	4.45265687747504	4	2	0.975924269170587
