Chromosome	Start	End	Segment	CNF	CN	Call	ProbCall
chr1	143190725	143280724	-3.88636737442105	0.135243637126157	0	-2	0.86997198456268
chr1	228558295	228646158	-1.76369536738056	0.588985749095954	1	-2	0.52767554454651
chr2	6828513	7151744	0.977964829659539	3.93936973558036	4	1	0.493549101875993
chr2	88931665	90285570	1.49541091574286	5.63888888888887	6	2	0.987940981091991
chr2	95450309	95591206	0.76913044288907	3.40848454831818	3	1	0.939272297936246
chr2	95592017	95718915	-0.700445793395736	1.23076404795476	1	-1	0.831747211623148
chr3	90184633	90721908	-0.958832533601342	1.02894613985872	1	-1	0.917995293213793
chr3	150317574	198228376	0.526594293568897	2.88104919160442	3	1	0.856188157733367
chr4	9186931	9269570	3.233019890194	18.8046805098981	19	2	0.999840637740037
chr4	13526318	13627957	2.49322357258509	11.2606919222629	11	2	0.998841788980022
chr4	51799730	55313924	-0.559433400208399	1.35713722086326	1	-1	0.485016129726437
chr5	17491324	18060072	2.23168130072289	9.39362043802141	9	2	0.997777480733992
chr5	50116171	50306170	-0.90689059560852	1.06666666666667	1	-1	0.915510612743121
chr5	99996546	100078154	-1.36678233067162	0.775510204081634	1	-1	0.815807472195064
chr5	100078155	115042094	0.454241536688681	2.74012467450486	3	1	0.68662418931756
chr5	125602428	127590710	-0.781825821544848	1.16326047502565	1	-1	0.88967827042981
chr6	26016378	26432383	1.96768533153269	7.82280135807445	8	2	0.995822070214899
chr6	27122656	27893843	0.766350135997678	3.40192217222991	3	1	0.940254781639178
chr6	32459820	32793734	-1.76369536738056	0.588985749095954	1	-2	0.52767554454651
chr7	12703	164972	-0.605391264328991	1.3145861911294	1	-1	0.640243678256981
chr7	57147985	57275197	-2.32144229710156	0.400134714426099	0	-2	0.764501502934074
chr7	57847247	58117246	-0.788382050257723	1.15798611111111	1	-1	0.892245559032354
chr7	63393748	63958709	0.592650458507872	3.01602933009878	3	1	0.923057125523236
chr7	65840211	109904557	0.475224991859125	2.78026999585763	3	1	0.749344881040477
chr7	133153133	142353358	0.440566599791602	2.71427444172651	3	1	0.639590088202532
chr7	142358638	142386647	-5.21323684413449	0.0539124826113385	0	-2	0.858029539078308
chr7	142389201	142544685	3.85211935216245	28.8824125819523	29	2	0.999974104747688
chr7	142554835	142616415	-3.92651940235745	0.131531531531532	0	-2	0.870709712739132
chr7	142618848	142692069	3.26186174306068	19.1844000453154	19	2	0.999853107562398
chr7	142695698	142789040	-4.77063523034402	0.0732699158844256	0	-2	0.870543810731081
chr8	4995173	7076934	-0.856458485303142	1.10461338531514	1	-1	0.90957366076649
chr8	7715442	37993573	-0.58496250072115	1.33333333333334	1	-1	0.574867346546919
chr8	101287444	101337649	-1.57909192597886	0.669384975102481	1	-1	0.554094315945614
chr8	101337850	145076885	0.815415008954747	3.51960861674427	4	1	0.913824692716542
chr9	34134897	35098141	0.562525111601405	2.95370370370371	3	1	0.899792090276967
chr9	60526106	60964185	-0.975297780846872	1.01726969990829	1	-1	0.91816872167754
chr9	113060085	113082292	9.18974938978099	1167.93914499049	1168	2	0.999999999999989
chr9	129400671	138326630	0.560405176787473	2.94936663948597	3	1	0.897755521700028
chr11	101872763	111513021	0.534336427651192	2.89655172413794	3	1	0.867374053616589
chr11	118836009	135075899	0.580795325044393	2.99134710459975	3	1	0.915071402713723
chr12	12309	34710158	0.497826650427297	2.82416944530989	3	1	0.804000885484843
chr13	78761174	82924336	-1.14439590092956	0.904758147242167	1	-1	0.904064251463522
chr14	20784494	22503814	0.841936747871383	3.58490962151546	4	1	0.888578854756393
chr14	22505109	22518871	-2.67788654509079	0.312540153134584	0	-2	0.805829538479422
chr14	104677693	106666532	1.50387835782343	5.67208187568717	6	2	0.98815844880886
chr14	106671771	106879812	0.483190391361754	2.79566286084949	3	1	0.770097489076636
chr15	19780202	20011169	-0.98095424430945	1.01328903654485	1	-1	0.918165358621658
chr15	20012740	20826173	0.71493151990553	3.28281060708036	3	1	0.950558187736638
chr15	20826453	21017816	-1.19522588100469	0.873436132379521	1	-1	0.893104187114609
chr15	21019387	22269048	0.936533335906845	3.82784745055397	4	1	0.672306073927304
chr16	28324050	31802497	0.482655800032168	2.79462711856371	3	1	0.768756532357013
chr16	70444673	90222678	-0.585940267644974	1.33242999096659	1	-1	0.578157444409335
chr17	22523110	22756903	-0.57873054700964	1.33910533910534	1	-1	0.553578992895447
chr17	40993429	41315695	3.33820446580405	20.2269160296787	20	2	0.999881781964775
chr19	35384253	39550533	0.563348777952164	2.95539051962984	3	1	0.900567585280726
chr19	39553033	39768228	-0.688716417153364	1.24081117336069	1	-1	0.817379168433106
chr19	53632055	53761222	-5.03390181048513	0.0610484378623296	0	-2	0.864251699199126
chr20	60202	13841782	0.710493382805021	3.27272727272729	3	1	0.950842162639349
chr20	30089564	39099923	0.42721923464822	2.68927862508699	3	1	0.589476052215442
chr21	30289144	30747233	0.871875064436087	3.66007970051927	4	1	0.845714379172325
chr22	17329033	22919851	0.579774373632881	2.98923096806462	3	1	0.91431734736032
chrX	10202	48794311	-0.60768257722124	1.3125	1	-1	0.647087494564632
chrX	48801376	49329384	0.504760640547745	2.83777585417678	3	1	0.818243936396352
chrX	49331615	58546333	-0.759402983285964	1.18148148148148	1	-1	0.87912267580745
chrX	62466334	139352977	-0.678071905112627	1.25000000000001	1	-1	0.802450035164578
chrX	140277005	154450654	-0.659008127133573	1.26662711841293	1	-1	0.770620669379639
chrX	154458280	154655325	0.649849163613038	3.13800828996906	3	1	0.945983942448593
