Chromosome	Start	End	Segment	CNF	CN	Call	ProbCall
chr1	20310609	39317488	0.615118720309268	3.06336807035935	3	1	0.929620109688841
chr1	39465038	55144321	0.591925252364561	3.01451362976504	3	1	0.921169350617626
chr1	65190791	65228136	1.17915616802642	4.52888582214839	5	2	0.993059827629758
chr1	120502022	120802568	0.74731604435783	3.35733394309176	3	1	0.91764428908745
chr1	143219147	145328315	0.410559517484407	2.65840243110277	3	1	0.568121546829478
chr1	145328911	145342588	-0.600117597800568	1.31940035865709	1	-1	0.809339525142295
chr1	145343174	145393227	1.11868449153724	4.3429775391584	4	2	0.972674310264404
chr1	146067370	146091424	-0.554215148274141	1.36205489703768	1	-1	0.720748548245108
chr1	158676063	159016830	0.763372673115076	3.39490845721676	3	1	0.908808908331068
chr1	159018198	184882168	0.551529642842893	2.93127768367436	3	1	0.894934723906369
chr1	238340870	248937047	0.777804850316561	3.42904027762009	3	1	0.898870967214367
chr2	12940996	63947500	0.500540273625919	2.82948653834627	3	1	0.829643514396545
chr2	63948970	69844265	0.560310894845623	2.9491739009514	3	1	0.902147418188245
chr2	69847422	88785013	0.540404565483849	2.9087606048926	3	1	0.884339878944092
chr2	94197668	95799073	0.575579030857768	2.98055094108653	3	1	0.912572101887787
chr2	95950686	97142923	0.537977053439208	2.90387037238351	3	1	0.881792807212453
chr2	97513141	97576429	-0.616214814232442	1.30476065712941	1	-1	0.831906339510948
chr2	97578868	108730934	0.485644271619175	2.80042205062393	3	1	0.800850457346606
chr2	108731235	135622776	0.48791522342168	2.80483367699297	3	1	0.805580227511085
chr2	135631705	171050257	0.694567586253356	3.23679856690207	3	1	0.933951466308472
chr2	171050282	171055336	-1.20563438772929	0.867157293373351	1	-1	0.928890862960407
chr2	171056360	174380328	0.802550469063423	3.48836371063435	3	1	0.876439209089908
chr2	174380664	198101336	0.670845379305656	3.1840111307587	3	1	0.936157237327337
chr2	198103789	205776674	0.476754221779591	2.7832185928148	3	1	0.781091991313255
chr2	205792026	206410676	-0.570438525398673	1.34682413041736	1	-1	0.756428421731423
chr2	206419482	222941790	-0.671646988243599	1.25557918024239	1	-1	0.884147927402683
chr2	222941991	229771665	-0.792696850278004	1.15452798996639	1	-1	0.926741995989255
chr2	229774026	242175633	-0.642199496055874	1.28147070997322	1	-1	0.860670967196744
chr3	5178161	5184814	8.62532353070288	789.789036413256	790	2	1
chr3	93714064	93906186	0.967147593461784	3.90994304796491	4	2	0.587431136776843
chr3	98149921	98660477	0.603013393934765	3.03777158207266	3	1	0.925708432284031
chr3	155925197	156121046	1.31169045964218	4.96464465243004	5	2	0.99863876199906
chr3	165241043	198228341	1.29409652977526	4.90446758393131	5	2	0.9985096162803
chr4	53344	9359889	0.539905919169415	2.90775540831198	3	1	0.88382385155297
chr4	9483928	41748819	0.443087526043467	2.71902143757213	3	1	0.687113137884134
chr4	68476142	68668276	0.730837390423982	3.31920420590569	3	1	0.924638876481731
chr4	94816411	153066050	-0.750433817489097	1.18884957493183	1	-1	0.917912965264017
chr4	153066251	171814715	-0.726969177859629	1.20834365850607	1	-1	0.910895579623429
chr4	190066847	190196187	0.914945535877455	3.77099577966166	4	1	0.626728027764254
chr5	8350249	21934337	0.5192716072961	2.86646290123965	3	1	0.858982050407306
chr5	80331635	80360170	2.69913742355091	12.988270431126	13	2	0.99998231441854
chr5	112827227	112864464	4.26744676530464	38.5176228959312	39	2	0.999999961319529
chr5	171391180	171410525	1.00833727521507	4.02318275681559	4	2	0.757264695585381
chr6	105929	8090485	0.917773867123609	3.77839587908463	4	1	0.616274076284151
chr6	8095458	31983423	1.02187870944252	4.06112296155091	4	2	0.80407908877771
chr6	32339520	32370597	-0.754645738454306	1.18538381259297	1	-1	0.918986478269907
chr6	32371626	32763575	4.22942994985916	37.5158918428005	38	2	0.999999954398735
chr6	33080778	33086681	-1.71625985681454	0.608673365808204	1	-1	0.645431783605272
chr6	33092941	33176577	0.813077139701346	3.51390975375617	4	1	0.864411645302515
chr6	110888893	110893664	1.15147984991747	4.44283280438349	4	2	0.987159588171995
chr6	137871517	137881396	1.61413678989399	6.12256756625541	6	2	0.999448854163932
chr7	13744	6792021	-0.537409899447435	1.37801357524299	1	-1	0.678689289890637
chr7	6823258	39854839	-0.731003155072555	1.20496967980799	1	-1	0.912240623398082
chr7	39855040	50309369	-0.671627881747279	1.25559580875858	1	-1	0.88413525163966
chr7	50319018	50400774	6.31743843025642	159.502854218756	160	2	0.99999999999835
chr7	50445217	53787335	-0.756414635216802	1.18393129727153	1	-1	0.919422512534605
chr7	53787536	58070236	-0.561572435658276	1.3551265300778	1	-1	0.737535789002653
chr7	92813890	92834147	7.33966474662316	323.958397877996	324	2	0.999999999999995
chr7	103175442	103324566	-0.516823896131066	1.39781758729985	1	-1	0.620660623842781
chr7	143408756	143722727	0.395436066691456	2.63068054553918	3	1	0.50573472911464
chr8	64084	7541818	-1.51519636649117	0.699697689847847	1	-1	0.836536018196682
chr8	7546985	7567454	0.913956717995563	3.76841203854993	4	1	0.630334356289523
chr8	7569936	15388019	-1.43872757978463	0.737785029347287	1	-1	0.874142344358782
chr8	35549179	43957107	1.2219205359094	4.66514051468969	5	2	0.996893984349414
chr8	45957108	60618676	0.546723376452631	2.92152852707328	3	1	0.890567673933607
chr8	60620629	60816578	7.5712443015755	380.36595224556	380	2	0.999999999999999
chr8	60819991	145054157	0.54692775421287	2.92194243142266	3	1	0.890759723853164
chr9	12193	35562	0.969765065735383	3.91704327132337	4	2	0.598910857885975
chr9	35763	21967405	-0.687523054976692	1.24183796673311	1	-1	0.893723779182995
chr9	21968066	21974385	1.45332375301711	5.47676414685282	5	2	0.999131777216777
chr9	21974406	34837847	-0.685144715061287	1.24388687419499	1	-1	0.892404375938071
chr9	34917800	36277168	-0.652421777819642	1.27242288283805	1	-1	0.869781696509124
chr9	36840509	37034074	6.80876269248251	224.218684108362	224	2	0.999999999999895
chr10	47062	20530033	0.829708347262991	3.55465204970847	4	1	0.84175337457978
chr10	48083687	48180982	-1.31979845608122	0.801181794547537	1	-1	0.910256540531328
chr10	87864277	87964934	7.1725204697958	288.518590315476	289	2	0.999999999999988
chr10	94720342	95065033	0.421789546543066	2.67917635090798	3	1	0.611963108922369
chr10	133679261	133778707	0.853179861911676	3.61295644261758	4	1	0.800688210257462
chr11	32653092	32840255	-0.825365462924522	1.12867845221974	1	-1	0.931330235900019
chr11	65627369	83278910	0.791443053441224	3.4616096637551	3	1	0.887441329978566
chr11	83280145	95090185	1.04745598049129	4.13376386827612	4	2	0.875563346617996
chr11	95128249	95193591	-0.816144177030363	1.13591574034998	1	-1	0.930185751976459
chr11	95224387	106877094	1.052426814443	4.14803139786358	4	2	0.88684410446829
chr11	106877095	113365045	0.483091963452871	2.79547213318012	3	1	0.795382520242759
chr11	113366175	123995018	-0.644563788470941	1.27937235228098	1	-1	0.862878407459225
chr11	124015527	124093942	-0.959369331566535	1.02856336079964	1	-1	0.939617434679141
chr11	124117425	135036987	-0.700461850232994	1.23075034993301	1	-1	0.900271709070376
chr12	12211	18243	-1.93967807382221	0.521349202461626	1	2	0.496865179802216
chr12	9480523	9595430	-3.40111888842837	0.189317687705217	0	2	0.520358950574003
chr12	21373304	21449830	-0.606892627319922	1.31321885819328	1	-1	0.819324224968924
chr12	21451974	21471614	0.823176389296917	3.53859435667301	4	1	0.85122675310313
chr12	40443070	40525231	-0.624917667755933	1.29691356527308	1	-1	0.842519473732308
chr12	43796896	43804659	1.29847718801465	4.91938234236515	5	2	0.998545755798644
chr12	43805443	55116114	-0.576400189941415	1.34127011764689	1	-1	0.768314991968684
chr12	55129724	56107328	-0.559588393083158	1.35699142754264	1	-1	0.733107838807383
chr12	56107582	64551652	-0.580921235019196	1.3370734919083	1	-1	0.776897147893992
chr12	64566693	64611410	6.33384010738446	161.32655345254	161	2	0.999999999998491
chr12	64622587	65645022	-0.730254670620277	1.20559499218746	1	-1	0.911995798652718
chr12	65645223	87078435	-0.739645452647071	1.19777302536313	1	-1	0.914919405197209
chr12	111403225	111439011	6.79675412605447	222.360100041678	222	2	0.999999999999888
chr13	18413801	19131386	-0.585193646207722	1.33311972665584	1	-1	0.784670206321905
chr13	19173924	35123576	-0.711975284911097	1.2209674291201	1	-1	0.905299342159467
chr13	35142238	40959055	-0.74109344768999	1.19657145519425	1	-1	0.915342809187327
chr13	40976205	41017372	6.3954525158838	168.365474558097	168	2	0.999999999998925
chr13	41061539	42369504	-0.74238114922097	1.19550391187408	1	-1	0.915713513736596
chr13	42369705	48304121	-0.692357686705338	1.23768339453075	1	-1	0.896291197424302
chr13	48304140	48479697	6.61077375035427	195.465983518383	195	2	0.999999999999677
chr13	52532562	52657490	3.0719831646155	16.8185702816459	17	2	0.999995334956736
chr13	57141246	57173577	2.01117597399038	8.06221341884969	8	2	0.999831094123615
chr13	75302095	75310247	1.75268290163144	6.7396931167045	7	2	0.999631556717324
chr13	90231387	114346545	0.503052539322573	2.83441801350761	3	1	0.83400055131286
chr14	18228380	19669708	-1.50855883083687	0.702924268081378	1	-1	0.840386387507803
chr14	19678646	35605799	-0.613863104517883	1.3068892570553	1	-1	0.828854252264719
chr14	35625252	35760891	0.454164578252252	2.73997851049912	3	1	0.721467447881875
chr14	35760919	100829278	-0.683215644012917	1.24555122532703	1	-1	0.8913058290912
chr14	100834697	104719605	-0.64482575259801	1.27914006532801	1	-1	0.863119179250377
chr14	104724318	105914331	-0.634563426243457	1.28827141417368	1	-1	0.853102784543799
chr14	105916640	106874939	-1.16364100779402	0.892769095529618	1	-1	0.933115845895488
chr15	19810202	22252229	-1.02192333283437	0.984918781694033	1	-1	0.93985215850553
chr15	22278976	41464926	-0.708012349560068	1.22432591204872	1	-1	0.903646445975508
chr15	41466089	45068209	-0.633345400006475	1.2893595242166	1	-1	0.851831218101973
chr15	64171796	82547278	0.822280765450534	3.53639828205671	4	1	0.85246590073128
chr15	92832588	92915320	6.89884183422812	238.66477375911	239	2	0.999999999999938
chr16	26536472	29560318	0.59198069944991	3.01462948876627	3	1	0.921194500235564
chr16	46398210	66828104	-0.671459170877849	1.25574264855566	1	-1	0.884023196201461
chr16	67036572	70818610	-0.562653712677587	1.35411126477666	1	-1	0.739918113649318
chr16	70991293	90222476	-0.631146691801865	1.29132604287467	1	-1	0.849489352344086
chr17	1786615	3197671	-0.540045172565842	1.37549874889863	1	-1	0.685617846844847
chr17	3197673	3829439	-0.627401427832936	1.29468270511906	1	-1	0.845359177828482
chr17	7670087	7674149	2.46048575762058	11.0080403451817	11	2	0.999960142915186
chr17	10539939	12024635	-0.654254288462063	1.27080767785366	1	-1	0.871299855234689
chr17	12024637	12141397	6.75177476184533	215.534463568442	216	2	0.999999999999855
chr17	12141598	18699298	-0.575334854233593	1.34226092347564	1	-1	0.766238689943457
chr17	19030573	19222359	0.848524028140734	3.60131558255203	4	1	0.809779495237376
chr17	31095295	31373680	6.39251265549327	168.022736139293	168	2	0.999999999998908
chr17	37925964	38195978	-1.23081490019694	0.852153420543916	1	-1	0.925758256094184
chr17	44849142	44960438	0.628758351559519	3.09246732454684	3	1	0.932859424704885
chr17	46193596	46555632	-0.820049732068038	1.13284483360033	1	-1	0.930683532476471
chr18	47395	15380430	-0.678126507780158	1.24995269128896	1	-1	0.88828086144968
chr18	29727251	51047660	-0.7133987780688	1.21976330658494	1	-1	0.905874268918442
chr18	51047824	51078532	4.45213644334066	43.7780698539286	44	2	0.999999982810662
chr18	51078733	57838967	-0.705874324363926	1.22614166670177	1	-1	0.902721658551302
chr18	57839168	80247394	-0.741192263965844	1.19648949976893	1	-1	0.915371449556784
chr19	60571	205252	0.659457778423181	3.15897775614519	3	1	0.936192874241805
chr19	242894	1208030	-0.564892724575428	1.3520113616891	1	-1	0.744782031320332
chr19	1208034	1226795	4.15999631395777	35.7530970701118	36	2	0.99999993853344
chr19	1229154	4861606	-0.510024309432083	1.40442121102112	1	-1	0.600139805114804
chr19	4885131	4921971	5.24276224789511	75.7283845379664	76	2	0.999999999568874
chr19	4929146	6990903	-0.537736341225432	1.37770180435627	1	-1	0.679554089055364
chr19	27278209	34685581	-0.565113708181752	1.35180428433935	1	-1	0.745257027951772
chr19	53203728	54663984	-0.506992787343611	1.4073754113861	1	-1	0.590807672244422
chr19	54664181	54739706	0.780278563768962	3.43492491657582	3	1	0.896954192266746
chr19	54747401	54783606	-2.8292517287289	0.281410540315518	0	2	0.55564506165966
chr19	54786383	54817564	0.499928035353419	2.8282860404033	3	1	0.828560717134764
chr19	54818359	58599432	-0.487383265049276	1.42663545669642	1	-1	0.528321834913757
chr20	87618	3123575	-0.634423198248183	1.28839663848824	1	-1	0.852957318306631
chr20	6200249	6215226	2.89152038305912	14.8410409715356	15	2	0.999991022301403
chr20	30130650	64327990	0.581467400953627	2.99274094086707	3	1	0.915951145631229
chr21	5011785	5154746	0.479051215909609	2.78765343777076	3	1	0.786390278285066
chr21	8208361	9591659	-1.06257651204164	0.957552496411397	1	-1	0.938982139978902
chr22	10510202	12626751	-0.708498121273396	1.2239137370831	1	-1	0.903853285731328
chr22	15176952	16085285	-1.20709198250629	0.86628162276249	1	-1	0.928722429148003
chr22	16132520	18384118	-0.571227359459142	1.34608791776246	1	-1	0.758038739138886
chr22	18489092	23783559	-0.64763542716967	1.27665134122061	1	-1	0.865654638421683
chr22	23786710	23831850	4.97214458338262	62.7761472125819	63	2	0.999999998417231
chr22	23831852	23942860	-0.521668350794373	1.39313169936125	1	-1	0.634900948461058
chr22	23957664	35635112	-0.633832004751226	1.28892471114288	1	-1	0.852341396464376
chr22	35656331	41162683	-0.578025745558113	1.33975969358512	1	-1	0.77144332713417
chr22	41162700	41695105	-0.530053110112026	1.3850584788423	1	-1	0.658721867044481
chr22	41699429	50799120	-0.60077534638502	1.3187989592665	1	-1	0.810341051877919
chrX	44877054	45111334	7.22972383406124	300.188278369632	300	2	0.999999999999991
chrX	49336818	49592097	-0.688488236504327	1.24100743901786	1	-1	0.894248440558207
chrX	51030594	51214039	2.33054461171256	10.0599038536803	10	2	0.999938782338424
chrX	65838330	65957238	2.57140159730798	11.887732045668	12	2	0.999972571371747
chrX	77523223	77717095	7.36776752920385	330.330764931235	330	2	0.999999999999996
chrX	135160357	135193143	2.69262946949788	12.9298126825236	13	2	0.999981910592173
chrX	142059068	143678193	0.421366440995357	2.67839073223091	3	1	0.610358779473078
chrX	150115861	150232221	1.52684020153847	5.76308061898293	6	2	0.999293541255702
chrX	154031302	154292147	1.50482310294661	5.67579744029204	6	2	0.999248375437649
