Chromosome	Start	End	Segment	CNF	CN	Call	ProbCall
chr1	16854808	16953540	0.882025243369831	3.68592123816059	4	1	0.77381477367458
chr1	25258956	25390915	-0.72256780384427	1.21203570230654	1	-1	0.760035597695048
chr1	44472942	44937015	0.421859648675948	2.67930653818554	3	1	0.75501446183335
chr1	65218842	65228136	1.24930405872959	4.75453436818482	5	2	0.971843689461951
chr1	72255521	72352730	2.62988492874328	12.3795325011415	12	2	0.998883560283459
chr1	109681709	109700399	-2.97494928621127	0.254378864824808	0	-2	0.512026937793706
chr1	121659147	121969146	-1.32860247734718	0.796307484475219	1	-1	0.724585627683517
chr1	143189147	143269146	-3.29114464189404	0.204313347022912	0	-2	0.533742069676116
chr1	146071097	146087661	-0.752090752057354	1.18748496553711	1	-1	0.773348880754315
chr1	146138269	146142827	-3.02834844236792	0.245135538259387	0	-2	0.516259508282956
chr1	149536490	149541395	-0.535590155960552	1.37975282943243	1	-1	0.581488080011687
chr1	158808424	158839277	3.88198439636524	29.4865350416102	29	2	0.999938541088001
chr1	182853886	182883568	0.433202658564651	2.7004552825323	3	1	0.789399799945679
chr1	197142319	197220687	-0.496008887521142	1.4181312994529	1	-1	0.485854822706831
chr1	207526810	207609774	0.694840639527803	3.23741124114443	3	1	0.919575422577558
chr2	94145094	95819273	0.500204932890425	2.8288289275527	3	1	0.899997745952217
chr2	95819274	95958645	-0.502156078948798	1.41210162694133	1	-1	0.503234891791978
chr2	96285054	96929354	0.833986435646607	3.56520846300766	4	1	0.838100583078204
chr2	97152442	97191307	-1.19526100486808	0.873414867956287	1	-1	0.788399211560377
chr2	97507961	97560805	-1.40456087148662	0.755466207115009	1	-1	0.666376398756123
chr2	111278766	122235580	0.80407979002474	3.49206349206348	3	1	0.865963345854571
chr2	174380083	174387854	-4.93533317655011	0.0653652115266194	0	-2	0.518230597349121
chr3	5178161	5184814	8.51667546655074	732.495185331725	732	2	0.999999999982904
chr3	52256113	52267104	0.364836051259835	2.57547056435072	3	1	0.504089567866564
chr3	75371602	75594964	0.704424370710487	3.25898874727973	3	1	0.916960574500457
chr3	90099834	90714686	0.560268385053394	2.94908700322235	3	1	0.926976298378936
chr3	98149921	98391623	1.03114883073114	4.08730196172566	4	2	0.61211040497585
chr3	156019674	156047434	8.40854349455567	679.600684105481	680	2	0.999999999973709
chr4	4104550	4157180	4.794961611201	55.5209985949506	56	2	0.999994593114707
chr4	9160776	9250200	0.359825417886884	2.5665411963612	3	1	0.478138564200942
chr4	9250438	9364635	0.729830293089844	3.31688798858416	3	1	0.908457840480637
chr4	9367841	9483824	-0.830935609445177	1.12432910386323	1	-1	0.799519539302043
chr4	54723519	54727332	2.5179537473458	11.4553826653353	11	2	0.998588353614332
chr4	67492702	67495287	-2.13589934043759	0.45505116071324	0	2	0.578962342586196
chr4	68517034	68669987	0.909549948363923	3.75691883560681	4	1	0.723183594203449
chr4	69937027	70093000	-0.505355913563472	1.40897311791386	1	-1	0.511908353775017
chr4	190066847	190196187	1.13370062320876	4.38841700585071	4	2	0.875916527400244
chr5	17491204	17675659	0.62085015345051	3.07556220048851	3	1	0.930644399288975
chr5	34178929	34203813	1.83783080416925	7.14944278010165	7	2	0.994623263507165
chr5	42171577	42454915	-0.540568381362707	1.375	1	-1	0.590955312689799
chr5	70487640	70520200	-1.44677302228716	0.733682092445767	1	-1	0.625868430820117
chr5	72893474	72905396	1.41496365175268	5.33306034189595	5	2	0.988302133146871
chr5	80331635	80360170	2.21888093174421	9.31064381907277	9	2	0.997410156944831
chr5	103005017	103011255	0.558735851165804	2.94595593533671	3	1	0.926670699644083
chr5	112827227	112836688	6.26849531240191	154.182510328848	154	2	0.999999939025179
chr5	171391180	171410525	1.13869281843174	4.40362866297443	4	2	0.883921858092223
chr5	178767282	178802648	0.842578000063629	3.586503404026	4	1	0.828546535464709
chr6	29707774	29965784	1.15299550232887	4.44750276474319	4	2	0.904355198208425
chr6	31166958	31312275	0.792825576995751	3.4649284876026	3	1	0.874559429321098
chr6	31498068	31529986	0.909759383542003	3.75746426486089	4	1	0.722754533011629
chr6	31869475	31871551	1.96675177163767	7.81774090452418	8	2	0.995777859072315
chr6	31965604	32045432	-0.704510350344256	1.22730145180127	1	-1	0.750784430464181
chr6	32339520	32490364	-0.843403659569473	1.11465429984421	1	-1	0.802558520179186
chr6	32490365	32758098	5.43419092404998	86.4737844611527	86	2	0.999999158643344
chr6	33092941	33129196	2.83834246791078	14.3039576777407	14	2	0.999286523785434
chr6	105833154	105863230	5.00399303418229	64.1773820268987	64	2	0.999997014777032
chr6	110888893	110893664	1.10366678478132	4.29800387889714	4	2	0.817565952633756
chr6	123184127	123278415	-0.96031767114367	1.02788746825682	1	-1	0.818663733425126
chr6	137871517	137891596	1.58831023050194	6.01393898299049	6	2	0.991549262689823
chr7	35144997	35162006	-1.42124632145393	0.746779214812115	1	-1	0.651087379017084
chr7	50319018	50400774	7.16667128023755	287.351203281445	287	2	0.999999997180952
chr7	73248546	73259408	-1.23899169366794	0.847337313485679	1	-1	0.772104692053369
chr7	92813890	92834147	7.7104295499181	418.890556441091	419	2	0.99999999961322
chr7	100723358	100738579	-5.19760871325913	0.0544996693289846	0	2	0.504211705054519
chr7	100981375	101051945	-0.459838190150929	1.45413560117445	1	-1	0.367250199456489
chr7	103175442	103277703	-0.921888431414645	1.05563535040544	1	-1	0.815708019076872
chr8	6967130	7403314	0.359621491950342	2.56617843963598	3	1	0.477080642260637
chr8	7546985	7743454	0.417023251975866	2.6703396442199	3	1	0.738628560035182
chr8	39375698	39532152	7.34206584665287	324.498015853641	324	2	0.999999998499167
chr8	60780950	60816090	7.34090332286492	324.2366406468	324	2	0.999999998492834
chr8	73020552	73027202	0.582353433051567	2.994579499181	3	1	0.930017087345137
chr8	86461106	86466884	0.678594738886087	3.20115989257938	3	1	0.923343777491008
chr8	93703616	93728293	0.463554720470125	2.75787051140397	3	1	0.856088234979881
chr8	94739418	94761889	0.767495331760778	3.40462365341985	3	1	0.890789403198053
chr9	21968066	21974385	2.03136196710788	8.17581168678183	8	2	0.99626740177101
chr9	36840509	37034074	6.85689077478753	231.824747733998	232	2	0.999999991620741
chr9	60526462	60686461	-0.670890574866363	1.25623766029604	1	-1	0.730967627754112
chr9	61523253	61876230	-1.12351631334411	0.917947587381158	1	-1	0.807051169792898
chr9	64080184	64428670	-0.673853328865164	1.25366046695687	1	-1	0.732864663569883
chr9	105521091	105526500	1.30472333325842	4.94072697062694	5	2	0.98226171433789
chr10	32517917	32847966	-0.563635011464619	1.3531905324694	1	-1	0.628796860585831
chr10	37149615	37197457	-1.82506249060975	0.564457752278774	1	2	0.545152191124122
chr10	45684374	45817541	-0.547279071940652	1.36861904465117	1	-1	0.602937348556551
chr10	47483864	48053737	0.555828865929355	2.94002590299034	3	1	0.926052413870299
chr10	87864277	87964934	7.35132335349788	326.586954512627	327	2	0.999999998548678
chr10	94683738	95067776	0.399449290689501	2.6380086417933	3	1	0.670419547025375
chr10	133423223	133778707	0.380132088971751	2.60292201596146	3	1	0.581472502284646
chr11	1608345	1630553	1.31852398055537	4.98821614651859	5	2	0.983642974044145
chr11	55467143	55727206	0.765698148173759	3.40038511092381	3	1	0.89179436623296
chr11	57899387	57938388	4.91527257365824	60.3496112948221	60	2	0.999996152228244
chr11	89845449	89966939	-0.573218988940764	1.34423093574588	1	-1	0.642049634267409
chr11	89968440	89971755	0.879873547080109	3.68042799706288	4	1	0.777311291874894
chr11	110247763	110264786	0.914264340592164	3.7692156541889	4	1	0.713359376313061
chr11	123940549	123995018	0.516585469067193	2.8611308304964	3	1	0.911253698647666
chr12	10422223	10450031	-1.14012640166398	0.907439646548515	1	-1	0.803551764266547
chr12	31114708	31293875	1.09673562708259	4.27740444816632	4	2	0.801575579501164
chr12	43796896	43804659	1.1499439400344	4.43810542987605	4	2	0.900296851209493
chr12	56107061	56112840	0.695977623467731	3.23996364155638	3	1	0.91928092067017
chr12	64566693	64611410	6.77814226906115	219.509910929407	220	2	0.999999989001099
chr12	88046687	88054465	0.483576276734501	2.7964107317885	3	1	0.88390780655124
chr12	88055511	88139178	-0.520796955993893	1.39397341183673	1	-1	0.55016636847803
chr12	111403225	111439011	6.90364764502002	239.461123787502	239	2	0.999999992877199
chr13	19082754	19131386	1.26875750589196	4.81907918127823	5	2	0.976677640261717
chr13	27075650	27116660	1.3345562278798	5.04395787829111	5	2	0.98490150618213
chr13	40976205	41017372	7.21859305206432	297.881156183397	298	2	0.99999999765845
chr13	48304140	48479697	6.83855070745906	228.896359510163	229	2	0.99999999107111
chr13	52218390	52290199	0.711363037538444	3.27470066327848	3	1	0.914873500524158
chr13	52532562	52658583	0.390826658743667	2.62228893885608	3	1	0.632296467029481
chr13	57124747	57173577	2.06596243697778	8.37426421472834	8	2	0.996507781688962
chr13	75302095	75310247	1.94005886212735	7.67442606570069	8	2	0.99555912893415
chr14	19484471	19698966	1.4460416367325	5.44918940198981	5	2	0.989049702954436
chr14	35625252	35761049	0.816504708216856	3.52226805870352	4	1	0.855333628871671
chr14	35762618	35775846	-1.48334429574052	0.715317530812633	1	-1	0.58587529632872
chr15	19780202	22574066	-1.02949613757122	0.97976242067075	1	-1	0.81856338859046
chr15	82812954	82819574	-6.20429091226159	0.027123912159412	0	2	0.637746944869615
chr15	92832588	92915320	6.47122922830896	177.445137196115	177	2	0.999999968840641
chr15	101966105	101978886	0.781760962684415	3.43845618670143	3	1	0.882145893539114
chr16	14447336	15029002	0.46869385288216	2.76771204741514	3	1	0.864265694730777
chr16	18339805	18411910	0.829471698338431	3.5540690189416	4	1	0.842824544270962
chr17	3154020	3197671	1.03193634257472	4.08953367201861	4	2	0.614654293133467
chr17	7670087	7674829	1.29195071264954	4.89717826254182	5	2	0.980661701551395
chr17	10359889	10539934	0.494712663994816	2.81808018822916	3	1	0.895271641129758
chr17	12024637	12141397	7.44085970734041	347.497721324942	347	2	0.999999998952274
chr17	18595123	18622696	-1.14704193488515	0.903100259312255	1	-1	0.801954971869303
chr17	19030573	19232559	0.909934182878848	3.75791955307797	4	1	0.722395905675649
chr17	31094279	31373680	6.47064201752439	177.372927551874	177	2	0.999999968779399
chr17	46114981	46557626	-0.508262755247451	1.40613707957356	1	-1	0.519564454685628
chr18	51047024	51088732	4.76413262811945	54.3471557208403	54	2	0.999994105040614
chr18	57782008	57838967	0.884203499521723	3.69149063754681	4	1	0.770209736567959
chr19	1208034	1226795	4.72906943491569	53.0422266747616	53	2	0.999993498564899
chr19	4885131	4921971	5.70112935663886	104.049726066059	104	2	0.999999627783717
chr19	54219334	54223009	-1.9594630194626	0.514248284288494	1	2	0.581559591869667
chr19	54747401	54786503	-1.06379578880203	0.956743574045222	1	-1	0.815930019661645
chr19	54786508	54909425	1.14978063965981	4.43760310385229	4	2	0.900075181095759
chr20	6200249	6214618	2.3712070111053	10.347476099277	10	2	0.998091782995165
chr21	5158424	5383937	-0.639122462452027	1.2842067951067	1	-1	0.708427703266785
chr21	10570404	10808737	-0.850742910082101	1.1089982507612	1	-1	0.804219228442052
chr22	10510202	10696258	-0.572671160634346	1.34474147163201	1	-1	0.641325476849189
chr22	11319687	11972641	-0.871993724409206	1.09278249259399	1	-1	0.80850908071449
chr22	18759447	18887005	0.545878144272479	2.91981739157178	3	1	0.923520960239334
chr22	23786710	23831850	5.47898380947515	89.2007422224861	89	2	0.999999265084393
chr22	23941098	23961138	1.03062190251107	4.08580939300924	4	2	0.610406891783067
chr22	25261975	25529745	-1.54209794968775	0.686771487777651	1	-1	0.512631571661057
chr22	38961985	38992404	-4.81565880726776	0.0710186227388876	0	-2	0.52663193993149
chr22	41160869	41173780	1.10931991646251	4.31487844151515	4	2	0.829909227801746
chrX	10202	1663252	0.69986587793749	3.24870755096908	3	1	0.918242113013803
chrX	2717560	7087729	1.37295068498358	5.17999492688022	5	2	0.986932439300347
chrX	7087730	32155815	0.705147747809636	3.26062323612583	3	1	0.916750767692049
chrX	32155816	37556163	0.844721774522088	3.59183673469387	4	1	0.826042535638948
chrX	37556164	40828496	0.618569308706416	3.07070369784145	3	1	0.930741141082564
chrX	40832443	58550623	1.58524144411141	6.00116020510547	6	2	0.991503097837662
chrX	62470624	76491140	0.814658492150967	3.5177634970254	4	1	0.856993575084823
chrX	76491141	77717095	5.85153590406282	115.482937803721	115	2	0.999999767257948
chrX	77717102	97839601	0.822001698022001	3.53571428571427	4	1	0.85021628368174
chrX	97848494	115156719	0.926446078557217	3.80117666639658	4	1	0.686347375437886
chrX	115163673	124364504	0.840389477622615	3.58106691708919	4	1	0.83105251214729
chrX	124365706	125284019	0.728659542577527	3.31419741781532	3	1	0.908903999004004
chrX	125284020	156027976	1.0146467759644	4.04081632653061	4	2	0.558485348802591
