Chromosome	Start	End	Segment	CNF	CN	Call	ProbCall
chr1	15659793	15835889	-0.45026411346985	1.46381769103161	1	-1	0.385521862204771
chr1	16764404	16953540	0.771908398168885	3.41505401677477	3	1	0.893758143304438
chr1	25258956	25390915	-0.800285242745609	1.14847126231699	1	-1	0.811486246823286
chr1	44452942	44880051	0.41165520657282	2.66042218498344	3	1	0.746719142575822
chr1	65190791	65228136	1.21572418179046	4.64514677150205	5	2	0.950379737268019
chr1	109681709	109700399	-2.99295941951233	0.251223021470672	0	-2	0.532869037095629
chr1	120197904	120808707	0.425093218692783	2.68531850986122	3	1	0.789069889954649
chr1	146071097	146087661	-0.748514769764313	1.19043201408819	1	-1	0.794223225068749
chr1	146138269	146142827	-3.02516375339051	0.245677262406634	0	-2	0.53567270378566
chr1	146144630	146298705	1.00668248141499	4.0185707487312	4	2	0.506139176902387
chr1	148592603	149472900	0.368758881922969	2.5824830533281	3	1	0.560113895771589
chr1	149536490	149541395	-0.536583245026398	1.378803393884	1	-1	0.6244700881776
chr1	158724131	158809077	0.868336601111946	3.65111371115878	4	1	0.806179107372434
chr1	182853886	182883568	0.435150945266649	2.7041045743787	3	1	0.815619251145487
chr1	207477872	207609774	0.500680731262256	2.82976202438227	3	1	0.908536083747229
chr2	86865614	86878974	-0.729422802138436	1.20629034750631	1	-1	0.786460587265611
chr2	86879429	86951413	0.395078142016649	2.63002796917295	3	1	0.683251982393735
chr2	94155094	95799073	0.49771758465296	2.82395595002778	3	1	0.906423833914625
chr2	95838741	95958645	-0.509226481353708	1.40519808799291	1	-1	0.568825819790518
chr2	96283852	96929354	0.814733575497799	3.51794657960515	4	1	0.864362823971625
chr2	97152442	97191307	-1.22982839595564	0.85273631604258	1	-1	0.798673774958504
chr2	97507961	97560805	-1.40963137495178	0.752815702137107	1	-1	0.694777919896067
chr2	111278766	122245580	0.808512482134095	3.50280938517945	4	1	0.869419528705256
chr2	171479977	171785595	0.621407846754433	3.07675133052636	3	1	0.933820520624434
chr2	174380083	174387854	-4.9396143099431	0.0651715306792671	0	-2	0.569441141820682
chr3	5178161	5184814	8.51942337257662	733.891700890628	734	2	0.999999999887829
chr3	52256113	52267104	0.359744563562335	2.56639736129275	3	1	0.513723703217719
chr3	93714064	93924368	0.600620045790864	3.03273627143532	3	1	0.934279188169222
chr3	98149921	98660477	0.626032822358031	3.08663057240217	3	1	0.933559963159974
chr3	149176122	149902239	0.364786406019047	2.57538194017666	3	1	0.539826836477342
chr3	155925197	156121046	1.02343698983155	4.06551182198986	4	2	0.559991605821623
chr4	9160776	9222080	1.15154825615846	4.44304346893019	4	2	0.887706598577641
chr4	9250438	9364635	0.720873992991712	3.29636041849724	3	1	0.915833757692511
chr4	9367841	9483824	-0.931332956667487	1.04874726138596	1	-1	0.834955816127694
chr4	54723519	54727332	2.52070165337168	11.4772225633246	11	2	0.997917750688255
chr4	67492702	67495287	-2.13704773072565	0.454689082527892	0	2	0.562750479281822
chr4	68474618	68669987	0.810509102443436	3.50766046036888	4	1	0.867829108429522
chr4	69937027	70082800	-0.500621723916744	1.41360424374192	1	-1	0.547526955675224
chr4	190066847	190196187	1.15154825615846	4.44304346893019	4	2	0.887706598577641
chr5	17491204	17655459	5.37943424516579	83.2532244801056	83	2	0.999997412864935
chr5	34178929	34233813	1.82916346112753	7.10661951973405	7	2	0.992641260501131
chr5	70487640	70520200	-1.44200747902496	0.736109615034059	1	-1	0.665948097883824
chr5	72893474	72905396	1.41209483101183	5.32246600835387	5	2	0.984934484013706
chr5	80331635	80360170	2.68267984664356	12.8409483247968	13	2	0.998482152758644
chr5	103005017	103011255	0.561147335376829	2.95088425813106	3	1	0.931270217373682
chr5	112827227	112836688	6.26654334256656	153.974042085017	154	2	0.999999798450673
chr5	171391180	171410525	1.14402108307881	4.4199225300463	4	2	0.876218899242075
chr6	105929	152906	-0.892586599387629	1.0772950281328	1	-1	0.830684591441928
chr6	29677774	29945584	1.20657214100659	4.61577257082863	5	2	0.944599517776082
chr6	31166958	31312275	1.36782077577935	5.16160870171117	5	2	0.983116454348659
chr6	31312276	31356634	-0.924928557573939	1.0534131998073	1	-1	0.834392320795986
chr6	31869475	31871551	1.96601447797246	7.81374664511015	8	2	0.99420240948789
chr6	31965604	32045432	-0.70511575164348	1.22678654463187	1	-1	0.775343311791932
chr6	32339520	32443515	-1.31575259208913	0.8034317655342	1	-1	0.759674020594755
chr6	32443676	32758098	5.8574788289967	115.959630321863	116	2	0.99999932755648
chr6	33092941	33129196	3.00911215728083	16.1013768725477	16	2	0.999215780152862
chr6	110888893	110893664	1.10721759970697	4.30859531526604	4	2	0.80452854430061
chr6	123218441	123278415	-0.853026675996733	1.10724411091744	1	-1	0.824102344147505
chr6	137871517	137881396	2.09657692425062	8.55386788129614	9	2	0.995406376511946
chr7	50319018	50400774	7.25512048508191	305.519464271123	306	2	0.999999991006148
chr7	73248546	73259408	-1.24045943039222	0.846475706808917	1	-1	0.794738479424175
chr7	74810785	74913281	-0.559660318749937	1.35692377632217	1	-1	0.659801965298474
chr7	92813890	92834147	7.71631384859402	420.602568090476	421	2	0.999999998084012
chr7	100733980	100738579	-5.23932703131288	0.0529462739182803	0	-2	0.551323534929637
chr7	100981375	101051945	-0.477362843276483	1.43657882608021	1	-1	0.480018679425973
chr7	103175442	103277703	-1.1180384578351	0.921439623110598	1	-1	0.827561099381619
chr8	64084	213735	-0.797554286808102	1.15064732499976	1	-1	0.810703214071064
chr8	6936680	7413314	0.432469934707339	2.69908410874528	3	1	0.808953937705796
chr8	7414956	7541818	-0.546608663096709	1.36925517876404	1	-1	0.640920611003334
chr8	7546985	7743454	0.419272857877902	2.674506774234	3	1	0.771719708325418
chr8	25435478	25468492	0.796165898386545	3.47296025008453	3	1	0.878607591541905
chr8	39375698	39648558	4.190918215953	36.5276798743081	37	2	0.999944465647552
chr8	60780950	60816090	7.34393964815912	324.919754263449	325	2	0.999999993290821
chr8	73020552	73027202	0.576505837549799	2.98246630224711	3	1	0.93315008325063
chr8	86461106	86466884	0.681568715275093	3.2077655804573	3	1	0.926195760322483
chr8	93704761	93728293	0.5096845310075	2.84747767529915	3	1	0.91419279185542
chr8	94739418	94761889	1.01009410886338	4.02808494884787	4	2	0.517013143521424
chr9	21968066	21974385	2.03294168824277	8.18476893404164	8	2	0.994851205917482
chr9	33543053	33638570	-0.581670042298079	1.33637968583786	1	-1	0.686454629647795
chr9	34838268	34895641	0.730907792913507	3.31936618465693	3	1	0.912361553440046
chr9	36840509	37034074	6.86407480835579	232.982019514963	233	2	0.999999968183816
chr9	64118053	64428670	-0.831627542265819	1.1237899922307	1	-1	0.819539968885362
chr9	105521091	105526500	1.29561224519254	4.90962299328832	5	2	0.9764836573379
chr10	32517917	32847966	-0.67460896238764	1.25300401510278	1	-1	0.759173173551801
chr10	37149615	37197457	-1.82984327899381	0.562590353622254	1	2	0.51880521184279
chr10	45684374	45965892	-0.552128802880139	1.36402605007948	1	-1	0.649230196056655
chr10	47483864	48053737	0.453094144280422	2.73794628734608	3	1	0.853186802648384
chr10	87864277	87964934	7.35125734896908	326.572013222656	327	2	0.999999993451534
chr10	94694802	95065033	0.466034871726902	2.76261567132486	3	1	0.873637267957333
chr10	133679261	133778707	1.15154825615846	4.44304346893019	4	2	0.887706598577641
chr11	86608	128249	-0.657527766215021	1.2679274816707	1	-1	0.748864504904982
chr11	1608345	1630553	1.46313568901376	5.51413920585694	6	2	0.986365104290172
chr11	32635622	32699330	-0.688098052268342	1.24134312120413	1	-1	0.766652344017673
chr11	55467143	55856213	0.546201320295725	2.92047152889343	3	1	0.928317928092448
chr11	57917347	57958388	5.43994376558778	86.8192927854204	87	2	0.999997810622348
chr11	89845449	89956739	-0.593593128877745	1.325380750304	1	-1	0.698769871436026
chr11	89968440	89971755	0.884848350967764	3.6931410176296	4	1	0.781813359860107
chr11	100859420	100933191	1.37786741749997	5.19767856544299	5	2	0.983607682425363
chr11	110247763	110264786	0.9256838453397	3.79916888389782	4	1	0.705108438003148
chr11	123940549	123995018	0.506387072360095	2.84097684357583	3	1	0.912247082519649
chr12	10422223	10450031	-1.13537766813945	0.910431470002426	1	-1	0.824436181532588
chr12	31114708	31200611	1.45220987581173	5.47253727411945	5	2	0.986091626698966
chr12	43796896	43804659	1.15269184606028	4.44656675960079	4	2	0.889362895738179
chr12	56107061	56112840	0.697866005838747	3.2442072938841	3	1	0.922479090871273
chr12	64566693	64622708	6.75248690235916	215.640881562853	216	2	0.999999954737392
chr12	88046687	88054465	0.486613730946208	2.80230450504356	3	1	0.897235215880811
chr12	88055511	88139178	-0.517680484400904	1.39698789098462	1	-1	0.587890091599968
chr12	111403225	111439011	6.90548278982472	239.765918242652	240	2	0.999999972110203
chr13	18171403	18219053	-1.40519489506354	0.755134274073784	1	-1	0.698455293609745
chr13	27089774	27116660	1.55911053699033	5.8934422721042	6	2	0.988410446748855
chr13	35098200	35123576	0.350848063597912	2.55062015246482	3	1	0.467167561483327
chr13	40958871	41017372	7.20119962613212	294.311402233782	294	2	0.999999989266652
chr13	48304140	48479697	6.83589396249156	228.475231241825	228	2	0.999999965209837
chr13	52532562	52658583	0.834848424618095	3.56733925888542	4	1	0.845822312658227
chr13	52659069	52687886	-0.816797923435322	1.13540112528306	1	-1	0.815939291557233
chr13	57094747	57173577	2.06805715070814	8.38643201643379	8	2	0.995164650163027
chr13	75302095	75310247	1.94223750921692	7.68602414874876	8	2	0.993954710495968
chr14	19499286	19659708	1.94384282273763	7.69458129028618	8	2	0.993971729687184
chr14	35625252	35761049	0.838704745271126	3.57688750436782	4	1	0.841851718539333
chr14	35762618	35775846	-1.47886976280457	0.717539539217464	1	-1	0.628734647731181
chr14	92003400	92080511	-0.521852234502167	1.392954144237	1	-1	0.596651994581643
chr14	105921135	106874939	-0.650818084516746	1.27383808880031	1	-1	0.744531542437193
chr15	19810202	22574066	-1.11350498184506	0.92433967787656	1	-1	0.828303733552384
chr15	70763324	70836513	1.22626828485559	4.67922072736244	5	2	0.956080304179951
chr15	82812954	82819574	-6.20700558354581	0.027072921984162	0	2	0.551546118076484
chr15	92832588	92915320	6.4685407584451	177.114775152712	177	2	0.999999890776217
chr15	101966105	101978886	0.784804452969198	3.445717564736	3	1	0.886149640899337
chr16	14470902	15029002	0.501599493852122	2.8315646974621	3	1	0.909164534269708
chr16	18339805	18411910	0.875239412670443	3.66862492407355	4	1	0.796417133011508
chr16	46408210	46554077	-0.503867447625506	1.41042754222284	1	-1	0.555791406531677
chr16	81012027	81017877	-1.49115588833411	0.711454851234891	1	-1	0.61527964730212
chr17	3154020	3197671	4.60811504605719	48.7765240436152	49	2	0.999980180588949
chr17	7670087	7674829	1.2928469083852	4.90022131294017	5	2	0.976045599129117
chr17	10359889	10539934	0.491602449192676	2.81201141175409	3	1	0.901626141631886
chr17	12024637	12141397	7.44514450401695	348.531321862222	349	2	0.999999995208741
chr17	18595123	18622696	-1.34334434407984	0.788212020268625	1	-1	0.743277844986379
chr17	19030573	19262559	0.886662358511899	3.69778759854987	4	1	0.77891874454916
chr17	31047598	31373680	6.46699940256065	176.925649168361	177	2	0.999999890259576
chr17	46193596	46557626	-0.567210818658011	1.3498407207015	1	-1	0.669601784298569
chr18	51047024	51078532	4.91755185850943	60.4450317873763	60	2	0.999991062378059
chr19	1208034	1226795	4.7290266815823	53.0406548260095	53	2	0.999985433332893
chr19	4885131	4921971	5.68960889954885	103.222158874081	103	2	0.99999891263117
chr19	20948611	21310720	0.36359181103681	2.57325032893924	3	1	0.533673046892642
chr19	54219334	54223009	-1.95906644581714	0.514389662295004	1	2	0.560726495054875
chr19	54632483	54739706	0.372386242046868	2.58898434577441	3	1	0.57835337475659
chr19	54747401	54786503	-1.07563791524782	0.948922443937606	1	-1	0.833349273738735
chr19	54786508	54909425	1.15154825615846	4.44304346893019	4	2	0.887706598577641
chr20	6200249	6214618	2.52788570523475	11.5345171353453	12	2	0.997946410321471
chr22	11319687	11952641	-0.878222802218997	1.08807439221991	1	-1	0.828562949559175
chr22	18773732	18887005	0.514891663194327	2.85777367162192	3	1	0.916994130351134
chr22	23786710	23831850	5.55968228922083	94.332453694883	94	2	0.999998431382795
chr22	23941098	23961138	1.52444502543412	5.75352063540699	6	2	0.987724539705472
chr22	25271975	25539745	-1.50713022966805	0.703620670135031	1	-1	0.597006388051537
chr22	38961985	39014377	-4.80646597779535	0.0714725970771642	0	-2	0.575420345726084
chr22	41160869	41173780	1.10693560650683	4.30775322749888	4	2	0.803877447143981
chrX	284105	9030403	0.98529309874613	3.9594309442007	4	1	0.547312500405275
chrX	9032104	24995992	0.667393153475856	3.17640121712628	3	1	0.928827202375581
chrX	25004591	37796213	0.779798778858692	3.43378278252001	3	1	0.88921743429561
chrX	37798915	39045682	0.554800335584813	2.93793063814259	3	1	0.930167847276629
chrX	39052695	58550623	1.56050817453477	5.89915441989948	6	2	0.98843720249702
chrX	62470624	80682663	0.908797033350935	3.75495868288196	4	1	0.73985260735285
chrX	80683940	93488768	0.738283528427658	3.33637979935394	3	1	0.909563013671282
chrX	93488769	115156719	0.89019421143368	3.70685121956545	4	1	0.773153814532588
chrX	115163673	124364504	0.818722637677035	3.52768718745582	4	1	0.860959691785938
chrX	124365706	133027291	0.858497200923183	3.62629728096934	4	1	0.819100341616362
chrX	133027292	156027976	1.05272064959866	4.14887631764654	4	2	0.653824004321932
