Chromosome	Start	End	Segment	CNF	CN	Call	ProbCall
chr1	152514501	153726353	0.616308588431911	3.06589563678202	3	1	0.865792716228526
chr2	87301657	92135200	0.891539235516407	3.71030872712887	4	1	0.80249752718682
chr5	17491324	17635053	2.65300456739011	12.5795164993412	13	2	0.985178680607214
chr6	70202	28964737	0.602495097761418	3.03668044183995	3	1	0.853406627465792
chr7	124435319	142657213	0.559118150023296	2.94673668580011	3	1	0.799843562235019
chr7	142666271	142789040	-5.7564341672246	0.0369973521456156	0	-2	0.990538823969607
chr7	142791693	143380495	0.451260234331396	2.73446810465229	3	1	0.546572149402239
chr8	106237419	145066685	0.631707319576606	3.09879500563069	3	1	0.877344928572828
chr14	21965450	22320691	2.54005225736319	11.6322014730447	12	2	0.983828529376624
chr14	104117404	106879812	2.14429411223885	8.84151815371092	9	2	0.97793447334804
chr15	19790202	22258848	0.669363906354057	3.1807432153949	3	1	0.896968773019953
chr17	40993429	41315695	4.26072978102227	38.3387071121082	38	2	0.995357214376682
chr19	51394487	53775882	-1.80864327228351	0.570918504167858	1	-1	0.412952546942487
chr20	49936335	64327972	0.462440662179671	2.75574168829788	3	1	0.580495704944965
chr21	5011798	8701562	-0.676507465060202	1.25135621921486	1	-1	0.564892041782671
chr21	30020234	30747233	1.64027170066569	6.23449065931782	6	2	0.966860593333495
chr22	15166843	17326933	-0.636918895465029	1.28616978649354	1	-1	0.461648638942285
chr22	17329033	22923034	0.892911467266843	3.71383949796318	4	1	0.800311503084771
