Chromosome	Start	End	Segment	CNF	CN	Call	ProbCall
chr1	11868	10397432	0.466228780991063	2.76298701298702	3	1	0.605620718894741
chr1	37171835	38958925	-0.704544116473822	1.22727272727273	1	-1	0.800721007574625
chr1	115621871	119597179	-0.623253227895931	1.29841068022886	1	-1	0.659470522647564
chr1	228106678	228522505	0.70326797829191	3.25637755102041	3	1	0.8999913547241
chr1	228522506	228639455	-2.73269170081406	0.300890048844062	0	-2	0.738512706242608
chr2	88428816	90285570	1.21049684259662	4.62834639447073	5	2	0.963195518650202
chr2	120486419	143897361	-0.785036595018373	1.16067447265061	1	-1	0.867823316139135
chr3	52164891	90721908	-0.545500511591043	1.3703073242547	1	-1	0.459089455083206
chr3	150317574	153374186	0.595016165385079	3.02097902097902	3	1	0.849045854091386
chr3	153376830	154337047	-0.660799656539202	1.26505520521675	1	-1	0.735381443249046
chr3	169005667	198228376	0.741743588883322	3.34439114604405	3	1	0.897923259048814
chr4	8745396	9552847	0.714234170607561	3.2812241924742	3	1	0.900412452815474
chr5	16941842	17643228	1.23745070062064	4.71563057294304	5	2	0.967240239579457
chr5	91487219	132163765	-0.55869180247437	1.35783501809655	1	-1	0.495040800964236
chr6	26016378	28964737	0.695134692816517	3.23807116470308	3	1	0.899170156113088
chr6	32459820	32803734	-2.73079199722229	0.301286514064265	0	-2	0.738238854395397
chr7	38291615	38318861	5.72768915898446	105.983007243094	106	2	0.999996496556635
chr7	57147985	57257266	-2.51571423766872	0.349723285388212	0	-2	0.702496503049721
chr7	63393748	85629493	0.916944260272442	3.77622377622378	4	1	0.677725983916836
chr7	128627476	142353358	0.649092838140871	3.13636363636363	3	1	0.886077048254554
chr7	142358638	142386647	-5.36519500079699	0.0485227457036458	0	-2	0.901060985783412
chr7	142389201	142544685	4.33068029955063	40.2434001946198	40	2	0.999906762403704
chr7	142554835	142616415	-2.72441926355902	0.302620313308555	0	-2	0.737316440839578
chr7	142618848	142671244	3.9566846482643	31.0535144530844	31	2	0.999790645383461
chr7	142681414	142789040	-6.97613307236838	0.0158856389313366	0	-2	0.900852868619952
chr7	142791693	150448140	0.751727922692607	3.36761665700285	3	1	0.895698142994353
chr7	150693842	159333577	0.719201314690371	3.2925407925408	3	1	0.900342485647901
chr8	50950263	101283103	0.702427001852542	3.2544798951049	3	1	0.899926521969008
chr8	101287444	101397933	-0.721171649211329	1.21320920625398	1	-1	0.819514867457645
chr8	101398134	134767276	0.850438410746393	3.60609751631232	4	1	0.820695315724321
chr9	33613847	35690121	0.569445408650805	2.96790601900794	3	1	0.820847376669568
chr9	134641773	134850807	4.61380127754468	48.9691509674438	49	2	0.999950436695301
chr11	22503047	48489780	0.610964628837309	3.05456010506516	3	1	0.862843836055748
chr11	64372416	93999218	0.616231536825042	3.06573189748136	3	1	0.866830895312654
chr11	93999419	107307730	0.966870977941006	3.90919344585034	4	1	0.501216996143609
chr11	107312131	127778077	-0.553173305050606	1.36303886116788	1	-1	0.480002411056296
chr11	127778078	135075899	0.865925734135419	3.64501748251748	4	1	0.796220853354125
chr14	20784494	22330891	0.891319944933834	3.70974480065391	4	1	0.745095803730619
chr14	22332921	22537680	-0.876165763028033	1.08962690887682	1	-1	0.896797967980219
chr14	101952415	106324760	0.595015802232473	3.0209782605437	3	1	0.849045508812221
chr14	106329431	106879812	0.824591531609655	3.54206707353439	4	1	0.85212478193054
chr15	21344547	22258848	0.719433427158224	3.29307056579783	3	1	0.900335208914419
chr15	92820193	93089204	6.58975754944345	192.639207174341	193	2	0.999999623014454
chr15	93089405	101979093	-0.586727351870813	1.33170326177319	1	-1	0.570093341215646
chr16	34163311	36252716	-0.571026247929812	1.34627557534892	1	-1	0.528453168125296
chr16	46382717	53392473	-0.693642555787323	1.23658160021797	1	-1	0.786682249855473
chr17	40993429	41397592	2.78116865142125	13.7481791508975	14	2	0.99780554581112
chr18	596987	3459978	0.710493382805016	3.27272727272727	3	1	0.900357534949549
chr19	27243626	39550533	0.583661856821574	2.99729660583319	3	1	0.83751055472236
chr19	39553033	39738028	-1.95675174771538	0.515215625102637	1	-2	0.403666861757279
chr19	53632055	53766632	-3.9633306572655	0.128217878011511	0	-2	0.854199378955477
chr19	53767970	56217777	0.457609106475699	2.7465282031612	3	1	0.579594486846057
chr20	60202	26381726	-0.583237820251692	1.33492822966507	1	-1	0.560958929380196
chr21	5011798	7681742	-0.615640043786051	1.30528057800785	1	-1	0.64195007644259
chr22	15156843	16897546	-0.846075452313414	1.11259193099663	1	-1	0.890496091748919
chr22	22580013	22923034	1.76784930535822	6.81091820014059	7	2	0.9869417285876
chrX	48130656	48448879	-0.859024482915774	1.10265045064084	1	-1	0.893503692347437
chrX	48458536	49264826	0.96955489012926	3.91647266772698	4	1	0.490433937284495
chrX	52369029	52829267	-1.22170292779555	0.857552601193789	1	-1	0.891365136026923
chrX	64727249	102906158	0.545681591482262	2.91941962271086	3	1	0.786816150085136
chrX	102906359	120876805	0.959358015502657	3.8888888888889	4	1	0.53091043758919
chrX	120877495	120956600	-2.73269170081406	0.300890048844062	0	-2	0.738512706242608
chrX	120957226	135417964	0.948868560161593	3.86071634458732	4	1	0.570848516489133
chrX	136134621	156027877	0.961709272825226	3.89523204068659	4	1	0.521703412631017
