Chromosome	Start	End	Segment	CNF	CN	Call	ProbCall
chr2	88931665	92135200	2.33411930534686	10.0848610775151	10	2	0.999999931837929
chr5	16941842	18547605	1.25504167397518	4.77348085785049	5	2	0.998927255372565
chr6	26017084	27893843	1.35187679370102	5.10487909952061	5	2	0.999794311084075
chr14	103100143	106879812	1.36876590220229	5.16499123989085	5	2	0.999841474258241
chr17	39200282	41397592	0.396777908598055	2.6331284637782	3	2	0.58417345424665
chr19	51394487	53761222	-1.78904520155316	0.578726975925645	1	-1	0.998440280504762
chr21	5011798	10800035	-0.332040291055276	1.58882442746968	2	-1	0.514775568467781
chr21	30098037	32625096	1.52784705526486	5.76710406420663	6	2	0.999972709803112
chr22	15176843	16897546	-0.917015897160767	1.05920666314491	1	-1	0.958318660628664
