Chromosome	Start	End	Segment	CNF	CN	Call	ProbCall
chr2	73926825	92115200	0.561891194554365	2.95240613784818	3	1	0.928845444717486
chr6	17987824	48902072	0.730490798530111	3.31840689873845	3	1	0.933775960855726
chr7	142554835	142789040	-5.03187644386486	0.0611342025575097	0	-2	0.985948743583963
chr8	45954792	145066685	0.398384019070265	2.63606148151142	3	1	0.501430207022904
chr9	21186693	43206105	0.442839021941777	2.71855312668839	3	1	0.701878680519881
chr13	18174009	114346637	-0.621254648434067	1.30021062761804	1	-1	0.710778873946375
chr14	21384291	22320691	2.56756851969777	11.8561896065711	12	2	0.998671491006086
chr14	103207747	106879812	1.30601017369398	4.9451359160031	5	2	0.985612772584847
chr17	40993429	41397592	3.76185236721242	27.1306624115934	27	2	0.999886009681774
chr19	51394487	53761222	-2.33216818135286	0.397170897378055	0	-2	0.747864316922733
chr22	15186843	17070675	-0.524661571938136	1.3902443057386	1	-1	0.484695658115119
chr22	17080700	22923034	0.735785226147921	3.33060721948301	3	1	0.931748566925356
chrX	74680052	138397628	-0.504540859527823	1.40976934556215	1	-1	0.416261805781726
