Chromosome	Start	End	Segment	CNF	CN	Call	ProbCall
chr2	88931665	92125200	2.14301107728088	8.83365860351826	9	2	0.99768686162917
chr5	17491324	17635053	3.55071093374874	23.4369175745952	23	2	0.999732655918457
chr6	24365650	27893843	0.753249438063895	3.37117013381019	3	1	0.733695809632218
chr7	142300923	142529762	3.19014507011812	18.254054897068	18	2	0.999535106373325
chr7	142535808	142789040	-4.89419071064552	0.0672561165885431	0	-2	0.990916639586632
chr7	142791693	143936279	0.418077446631308	2.6722916066584	3	1	0.597401829187101
chr14	21384291	22503814	2.03118568240098	8.17481273518479	8	2	0.997255387924639
chr14	104117404	106879812	1.48573919843452	5.60121263913741	6	2	0.993689688293251
chr15	19780202	22258848	0.585289085868	3.00067919159318	3	1	0.880341423029772
chr17	39057018	42898704	0.92255161931814	3.79092948000811	4	2	0.857256920827278
chr19	51394487	53766632	-1.72165514164836	0.606401344926244	1	2	0.460422895558314
chr21	5011798	8227646	-0.63808684103061	1.2851289785815	1	-1	0.510311444793166
chr21	30165563	30747233	3.10347713956182	17.1897557384485	17	2	0.999469004783032
chr22	15176843	17353177	-0.7987746196758	1.14967443814325	1	-1	0.656519818928476
chr22	17359948	22919851	0.641281469724481	3.11942791129707	3	1	0.868803097249108
