Chromosome	Start	End	Segment	CNF	CN	Call	ProbCall
chr2	88931665	92125200	2.33758464865866	10.1091139586511	10	2	0.970858884129107
chr3	167959283	198228376	0.779331785756199	3.43267146423965	3	1	0.808295063429427
chr5	10202	46406170	0.671332424439781	3.18508621515066	3	1	0.863950749397508
chr6	25726131	28944537	0.988042676058225	3.96698426774391	4	2	0.683279662284491
chr7	142389201	142536292	3.02231795835862	16.2494384645651	16	2	0.972913951981496
chr7	142544211	142789040	-6.75707609893188	0.0184904468595056	0	-2	0.999877905374624
chr8	64090	41512521	-0.83265333106699	1.12299123613176	1	-1	0.847159704715234
chr8	41529205	43974791	0.535392846827728	2.89867351239712	3	1	0.768103660012526
chr9	12133	43216105	-1.00473480057209	0.996723465924873	1	-1	0.882052016687361
chr12	12309	34700158	0.884204618096899	3.69149349969805	4	1	0.614988393758162
chr14	18247823	20784293	-0.670473759003625	1.25660065830834	1	-1	0.689761677616774
chr14	20801227	22320691	1.27685945401931	4.84621850471972	5	2	0.958007419524958
chr14	104117404	106879812	2.03011669315381	8.16875771323795	8	2	0.968712175320296
chr17	40993429	41397592	4.27818470839395	38.8053781484876	39	2	0.967819701001511
chr19	27253626	39493785	1.09557765998223	4.27397260273972	4	2	0.901294603712478
chr19	53632055	53766632	-3.75093250173074	0.148554838291108	0	-2	0.924368481412539
chr20	87249	26371726	0.567079577111253	2.96304302898749	3	1	0.812720687636909
chr20	30089564	64327972	0.563565013424958	2.95583351564959	3	1	0.808612436653294
chr21	5011798	8227646	-0.643615967432879	1.2802131498271	1	-1	0.631378465684124
chr21	30165563	30747233	2.57125055815613	11.8864875560637	12	2	0.971951132405079
chr22	15176843	17353177	-0.932660598371515	1.04778259449688	1	-1	0.874264290524095
