Chromosome	Start	End	Segment	CNF	CN	Call	ProbCall
chr1	65190791	65228136	1.14412719150672	4.42024762181214	4	2	0.991292306820165
chr1	103546988	103571735	-0.582824617372794	1.33531062176526	1	-1	0.61113295567064
chr1	146088484	146098060	1.04025493519728	4.11318207299666	4	2	0.915518680157688
chr1	146109791	146126389	0.697412265969031	3.24318712351196	3	1	0.917476418624851
chr1	146144630	146328246	0.758732166904298	3.38400609494759	3	1	0.881547597936703
chr1	158724131	158809077	0.663456274259989	3.16774515268473	3	1	0.925320250946766
chr1	182858118	182883568	0.920628306179369	3.78587901100758	4	2	0.511058317143405
chr2	55637252	55644800	-0.886878168572862	1.08156609475845	1	-1	0.848799849491205
chr2	63920433	63947500	-1.17585424283799	0.885243197214041	1	-1	0.838881808508783
chr2	86865614	86878974	-1.27405063048306	0.826994345083012	1	-1	0.808564458522932
chr2	87388771	87553588	-0.798872404336378	1.14959651681426	1	-1	0.829424187207543
chr2	88782870	88805474	-1.41610613030381	0.749444666761705	1	-1	0.725834457193853
chr2	88812269	91536015	-0.538909375620626	1.37658207029969	1	-1	0.480541243354714
chr2	95848829	95978191	-0.914035193441287	1.06139731665884	1	-1	0.852306399154865
chr2	97191185	97224925	0.493597692912356	2.81590310715426	3	1	0.801350555368603
chr2	97494797	97576429	-1.011363557997	0.992154321084712	1	-1	0.8571754940338
chr2	97833348	97859438	-0.814004650259367	1.13760156101936	1	-1	0.833788098827642
chr2	106457517	106475859	-0.58602892648451	1.33234811082998	1	-1	0.619123597316634
chr2	171480914	171785595	0.491270025654323	2.81136354711878	3	1	0.795852801496846
chr2	201537364	201565882	0.794854582481858	3.4698049894105	3	1	0.841017166767101
chr3	5178161	5184814	8.25874516288596	612.576054411079	613	2	0.999999999999999
chr3	93714064	93901018	0.705615707499092	3.26168103953199	3	1	0.914449638333274
chr3	98133074	98660477	0.434128716319913	2.70218924589631	3	1	0.602555834678326
chr3	107845767	149173816	0.42388218267932	2.68306532897513	3	1	0.556968140050243
chr3	149176122	149912166	0.488757912520262	2.80647248015614	3	1	0.789721825081854
chr3	149921169	155919390	0.418282205133112	2.67267090598482	3	1	0.531114407635204
chr3	155922139	156121046	1.48931864195582	5.61512695656605	6	2	0.998986084759738
chr3	156142984	198228341	0.431573431953831	2.69740739634218	3	1	0.59142578117769
chr4	9160776	9175774	1.04025493519728	4.11318207299666	4	2	0.915518680157688
chr4	9325132	9359889	1.04025493519728	4.11318207299666	4	2	0.915518680157688
chr4	54723519	54727332	2.87136634659533	14.6351572965573	15	2	0.999979539970399
chr4	68497034	68668276	0.95484969391299	3.87675534988822	4	2	0.65624079749815
chr4	102799469	102809943	0.611888097597551	3.05651595418072	3	1	0.923199214515253
chr4	190065242	190072028	-1.88809125132566	0.540328523835978	1	2	0.674377313171645
chr4	190072322	190078614	0.713605926758126	3.27979564375941	3	1	0.911038230021481
chr4	190078908	190196187	1.55294435324731	5.86830702354666	6	2	0.999135594499427
chr5	17491204	17655459	5.71542319052098	105.085746557714	105	2	0.999999999626068
chr5	69400132	69424666	-0.661908335054316	1.26408341234661	1	-1	0.748549067818793
chr5	72891729	72905528	1.19334560118655	4.57364883939527	5	2	0.996391510186302
chr5	80331635	80360170	2.76120962847469	13.5592890266157	14	2	0.999971119554677
chr5	103005017	103011255	0.735588995952058	3.33015423306337	3	1	0.899044755432084
chr5	112827227	112836688	6.18387482987876	145.399130325449	145	2	0.999999999957233
chr5	171391180	171410525	0.949599524403787	3.8626729331628	4	2	0.634263798139324
chr5	178767282	178947004	0.559649150019621	2.94782146471465	3	1	0.898119216121236
chr6	29723470	30108204	0.931441517441382	3.81436133660631	4	2	0.556881450971224
chr6	31137781	31532826	1.12116314153925	4.35044548875778	4	2	0.98567351734424
chr6	31869475	31880461	0.961311046337634	3.89415698985238	4	2	0.682775792409231
chr6	32439872	32763575	7.69784517387669	415.252537486787	415	2	0.999999999999981
chr6	33092941	33129196	2.53730837454829	11.6100990439326	12	2	0.999942839305872
chr6	110888893	110893664	1.57630976950952	5.96412200132132	6	2	0.99918517643287
chr6	137871517	137881396	1.64758289322268	6.26616558252883	6	2	0.999320635546189
chr7	35105973	35162006	-1.28153862234263	0.822713132463211	1	-1	0.805485840785844
chr7	38349116	38363302	-1.25319161892759	0.839038188553015	1	-1	0.816517390363014
chr7	50319018	50400774	7.02733049722779	260.895906363348	261	2	0.999999999999338
chr7	57003496	57058104	1.40306154080048	5.28924403815435	5	2	0.998744370969377
chr7	63636508	65033193	0.466255338525948	2.76303787529491	3	1	0.725177339811591
chr7	92813890	92834147	7.75110187816173	430.867920266422	431	2	0.999999999999986
chr7	102480350	102688328	0.974326293230723	3.92944700057447	4	2	0.733829401167616
chr7	103198524	103254793	-0.790439363061503	1.15633597594049	1	-1	0.826761470270101
chr8	6977737	7362983	0.407285127974707	2.65237567279485	3	1	0.479066213591423
chr8	7739059	7973239	-0.676205712955738	1.25161797852901	1	-1	0.762954078306707
chr8	39284724	39648558	2.11720296943966	8.67703993762295	9	2	0.999807133214074
chr8	60780950	60816090	7.34495681149269	325.148917728811	325	2	0.999999999999874
chr8	86461106	86466884	0.75294914620243	3.37046850971331	3	1	0.886451405839293
chr8	94739418	94765180	0.943869056540469	3.84736060447547	4	2	0.609979038186429
chr9	12193	75762	0.534812460651287	2.89750763074129	3	1	0.873142484228049
chr9	21968066	21974385	1.95038978127937	7.72957869438148	8	2	0.99969466473715
chr9	34837642	34895641	0.754209491176803	3.37341425291134	3	1	0.885414822982019
chr9	36840509	37034074	6.85715636983077	231.867429777014	232	2	0.999999999998423
chr9	64126921	64430744	-0.608570191952388	1.31169273582074	1	-1	0.668978854362895
chr9	83842230	83978287	0.515333905688808	2.85864982538116	3	1	0.844774709636407
chr9	105521091	105526500	1.16919606994896	4.4977269186508	4	2	0.994668886118799
chr10	37144867	37199805	-0.986173142696237	1.00963012121039	1	-1	0.85701485486847
chr10	47461281	48053737	0.771114807423733	3.41317599686953	3	1	0.869700199765902
chr10	48057264	48184950	-0.537671622099958	1.37776360927927	1	-1	0.476393097221194
chr10	87864277	87964934	7.27186183364866	309.085429009941	309	2	0.999999999999815
chr10	94683738	95065033	0.480941397341907	2.7913081422588	3	1	0.769296713379937
chr10	133664925	133778707	1.04025493519728	4.11318207299666	4	2	0.915518680157688
chr11	1608345	1630553	0.594934817351318	3.0208086843742	3	1	0.918190510944742
chr11	124015527	124093942	-0.553276456985143	1.36294140809214	1	-1	0.527153064610956
chr11	131316217	135066987	-0.52331566507367	1.39154188587616	1	-1	0.42723706065536
chr12	9480523	9573221	1.09241465288065	4.26461248376711	4	2	0.972630732559925
chr12	31114708	31656610	0.501399711337701	2.83117261325007	3	1	0.818534027320175
chr12	40479065	40491243	-0.878188101633423	1.08810056356698	1	-1	0.847459265425164
chr12	43795608	43804501	1.69569515200694	6.47865867450532	6	2	0.999399933948824
chr12	56107061	56112840	0.589850978553967	3.01018254558359	3	1	0.916172504276029
chr12	64566693	64622708	6.48119022945924	178.674535745105	179	2	0.999999999989772
chr12	111403225	111439011	7.18358775816963	290.740402512941	291	2	0.999999999999706
chr13	18171403	18212094	-1.34803874478341	0.785651417057562	1	-1	0.772357598124361
chr13	18218918	18761939	0.541842481776742	2.91166117583101	3	1	0.881346189164206
chr13	19375042	19464623	-0.571751847372293	1.34559864005303	1	-1	0.581785586997363
chr13	27089774	27116660	1.90196946546501	7.47446057698006	7	2	0.999651980561057
chr13	40976205	41017372	7.16719084022537	287.454706149207	287	2	0.999999999999679
chr13	48304140	48479697	6.93431470996449	244.605784279696	245	2	0.999999999998935
chr13	52532562	52657490	3.15631735745066	17.8310203679596	18	2	0.999991834776342
chr13	57141246	57173577	2.02253856296012	8.12596168993313	8	2	0.999749276746932
chr13	75302095	75310247	1.48355806847058	5.59275087698471	6	2	0.99897142879992
chr14	19499286	19659708	0.529283655618911	2.88642483262139	3	1	0.865975729339292
chr14	35654227	35760891	0.80335395099064	3.49030703043257	3	1	0.828522252134199
chr14	35760919	35775132	-2.15099865795732	0.450313408820208	0	2	0.720245461888657
chr14	104944252	104952904	-0.719438495291694	1.21466754758287	1	-1	0.79527885333136
chr14	106373753	106874939	-0.564877791474909	1.35202535621011	1	-1	0.562248433913358
chr15	19810202	21877159	-0.79816002440144	1.15016430951754	1	-1	0.829205924449451
chr15	28562573	28846218	-0.590802268551768	1.32794715035759	1	-1	0.630605669789677
chr15	32599204	32625649	0.489219378724015	2.80737031324866	3	1	0.790863597825409
chr15	92832588	92915320	6.26637503136548	153.95607983827	154	2	0.999999999971123
chr15	101818140	101978886	0.407364226910889	2.65252109912516	3	1	0.479444506884427
chr16	18339805	18411910	0.42568857989589	2.6864268968287	3	1	0.565180013129777
chr16	29560068	29569300	-0.863775480576135	1.09902524007802	1	-1	0.844988222839977
chr17	7670087	7674149	2.01412033460469	8.07868419242402	8	2	0.999743412068884
chr17	12024637	12141397	7.09253082165214	272.957177149439	273	2	0.999999999999527
chr17	18428286	18622696	-1.37725997009854	0.769898427932171	1	-1	0.754106735495767
chr17	19030573	19222359	0.742849134965398	3.34695495575261	3	1	0.894145681534149
chr17	31095295	31373680	6.20620734859315	147.667379135048	148	2	0.999999999961534
chr17	46517436	46552746	-0.777439561719106	1.16680254512863	1	-1	0.822297006916419
chr18	51047824	51078532	4.68071326808331	51.2938255529557	51	2	0.99999996901605
chr19	1208034	1226795	5.0818368225355	67.7353395654446	68	2	0.999999994058906
chr19	4885131	4921971	5.70081054505687	104.026735349488	104	2	0.999999999600577
chr19	54219030	54242739	-0.639345883712125	1.28400793333986	1	-1	0.720556064798732
chr19	54451212	54456258	-1.68993659134743	0.619881094092508	1	2	0.492771861029511
chr19	54724340	54739706	4.72217092437302	52.7892009806048	53	2	0.999999973784773
chr19	54747401	54782969	-0.926419987523977	1.05232476451841	1	-1	0.853577741965016
chr19	54783439	54809019	1.04025493519728	4.11318207299666	4	2	0.915518680157688
chr19	54813100	54820004	-2.08075288177077	0.472782033945519	0	2	0.722155366645391
chr20	1588394	1611704	4.25320121289384	38.1391612899949	38	2	0.999999834506286
chr20	6200249	6215226	2.75701388879633	13.5199123058993	14	2	0.99997074124725
chr20	30120650	61743717	0.423158645927961	2.68172006223396	3	1	0.553660302180204
chr20	61743718	64327990	0.580308159039634	2.99033716378881	3	1	0.911658811957961
chr22	23786710	23831850	5.09883138190946	68.5379616942042	69	2	0.999999994469821
chr22	23941098	23961138	1.69595659341931	6.47983282642755	6	2	0.99940034035961
chrX	2794523	58550623	0.976298283749212	3.9348217542699	4	2	0.741223054767132
chrX	62470624	124364504	0.998576005332759	3.99605379629175	4	2	0.816989325997524
chrX	124365706	156003464	0.991986940456097	3.97784466633994	4	2	0.796168994917618
