Chromosome	Start	End	Segment	CNF	CN	Call	ProbCall
chr1	16537120	16951246	0.552104628474876	2.9324461762626	3	1	0.895563298882256
chr1	67882920	67917919	0.563429339171521	2.95555555555557	3	1	0.905477344113505
chr1	103031470	103168478	-0.569500722143764	1.34769989876909	1	-1	0.489333017039652
chr1	121614147	121974146	-1.08576127208223	0.942287184641673	1	-1	0.878670781746245
chr1	143189147	143269146	-2.4009358813578	0.378683408670426	0	-2	0.56230100169403
chr1	144378870	144593456	-0.662475050061616	1.26358695652174	1	-1	0.728360456195699
chr1	145332008	145352828	-0.933212505189528	1.04738183914356	1	-1	0.880858873940692
chr1	145353430	145372716	0.832357544735791	3.56118539623954	4	1	0.867962244110919
chr1	158808424	158839277	1.07800251200128	4.22222222222224	4	2	0.872023906373578
chr2	70229190	75269173	0.475239930716611	2.78029878522135	3	1	0.769958785662888
chr2	95829274	95982361	-0.682949721229518	1.24578083100742	1	-1	0.760569810058775
chr2	97504815	97604909	-0.801372550180535	1.14760602686571	1	-1	0.853849265069235
chr2	174380083	174387854	-1.72789509158301	0.603784199506562	1	2	0.385862145779151
chr2	187134375	187189374	-0.606495662270796	1.31358024691358	1	-1	0.601874492815129
chr2	208682339	208817338	-0.767339243209721	1.175	1	-1	0.838062395485698
chr3	5178161	5184814	7.82609371016834	453.856909278194	454	2	0.99999979611353
chr3	6680632	7061903	-0.622437206139813	1.2991452991453	1	-1	0.64385316199359
chr3	75376602	75599673	0.893561426686579	3.71551302474331	4	1	0.745347874028636
chr3	76307916	76482915	-0.795908395406492	1.15196078431373	1	-1	0.851685839813588
chr3	82031819	82066818	-2.72197287969073	0.303133903133904	0	-2	0.601821762910241
chr3	98208223	98339159	0.924278757927967	3.79547055156788	4	1	0.643957168827051
chr3	112901028	112929093	-1.14293259086185	0.905676299259845	1	-1	0.870422523167037
chr3	155881306	156047434	0.695411123150853	3.23869166094695	3	1	0.943711200714699
chr3	156047435	162824159	0.463893665620606	2.75851851851853	3	1	0.739913242071692
chr3	162824160	191355005	0.465025635110527	2.76068376068377	3	1	0.743067671690465
chr3	191357016	195478103	0.423900841681019	2.68310003044901	3	1	0.606415236737271
chr3	195478104	195503103	-7.53110075915062	0.0108129144463748	0	-2	0.609268614273794
chr3	195503104	195635396	0.412424632415286	2.66184143401242	3	1	0.561073878640819
chr3	195639485	195719813	-0.932378975804571	1.0479871477933	1	-1	0.880791209325215
chr3	195720877	198233541	0.476576431297646	2.78287562408472	3	1	0.773270514094046
chr4	4069390	4157180	1.53362026789097	5.79022844150615	6	2	0.966602263228725
chr4	9160776	9175774	3.4041576175027	21.1730561136017	21	2	0.997850268658121
chr4	9175859	9272867	-0.766336785990414	1.1758167329351	1	-1	0.837503544722225
chr4	9325132	9358652	1.40266153678979	5.28777773689727	5	2	0.960700076869754
chr4	9358659	9483824	-0.631989236181718	1.29057211925867	1	-1	0.666751877106403
chr4	10212046	10237045	6.67436435508147	204.274364714663	204	2	0.999996715295915
chr4	27088317	27476195	-0.833386837097446	1.12242042147255	1	-1	0.864304189624433
chr4	34673187	34703186	1.47846683845036	5.57304900135176	6	2	0.964215576838498
chr4	34703187	34868186	-0.89600227946578	1.07474747474748	1	-1	0.876836082747995
chr4	51795751	51820750	-3.23233065839256	0.212814645308925	0	-2	0.652418837747216
chr4	54714762	54727332	1.88909742677476	7.40806843829473	7	2	0.978964571945778
chr4	63196898	63311897	-0.606495662270796	1.31358024691358	1	-1	0.601874492815129
chr4	68409983	68548179	-0.636805235017591	1.28627111933795	1	-1	0.677640286959691
chr4	114194027	114264026	0.528234675225819	2.88432688227012	3	1	0.868742773937676
chr5	17491204	17685659	0.875888744147194	3.67027647879237	4	1	0.790610101391803
chr5	34149738	36057178	0.854273023515667	3.61569509621686	4	1	0.834407364081608
chr5	69632197	70394337	-0.708185742785825	1.22417877280133	1	-1	0.791708552447976
chr5	70487640	70987850	-0.683327630564133	1.24545454545455	1	-1	0.761101816646854
chr5	80326702	80360170	1.90380790371246	7.48399141536398	7	2	0.979376258678513
chr5	112827227	112836688	5.94360689740875	123.093169452381	123	2	0.999983239137408
chr5	120026031	120186030	-1.11888667795224	0.920898029852667	1	-1	0.87443178432533
chr5	171391180	171410525	1.22011285077976	4.65929879222086	5	2	0.949502014195469
chr6	29826895	29885742	1.11801819084916	4.34097222222225	4	2	0.917652273318626
chr6	29887761	29942597	0.773532449560179	3.41890053038429	3	1	0.920677784761937
chr6	29942602	30046389	-1.36806016694819	0.7748236166147	1	-1	0.778861525659358
chr6	31197721	31312275	0.445963663330045	2.72444744868434	3	1	0.685261803382347
chr6	31312276	31356454	-5.86859367217109	0.0342300290709578	0	-2	0.719524866734346
chr6	31356512	31382419	0.952552837597543	3.87058823529413	4	1	0.526757652552451
chr6	31382420	31425403	-0.777607578663543	1.16666666666667	1	-1	0.8434485705169
chr6	32292958	32490364	-1.05669085689719	0.96146693105641	1	-1	0.881244556469303
chr6	32490365	32666711	3.02906207914615	16.3255770221979	16	2	0.996046772894473
chr6	32666912	32711911	-2.44555944405574	0.367149758454106	0	-2	0.568177938485736
chr6	32711912	32750107	0.402396317494451	2.64340287114992	3	1	0.519649609397754
chr6	32750308	32810175	0.696219841103802	3.24050765272622	3	1	0.943646709378103
chr6	33092941	33176788	0.568693282746733	2.96635915209247	3	1	0.909558693481677
chr6	61465146	61525145	0.756074417113917	3.37777777777779	3	1	0.929255965353047
chr6	91367088	91671972	-0.600069393111357	1.31944444444445	1	-1	0.583697627639495
chr6	103268810	103313809	1.41587215075766	5.33641975308643	5	2	0.961333295604496
chr6	110888893	110893664	1.18355441953981	4.54271381239866	5	2	0.944291937008502
chr6	137871517	137881396	1.77147000471696	6.82803287583278	7	2	0.975407011988779
chr6	165502665	165565467	0.5832378202517	2.99641577060933	3	1	0.919292039523794
chr7	50319018	50405974	6.93625924241408	244.935697784006	245	2	0.999998214130306
chr7	61110237	61270236	-4.59295922955767	0.0828727019612659	0	-2	0.723060652086905
chr7	61270237	61395236	0.883834670803718	3.69054701904354	4	1	0.771387103799207
chr7	61465237	61515236	-4.2654383603934	0.103993238872129	0	-2	0.7136458506538
chr7	62855237	62925236	-1.56469859742985	0.676096649399257	1	-1	0.559716267428699
chr7	89288568	89318567	1.04721860032533	4.1330837572335	4	2	0.807129471888504
chr7	92813890	92834147	7.73831726212	427.066600048493	427	2	0.999999745710126
chr7	102480350	102667259	0.94610164403402	3.85331904931954	4	1	0.555130721621869
chr7	103197285	103243126	-1.00644356867766	0.995543617808677	1	-1	0.883302845485016
chr7	109315838	109390837	-1.14839183989266	0.902255639097751	1	-1	0.869396518225812
chr7	116763513	116774458	1.5964370034176	6.04791139468627	6	2	0.969154924990055
chr8	3622037	4287359	-0.721972879690731	1.21253561253561	1	-1	0.805389652173887
chr8	7254144	7398314	1.27092419819372	4.82632208853107	5	2	0.953609877349162
chr8	7398315	7592242	-0.584962500721149	1.33333333333334	1	-1	0.538480136580681
chr8	7592443	7774055	0.605171276630298	3.04231866885187	3	1	0.930298186833686
chr8	12359184	12388769	-2.30935259796283	0.40350190841238	0	-2	0.549736447168783
chr8	39375698	39527152	7.61296381041732	391.525865703103	392	2	0.999999652292828
chr8	43932108	43982107	-1.88494010831947	0.541510002406943	1	2	0.467317167794888
chr8	60780950	60816090	7.34587312025113	325.355497378715	325	2	0.999999329626547
chr8	89173258	89198257	-0.774933444365226	1.16883116883117	1	-1	0.842103228353665
chr9	21968066	21974385	2.02147772275074	8.11998871707112	8	2	0.982423388477702
chr9	36833880	37034074	6.75261481365568	215.660001423092	216	2	0.999997258233224
chr9	60521462	60686461	-1.28950661719498	0.818181818181821	1	-1	0.824561437472797
chr9	67438756	67633755	0.621854029941149	3.07770302646964	3	1	0.936226373629303
chr9	105521091	105526500	1.08555526077089	4.24438421887479	4	2	0.883482791365449
chr9	115932473	116042472	-1.03640683324666	0.975080454631373	1	-1	0.882434703541677
chr10	38827723	38896402	1.23896655944496	4.72058795249957	5	2	0.951270198773282
chr10	39341403	39371402	-5.78503867925346	0.0362710248702086	0	-2	0.721706600461131
chr10	39371403	39416402	1.49304001128012	5.62962962962964	6	2	0.964859797844663
chr10	39416403	39451402	-7.0385186736134	0.0152133462537591	0	-2	0.65651096741066
chr10	46129880	46868209	0.897709519024206	3.7262113836675	4	1	0.733371375291581
chr10	47483864	48053737	1.05614731749873	4.15874237947019	4	2	0.829215333221346
chr10	55149490	55414489	-0.734251209469166	1.20225988700565	1	-1	0.815918741721475
chr10	76464707	76499706	-1.31431491077748	0.804232804232808	1	-1	0.812107464443963
chr10	87864277	87964934	7.5206986279525	367.270351837332	367	2	0.999999563099747
chr10	133389782	133783907	0.530678153737261	2.88921617786971	3	1	0.871904440180142
chr11	1608345	1630553	0.793010523911798	3.46537270408446	3	1	0.907894443649085
chr11	5719867	5788439	-0.849209075855917	1.11017793460635	1	-1	0.868311710857034
chr11	15521321	15770451	-0.729352410056328	1.20634920634921	1	-1	0.811890522185617
chr11	24417152	24497397	0.535400820729503	2.89868953366363	3	1	0.877729842468138
chr11	48756120	48841119	0.969626350956483	3.91666666666667	4	2	0.51396371029959
chr11	50710524	50755523	-1.70781924850669	0.612244897959183	1	2	0.370131483927138
chr11	50755524	50820523	0.969626350956485	3.91666666666668	4	2	0.513963710299599
chr11	54525524	54580523	-0.906890595608514	1.06666666666667	1	-1	0.878234928281733
chr11	55657090	55681390	-1.68249720899332	0.623085820447993	1	-1	0.360452418363004
chr11	55683518	55742406	0.493040011280122	2.81481481481482	3	1	0.810299614475662
chr11	56041635	56071505	1.53620544716033	5.80061330973633	6	2	0.966710743528765
chr11	57917347	57928388	5.47075363406166	88.6933254193475	89	2	0.999954474668565
chr11	100859586	100933191	0.435775817266929	2.70527605218369	3	1	0.650355042813804
chr11	110757511	110906865	-0.628155945377659	1.29400577382891	1	-1	0.657770019581173
chr12	10422223	10442342	-1.43248128611371	0.740986269079623	1	-1	0.725497346923626
chr12	11092153	11154481	-1.37203040863377	0.772694262890344	1	-1	0.776027376443157
chr12	37249925	37389924	1.07800251200128	4.22222222222224	4	2	0.872023906373578
chr12	37654925	38069924	0.627341102991714	3.08943089430896	3	1	0.937778323127623
chr12	64561653	64611410	6.51413468729714	182.801574614476	183	2	0.99999526245846
chr12	99430013	99619853	-0.550028710611766	1.36601307189543	1	-1	0.425188466941167
chr12	111403225	111439011	6.70721096463322	208.978536415837	209	2	0.999996954754891
chr13	18171403	18188202	-0.87140895658902	1.09322552008308	1	-1	0.87291017737249
chr13	18188203	18507492	0.508116209654682	2.84438392819461	3	1	0.838503744189363
chr13	19087754	19136586	1.38823265410523	5.2351564575987	5	2	0.959997839044313
chr13	40976205	41017372	7.22748471110462	299.722734989283	300	2	0.999999107183606
chr13	48304140	48479697	6.80358354712081	223.415202287551	223	2	0.999997564189956
chr13	52525389	52587486	0.574991962904204	2.9793383286322	3	1	0.914039938838409
chr13	54001069	54151676	-0.758498755715845	1.18222222222222	1	-1	0.83291557173931
chr13	56929747	57134746	-0.563429339171514	1.35338345864662	1	-1	0.469493865331699
chr13	57134747	57173577	1.87101756165927	7.31580976945323	7	2	0.978448779181191
chr13	57173778	57213777	-2.3172858348436	0.40128918081528	0	-2	0.550856972179292
chr14	18228380	18283379	1.15285148808338	4.44705882352944	4	2	0.936120662337384
chr14	18651613	19489470	-1.16434952643239	0.892330757399977	1	-1	0.866139859338539
chr14	19489471	19639708	1.31035437681766	4.96004901321949	5	2	0.955961576116387
chr14	35654227	35823998	0.471734304499953	2.77355109717246	3	1	0.761046442450463
chr14	106389398	106675418	-0.591724127760827	1.32709888427056	1	-1	0.559119377141496
chr14	106675619	106762254	1.04084049993656	4.11485188066708	4	2	0.789615563354395
chr15	19780202	22564583	-1.30698772747391	0.808327744951159	1	-1	0.81596059891994
chr15	46611336	46696335	-0.79646660591487	1.15151515151515	1	-1	0.851912646617167
chr15	92832588	92915320	6.67567623999313	204.460201866184	204	2	0.999996725198211
chr15	97260374	97330373	0.92705325003722	3.8027767632496	4	1	0.633375454787324
chr16	74354202	74431481	0.732947262541247	3.32406193366521	3	1	0.937250953444619
chr17	1249983	2313998	0.678923316524557	3.20188904830227	3	1	0.944350989681072
chr17	7670087	7674149	2.18513464994204	9.09538463878484	9	2	0.986000085364692
chr17	12024637	12141397	7.21225979213412	296.576359323903	297	2	0.999999073852617
chr17	19024616	19237559	0.853247571437205	3.61312601227731	4	1	0.836202610518194
chr17	21878115	21978114	-6.85723363392105	0.0172503131985268	0	-2	0.67058166937149
chr17	31095295	31373680	6.23894023346317	151.056058017114	151	2	0.999991216401707
chr17	36320448	36453312	-0.997084950662714	1.00202260093268	1	-1	0.883357051467189
chr17	41249734	41276322	-0.992807208370694	1.00499811233758	1	-1	0.883347202759439
chr17	64967040	64973572	3.26575464361108	19.2362362342288	19	2	0.997299538866519
chr17	66665784	68120966	0.470729849555033	2.77162072558493	3	1	0.758432139064293
chr18	28972251	29027250	-0.972623561068693	1.01915708812261	1	-1	0.883003864922773
chr18	32853635	33033558	-0.662176216744646	1.26384871731031	1	-1	0.727838623077051
chr18	51047024	51093732	4.59217164232816	48.2404560953459	48	2	0.999740369474489
chr18	67231984	67336983	-0.606495662270796	1.31358024691358	1	-1	0.601874492815129
chr19	1208034	1226795	4.95108282840337	61.8663419975939	62	2	0.999870170543996
chr19	4885131	4921971	5.69261863014074	103.437724301735	103	2	0.99997135878384
chr19	14791979	20132295	0.52551844557949	2.87890153359493	3	1	0.86510584613452
chr19	20948611	21755972	0.664786742922975	3.17066782830486	3	1	0.943878283298382
chr19	27243209	27573208	1.0887690927761	4.25384979697665	4	2	0.887899641638271
chr19	28213209	31022477	0.635175135966289	3.10625256065053	3	1	0.939681841197055
chr19	34854860	37891894	0.688553400326293	3.22333335868158	3	1	0.944133068710874
chr19	54697686	54744906	1.48513400722699	5.59886349835902	6	2	0.964511532961713
chr19	54747401	54786503	-2.17567202377513	0.442677507294803	0	-2	0.529315976296629
chr19	54786508	54909550	0.908980613074121	3.75543652339297	4	1	0.698125648278721
chr20	9749600	14563791	0.935690708705398	3.82561239287264	4	1	0.599042545080002
chr22	11349687	11972641	-0.639396369636141	1.28396300132658	1	-1	0.683316195272838
chr22	15156952	15354860	0.576704737969681	2.98287751506565	3	1	0.915186459852927
chr22	15354861	16045285	-0.594521329145995	1.3245283018868	1	-1	0.567473748930527
chr22	18202302	18887005	0.708176181724623	3.26747496368043	3	1	0.942323909770162
chr22	21118697	21608278	0.406506083436975	2.65094379639449	3	1	0.536793541470908
chr22	23786710	23831850	5.12026576979441	69.5638449047962	70	2	0.999907164656493
chr22	41160869	41173780	0.702684599664952	3.25506104477754	3	1	0.94301807800337
chrX	10202	270201	-1.08914468923118	0.940079916289609	1	-1	0.878303017239883
chrX	2789563	3817935	0.592654711943531	3.01603822214127	3	1	0.924511346971304
chrX	3818431	4207002	1.07544255561768	4.21473684210525	4	2	0.867777099258418
chrX	4387003	11940388	0.657096954071375	3.15381263616559	3	1	0.943217931739578
chrX	11940389	12519061	0.731946832810304	3.32175767840975	3	1	0.937521283037114
chrX	12569062	16321780	0.630543535030056	3.0962962962963	3	1	0.938599782187005
chrX	16321781	16366780	-0.684498174272062	1.24444444444445	1	-1	0.762736088641374
chrX	16366781	23147204	0.615896759065657	3.0650205761317	3	1	0.934325895849736
chrX	23147205	28331661	0.650735544569775	3.13993685099118	3	1	0.942450024215535
chrX	28401662	28844698	0.952471629917419	3.87037037037038	4	1	0.527119492042872
chrX	28844699	28884698	-2.0754080892473	0.474536811201393	0	-2	0.510102148956888
chrX	28884699	31998803	0.683334259653224	3.21169358960428	3	1	0.944305293366675
chrX	32075816	33614655	0.788495894806295	3.45454545454547	3	1	0.911198734717408
chrX	33614656	33734655	0.515467129172253	2.85891381524835	3	1	0.850467057223722
chrX	33734656	34964958	0.66296501272244	3.16666666666669	3	1	0.943747916581787
chrX	34964959	35599958	0.756074417113915	3.37777777777779	3	1	0.929255965353048
chrX	35599959	36306909	0.738568575906126	3.33703906592109	3	1	0.935621580518301
chrX	36310808	36880249	0.514739025041279	2.8574713331456	3	1	0.849331136605027
chrX	36880250	37084012	0.808541837008051	3.50288065843623	4	1	0.894714893375719
chrX	37084013	37411501	0.441219975338295	2.71550397543965	3	1	0.669345174225582
chrX	37412774	37551163	1.08966414766531	4.25648972452105	4	2	0.889083389198513
chrX	37592742	44724185	0.613470021671115	3.05986928104576	3	1	0.933484638237113
chrX	44724186	45111334	7.12881825078506	279.909812148909	280	2	0.999998868714579
chrX	45111353	49336327	0.616081011864448	3.06541204811132	3	1	0.934388154406466
chrX	49594078	56135086	0.610020204718719	3.05256116826416	3	1	0.932219327382834
chrX	56135087	56160086	-1.93726424465203	0.522222222222225	1	2	0.47715605089653
chrX	56160087	56479764	0.788495894806293	3.45454545454547	3	1	0.911198734717409
chrX	56529765	56596032	0.626778979333503	3.08822738014759	3	1	0.937627809610545
chrX	56596033	57361615	0.929008922552498	3.80793518463358	4	1	0.625783076973837
chrX	57361616	58100623	0.693589115310432	3.23460403549238	3	1	0.943845061321417
chrX	58100624	58125623	-1.64956438416268	0.637472766884533	1	-1	0.418071586212646
chrX	58125624	58550623	1.07800251200128	4.22222222222224	4	2	0.872023906373578
chrX	62555624	62580623	-2	0.5	0	-2	0.490532711930066
chrX	62580624	62615623	1.96962635095649	7.83333333333338	8	2	0.981133190149088
chrX	62615624	62665623	-0.785471015203107	1.1603250263037	1	-1	0.847186782752856
chrX	62665624	63250623	0.897901812381276	3.72670807453419	4	1	0.732803304532433
chrX	63309716	64056388	0.493040011280121	2.81481481481482	3	1	0.81029961447566
chrX	64056389	64081388	-0.900464326449082	1.07142857142857	1	-1	0.877432913552946
chrX	64081389	64550613	0.71543243261657	3.28395061728396	3	1	0.94117494558261
chrX	64605614	66332039	0.600874505682087	3.03327122704287	3	1	0.928450445800504
chrX	66332040	66357039	-5.79459309072732	0.0360316095483765	0	-2	0.721471465143645
chrX	66357040	66631221	0.839006648387705	3.57763609395289	4	1	0.858794752794054
chrX	66966222	67166221	1.0887690927761	4.25384979697665	4	2	0.887899641638271
chrX	67166222	67191221	-1.37706964907982	0.770000000000002	1	-1	0.772349261297786
chrX	67191222	67296221	1.14522456081399	4.42361111111112	4	2	0.93315044626263
chrX	67296222	67331221	-4.01848910265415	0.12340826270319	0	-2	0.703553054860548
chrX	67331222	67869199	0.756074417113915	3.37777777777779	3	1	0.929255965353048
chrX	67869200	67904199	-1.09192248944103	0.938271604938278	1	-1	0.877990214064494
chrX	67904200	75590103	0.631495946964435	3.09834102721122	3	1	0.938832414013117
chrX	75590104	75620103	-2.07858158505601	0.473494119957518	0	-2	0.51080393930567
chrX	75620104	76974652	0.656538743562997	3.15259259259259	3	1	0.943158675186215
chrX	76974653	77310719	0.393920464072314	2.62791837289184	3	1	0.483748438801542
chrX	77310720	77717272	6.91023223532806	240.556543854026	241	2	0.999998101504938
chrX	77762473	79036803	0.652907072896806	3.14466660727037	3	1	0.942735114799702
chrX	79036804	79076803	-1.20311870010926	0.868670710897705	1	-1	0.856513068523571
chrX	79076804	81437513	0.662965012722435	3.16666666666668	3	1	0.943747916581787
chrX	81437514	81652513	1.07800251200128	4.22222222222224	4	2	0.872023906373578
chrX	81652514	81847513	0.514573172829766	2.85714285714287	3	1	0.849070911856061
chrX	81847514	82857946	0.978466838450363	3.94074074074075	4	2	0.552781077615027
chrX	82857947	83092946	0.475373162506322	2.78055555555556	3	1	0.770291043485848
chrX	83092947	83614619	0.814968106167488	3.51851851851854	4	1	0.888346629364515
chrX	83684620	84203129	0.757811960794187	3.38184833457598	3	1	0.928508708250804
chrX	84261124	84570665	0.821184485213426	3.53371205189695	4	1	0.881615314424338
chrX	84570666	85179161	0.603554499458024	3.03891115989855	3	1	0.929619308302113
chrX	85179162	86437233	0.71701028444426	3.28754418479362	3	1	0.940889344643844
chrX	86437234	86487233	-0.914444041803621	1.0610965676723	1	-1	0.879093902753202
chrX	86487234	87277444	0.699939171980687	3.24887260106863	3	1	0.943309712654816
chrX	87427445	88024409	0.700270164188167	3.24961806344977	3	1	0.943276491820024
chrX	88024410	88054409	-0.864676205028161	1.09833929473056	1	-1	0.871630384323529
chrX	88054410	88779517	0.785821760507968	3.44814814814816	3	1	0.91305403896132
chrX	88854518	89914517	0.515941543869024	2.85985409279893	3	1	0.851201534678868
chrX	89933072	90678101	0.847996906554955	3.60000000000001	4	1	0.845029059586884
chrX	90968102	92884179	0.678071905112641	3.20000000000001	3	1	0.94434927849134
chrX	92979180	94280471	0.756074417113917	3.37777777777779	3	1	0.929255965353047
chrX	94305472	95193375	0.978466838450363	3.94074074074075	4	2	0.552781077615027
chrX	95193376	95323375	0.523814431478882	2.87550317657946	3	1	0.862756903113281
chrX	95323376	95898375	0.584962500721161	3.00000000000001	3	1	0.920307742038974
chrX	95898376	95983375	1.24150124428416	4.72888888888891	5	2	0.951480247685028
chrX	96308376	97774601	0.756074417113916	3.37777777777779	3	1	0.929255965353048
chrX	97774602	98518939	0.987003595129833	3.96412813146939	4	2	0.590001246997168
chrX	98638940	102024537	0.616810975427285	3.0669634537957	3	1	0.934632590676261
chrX	102024538	102059537	-2.16992500144231	0.444444444444445	0	-2	0.528341542079935
chrX	102059538	102785908	0.585876279883651	3.00190075223937	3	1	0.920834744820277
chrX	102875909	104525071	0.656956885039174	3.15350645223387	3	1	0.94320320831797
chrX	104525072	104555071	-4.07858158505601	0.118373529989379	0	-2	0.706254485380345
chrX	104555072	104869280	0.636217751314329	3.10849821689779	3	1	0.939908534252988
chrX	105129281	108811615	0.621376726269277	3.07668496240372	3	1	0.93608252109769
chrX	108811616	109064736	1.31439277118961	4.97395264116577	5	2	0.956185186599703
chrX	109129737	113298332	0.629356620079615	3.09375000000001	3	1	0.938302422605455
chrX	113298333	116258629	0.726107755560862	3.30834056603453	3	1	0.938984512160313
chrX	116258630	116418629	0.574789377421558	2.97891999468013	3	1	0.913902339261407
chrX	116418630	117970813	0.730784306337183	3.31908207775135	3	1	0.937828111872381
chrX	118248758	120311362	0.601273367215	3.03410995070702	3	1	0.928627893974916
chrX	120346563	121511348	0.756074417113915	3.37777777777779	3	1	0.929255965353048
chrX	121511349	121541348	-1.00382678627171	0.997350988724133	1	-1	0.883328443414585
chrX	121541349	122762586	0.814968106167488	3.51851851851854	4	1	0.888346629364515
chrX	123017587	124352001	0.651623238883151	3.14186945746857	3	1	0.942569467511428
chrX	124353130	124364504	-1.65260696427877	0.636129781622986	1	-1	0.412747224006725
chrX	124365706	125039019	0.550187177647935	2.92855132235114	3	1	0.893720299022847
chrX	125089020	126171102	0.393504337729209	2.62716049382717	3	1	0.481971942967741
chrX	126291103	126351102	1.71676949976573	6.57399108403065	7	2	0.973582457368732
chrX	126491103	127781799	0.684498174272071	3.21428571428572	3	1	0.944277988281201
chrX	127781800	127991799	0.772753715587133	3.41705558360618	3	1	0.921113935249288
chrX	127991800	131469473	0.639292550406895	3.11513038786958	3	1	0.94054171466882
chrX	131469474	131906925	0.66296501272244	3.16666666666669	3	1	0.943747916581787
chrX	131906926	132327492	0.537611143003286	2.90313395775179	3	1	0.880331322934145
chrX	132327493	137231915	0.645891499363495	3.1294117647059	3	1	0.94172664508563
chrX	137231916	137271915	-0.891297215666647	1.07825827229442	1	-1	0.876170087232874
chrX	137271916	137837498	0.791269081059616	3.46119225872415	3	1	0.909195187401357
chrX	138392499	138683087	1.04439411935846	4.12500000000002	4	2	0.799553705163585
chrX	138794611	138877918	0.66296501272244	3.16666666666669	3	1	0.943747916581787
chrX	138877919	138947918	-0.578262186441279	1.33954014059586	1	-1	0.517475023916639
chrX	138947919	142459216	0.665020298341847	3.17118116381672	3	1	0.943893836872473
chrX	142459217	142489216	-1.13272937221786	0.912104246442591	1	-1	0.872223657009587
chrX	142489217	148145224	0.637429920615297	3.11111111111112	3	1	0.94016442395133
chrX	148435225	154031300	0.567315530287291	2.96352767513165	3	1	0.908520921871622
chrX	154031302	154323420	1.22912931961519	4.68850938224755	5	2	0.950397970403919
chrX	154325269	155700512	0.581570754149906	2.99295534544508	3	1	0.91828371180051
