Chromosome	Start	End	Segment	CNF	CN	Call	ProbCall
chr2	88862124	92135200	1.74908075182858	6.72288630679363	7	2	0.999284262170224
chr5	17491324	17635053	3.40046445811781	21.1189244588738	21	2	0.999993720003516
chr7	142300923	142544685	3.31737579293191	19.9369911565034	20	2	0.999991878914691
chr7	142554835	142789040	-4.55410544058027	0.0851349047815407	0	-2	0.97377159793346
chr7	142791693	143380495	0.728219150742411	3.31318589237418	3	1	0.661205594422889
chr10	133667150	133778699	-3.8199723040594	0.141613204235987	0	-2	0.949739947231561
chr14	20745891	22503814	1.01088831614274	4.03030303030304	4	2	0.990559135383334
chr14	103550344	106879812	1.40131901058989	5.2828593876055	5	2	0.998246102357767
chr17	40993429	41425049	4.08375720759623	33.9127813769637	34	2	0.99999929695953
chr19	53632055	53761222	-4.37196877738696	0.0965909090909089	0	-2	0.969565297223578
chr21	30118037	30881555	1.90729338974338	7.50209425948237	8	2	0.999529500932023
chr22	17592135	22923034	0.653440340443331	3.14582919434847	3	1	0.780982999022568
chrX	135421942	136816574	-0.940528710957815	1.04208379370738	1	-1	0.783464564441069
