Chromosome	Start	End	Segment	CNF	CN	Call	ProbCall
chr2	88897231	92135200	-1.32414724217472	0.798770389384931	1	-1	0.913523569120101
chr2	113669165	204507672	0.584962500721158	3	3	1	0.927370593415569
chr3	165837673	198228376	1.02390039848259	4.06681791642239	4	2	0.999226918401161
chr4	9000840	9460244	-2.30853487271729	0.403730679715377	0	-2	0.999974947654399
chr4	9468973	49639729	0.462623706896931	2.75609135052386	3	1	0.633854406091996
chr6	95123	31511124	0.799454339961174	3.4808854542229	3	1	0.980648695144523
chr7	142299176	146100566	-1.04571587172664	0.968808970305171	1	-1	0.96916706307601
chr8	35174834	43974791	0.959121234719756	3.88825068152702	4	2	0.992746691301503
chr8	45974792	145066685	0.505676670180117	2.83957825325412	3	1	0.793772719172567
chr11	65455257	111347824	0.607700974814152	3.04765791183533	3	1	0.944026478771991
chr13	91024155	114346637	0.48970180818919	2.80830923976512	3	1	0.743348117808937
chr14	18257823	28770277	-0.998584354659627	1.0009817321602	1	-1	0.971168499983432
chr14	99964528	106879812	-0.714152050222451	1.21912659967239	1	-1	0.900512844508731
