Chromosome	Start	End	Segment	CNF	CN	Call	ProbCall
chr1	1712347	1714020	1.51208658503918	5.70444521817021	6	2	0.974481608725923
chr1	16871013	16953540	0.951310867049495	3.86725760208008	4	1	0.606972323784271
chr1	65218842	65228136	1.24844997786366	4.75172049902969	5	2	0.960060888539851
chr1	109681709	109700399	-3.18086724849804	0.22054313393529	0	-2	0.608786899569504
chr1	114859613	114926615	-0.851345311083741	1.1085352823707	1	-1	0.882236549727617
chr1	120578413	120836901	0.453934126982255	2.73954087047062	3	1	0.837571656280879
chr1	143189147	144325335	0.477341716910389	2.78435220754198	3	1	0.8834962512115
chr1	145305158	145330367	0.599622168102731	3.03063932550764	3	1	0.954449314065553
chr1	145352708	145366249	1.22319401532678	4.66926029267222	5	2	0.955827548262105
chr1	146088484	146298705	0.530245211380148	2.88834927505383	3	1	0.935941793715188
chr1	148595958	148679715	0.379384539672349	2.6015736308637	3	1	0.542843524652996
chr1	150708899	150717445	-1.50305600015477	0.705610531947823	1	-1	0.542521020449327
chr1	158724131	158829277	0.409984271552555	2.65734265734265	3	1	0.691426123108046
chr1	182858118	182881271	0.805630846865478	3.49581986570211	3	1	0.896214355446224
chr1	197142319	197200487	-0.575529309609332	1.34208001742458	1	-1	0.658468352594178
chr2	17700205	17725414	-0.634410851579969	1.28840766470892	1	-1	0.756058229999787
chr2	37202720	37215023	-1.34304400665678	0.788376125781531	1	-1	0.773681801523787
chr2	63920433	63947500	-1.20026287407466	0.87039195435968	1	-1	0.863081407316244
chr2	86865614	86878974	-5.1121500941722	0.057825510426411	0	-2	0.628367778979668
chr2	88782870	88804828	-1.01122586090248	0.992249021131024	1	-1	0.897325975013148
chr2	95838741	95978191	-1.33773164729266	0.791284472678354	1	-1	0.778614288585114
chr2	97144535	97191307	-0.946266254419034	1.03794769598575	1	-1	0.89593721241703
chr2	97504815	97560805	-1.27730974464378	0.825128235595054	1	-1	0.824904759065209
chr2	112421975	112433439	-0.847875238216989	1.1112048195796	1	-1	0.881431340129368
chr2	169540012	169569333	-0.796737041251206	1.15129931851294	1	-1	0.866503674383915
chr2	169571578	169614802	0.83019432265744	3.55584964474245	4	1	0.872694536311026
chr2	174358510	174387854	-5.01304508660363	0.0619374120273005	0	-2	0.632659244650045
chr3	5178161	5184814	8.21636269914085	594.84199753963	595	2	0.99999999452026
chr3	93714064	93898646	0.582429630389928	2.99473766497955	3	1	0.952594750007328
chr3	98133074	98501578	0.746293637978554	3.35495551692347	3	1	0.931692157919511
chr3	149182047	149188141	1.40203876253509	5.28549563217199	5	2	0.970187412965197
chr3	155925197	156057434	0.991954944001342	3.97775644567521	4	2	0.520832731908053
chr3	160282341	160375948	-0.716331896134837	1.21728594632281	1	-1	0.828003905330156
chr3	160527853	160536920	-1.56400812163318	0.676420307614996	1	-1	0.416687761531833
chr3	162784160	162904159	-7.01228736563884	0.0154924877132016	0	2	0.575046897064232
chr3	195740037	195791497	-0.499184676428874	1.41501301582323	1	-1	0.410577981708076
chr4	9160776	9224983	0.692638264454239	3.23247287636941	3	1	0.947806780497029
chr4	9225078	9269189	-0.692876988173251	1.23723796765742	1	-1	0.811897034094341
chr4	9269427	9383760	0.692638264454239	3.23247287636941	3	1	0.947806780497029
chr4	9383942	9469954	-0.960639694022396	1.02765805986946	1	-1	0.89676655063307
chr4	83458389	83467618	-1.39563454295834	0.760154962861929	1	-1	0.716003160101742
chr4	102799469	102809943	0.675418964930643	3.19412099741742	3	1	0.9508862605709
chr4	103161083	103177095	-1.44466555083708	0.734754629548144	1	-1	0.646225676643602
chr5	17491204	17675659	0.577094257387815	2.98368298368298	3	1	0.951741543914804
chr5	69572424	69623467	0.456734112448514	2.74486293982848	3	1	0.844084330955507
chr5	72893151	72905528	0.884699701938607	3.69276051202733	4	1	0.790282013117274
chr5	80331635	80360170	2.69023843855128	12.9084013816111	13	2	0.996057532761214
chr5	103005017	103011255	0.472519892787044	2.77506178552273	3	1	0.875518350892283
chr5	112821838	112836688	5.50430060985375	90.7798758317583	91	2	0.999989332671285
chr5	171391180	171410525	1.15678711521328	4.45920682361824	4	2	0.928470055949976
chr5	178767282	178802648	0.749577107051183	3.36259984754665	3	1	0.930309422446187
chr6	29676626	29726238	-0.602464424655917	1.31725583953337	1	-1	0.71051214151864
chr6	29726402	29888195	0.39420558926997	2.62843778951919	3	1	0.618560055669155
chr6	29888441	29930778	-3.41357886354261	0.187689667599492	0	-2	0.622833154783131
chr6	29942477	29975406	1.07048249314193	4.20027123312672	4	2	0.793707486653191
chr6	30260436	30263514	-3.34512202879125	0.196810346449104	0	-2	0.619052645819611
chr6	31166958	31312275	3.2682089114075	19.2689881695925	19	2	0.998621939366618
chr6	31312276	31356634	-0.951727377337874	1.03402611525118	1	-1	0.896287934411106
chr6	31869475	31880461	0.434807968813983	2.70346179545807	3	1	0.784510266245704
chr6	32292958	32370597	-0.95929059226027	1.02861949918878	1	-1	0.896701521030345
chr6	32443676	32757401	8.172696283247	577.107505319961	577	2	0.99999999371882
chr6	33007024	33086681	-0.63244232814952	1.29016686656745	1	-1	0.753642299212546
chr6	33092941	33133587	2.25963433361996	9.57740183507788	10	2	0.991847211307491
chr6	110888893	110893664	1.44683288267164	5.45217882902851	5	2	0.972015935713061
chr6	123252316	123278415	-0.603657124291491	1.31616729256327	1	-1	0.712489311313563
chr6	137871517	137881396	2.1733168041442	9.02118405861757	9	2	0.99062501106361
chr6	160599580	160650370	0.934776505672511	3.82318895723307	4	1	0.66206471019723
chr7	13744	431914	0.484104948051948	2.79743565598332	3	1	0.89355890493298
chr7	6048684	6054756	-1.20123284928616	0.869806955557343	1	-1	0.862714980770255
chr7	35090271	35162006	-0.899691391767339	1.07200275111331	1	-1	0.891100615795639
chr7	50319018	50400774	7.07943810018646	270.491247131203	270	2	0.999999836010921
chr7	56976176	57038104	1.2086139298729	4.62230971481052	5	2	0.952357795780804
chr7	73235300	73259408	-0.71232665245364	1.22067009941783	1	-1	0.825445776140437
chr7	92813890	92834147	7.61175848114613	391.198893965314	391	2	0.99999996523285
chr7	94544357	94554640	-0.869792516299641	1.09445109033287	1	-1	0.886121864045782
chr7	102480350	102688328	1.15786618572991	4.46254335589074	4	2	0.929238991769008
chr7	103184008	103324566	-0.564647930333977	1.35224078832932	1	-1	0.632763623055338
chr8	7254144	7361233	1.02553818098405	4.07143728855508	4	2	0.649446141847833
chr8	7977617	8033427	0.860378987311034	3.63103034582954	4	1	0.833170573056196
chr8	39117968	39147227	-2.02311624324865	0.492052362949961	0	2	0.512275462109783
chr8	39284724	39668206	3.1708447259563	18.0114787386525	18	2	0.998345084485715
chr8	60780950	60816090	7.19203638386893	292.448014456713	292	2	0.999999881180778
chr8	73013647	73026933	0.379852006413932	2.60241673780268	3	1	0.545306540344187
chr8	73027018	73039307	-0.723481380657871	1.21126843190892	1	-1	0.832390393087182
chr8	86457955	86466884	0.654830232321601	3.14886134540354	3	1	0.953469188134702
chr8	94739418	94761697	1.18525850896782	4.54808276706442	5	2	0.944384332658835
chr9	21968066	21974385	2.16916987252035	8.99529049327293	9	2	0.990562365205089
chr9	34838268	34895641	0.374289390639108	2.59240188940278	3	1	0.515793064113646
chr9	36840509	37034074	6.85709745053168	231.857960563427	232	2	0.999999693039537
chr9	83748233	83788742	-1.67062167194698	0.628235915688754	1	2	0.451669418725677
chr9	105521091	105526500	1.1915587778308	4.56798773736257	5	2	0.94689356908741
chr10	27006892	27028954	-1.04916022266991	0.966498753790295	1	-1	0.895340762024271
chr10	37149615	37197457	-1.03234944036274	0.977826601858167	1	-1	0.896479162263422
chr10	47726755	48018409	0.588816455887477	3.00802478824221	3	1	0.953434311992688
chr10	87864277	87964934	7.22555605314664	299.322320207197	299	2	0.999999892113918
chr10	93676563	93700162	-1.0411178074592	0.971901621287573	1	-1	0.895937480635
chr10	94648310	95067776	0.385447448801203	2.61252971907972	3	1	0.574465498892841
chr10	122581264	122595681	-2.81624781531658	0.283958535743052	0	-2	0.579806783782582
chr10	133679261	133778707	0.692638264454239	3.23247287636941	3	1	0.947806780497029
chr11	32614544	32699330	-0.760645402404577	1.1804644520607	1	-1	0.851913632356008
chr11	100859586	100933191	0.984359233222194	3.95686880911701	4	2	0.491560491532797
chr11	105001956	105139851	0.405007884072882	2.64819229265311	3	1	0.669490356917495
chr11	110247763	110272534	0.692638264454239	3.23247287636941	3	1	0.947806780497029
chr11	123940549	123995018	0.595878883302393	3.02278607795771	3	1	0.9541519430478
chr12	38032	10450031	0.444322806884156	2.72135054617676	3	1	0.812841582418733
chr12	10450488	21172862	0.41943671007042	2.6748105450745	3	1	0.730153606581705
chr12	31114469	31615139	0.598717304913902	3.0287390942931	3	1	0.954382478264679
chr12	37249925	40448282	0.403005505905095	2.64451930281622	3	1	0.660379438048704
chr12	40524986	43795813	0.393011192948847	2.62626262626263	3	1	0.612678502605482
chr12	43796896	43805640	1.45877186942203	5.4974854068133	5	2	0.972482857522328
chr12	43805769	50454447	0.39018012059933	2.62111403360064	3	1	0.598562291359007
chr12	50460985	63617509	0.43453083720739	2.70294252926898	3	1	0.783625199301145
chr12	63619849	63644414	-0.9065959949386	1.0668845039726	1	-1	0.892033810943347
chr12	63647306	64561652	0.476276818529655	2.78229774832262	3	1	0.881794104639886
chr12	64566693	64622708	7.05820941908287	266.540216709717	267	2	0.999999825802413
chr12	69365630	76369379	0.402114319420635	2.64288622581048	3	1	0.656273903032741
chr12	76781468	80314422	0.423384841992363	2.68214055448098	3	1	0.745143193820734
chr12	80318520	88054465	0.384449179445421	2.61072261072261	3	1	0.569311541209855
chr12	88141189	101477057	0.390605904481133	2.62188771950073	3	1	0.600700482806984
chr12	101477433	105367652	0.411974103801311	2.66101031692451	3	1	0.699904909950182
chr12	105370574	111386550	0.376808691605328	2.59693281667652	3	1	0.52921093367965
chr12	111403225	111439011	7.29890214019459	314.933221218262	315	2	0.999999912741018
chr12	111446726	122543662	0.405471189481181	2.64904286661631	3	1	0.671575624435597
chr12	122765198	133254802	0.467040386905959	2.76454180275067	3	1	0.865571676966844
chr13	18171403	18212094	-1.18691411713264	0.87848276229276	1	-1	0.867872172274386
chr13	18218918	18721939	0.654738183069968	3.14866044287351	3	1	0.953478140707541
chr13	19032754	19131386	0.707562013549847	3.26608426641843	3	1	0.944398699021649
chr13	27075271	27116660	2.05229641495355	8.29531298136313	8	2	0.988635734336301
chr13	40976205	41017372	7.19792276466537	293.643677433379	294	2	0.999999883175551
chr13	48304140	48479697	6.98794896049686	253.870501508037	254	2	0.999999787432196
chr13	52208390	52279999	2.28226519126414	9.72882241994946	10	2	0.992143006205818
chr13	52532562	52659275	0.551399825946088	2.93101393267927	3	1	0.945263038447868
chr13	57141246	57167645	0.651874633070301	3.14241698589054	3	1	0.953745177415525
chr13	75302095	75310247	1.44379114262897	5.44069570908648	5	2	0.971895736950267
chr14	19474471	19975666	0.893121750835491	3.71438085723799	4	1	0.772696751103909
chr14	35654227	35775007	0.641199459475455	3.11925059191806	3	1	0.954543899892362
chr14	39215188	39302193	0.385813088321199	2.61319192775522	3	1	0.576347447240958
chr14	55644322	55659839	-0.848055364137988	1.1110660901245	1	-1	0.881473735020611
chr14	61037511	61052459	-0.808763967103916	1.14174148707571	1	-1	0.870567562039485
chr14	87949842	87953925	-0.980525210599152	1.01359041680234	1	-1	0.897421267899249
chr14	92003400	92093919	-0.64285870862471	1.28088529960926	1	-1	0.765943273010905
chr14	105907101	105914331	-4.70387382842609	0.0767401913007812	0	-2	0.642295764650104
chr15	19790202	20534616	-0.857482594125834	1.10382954474939	1	-1	0.883602013071668
chr15	20628413	22031622	-0.929099880572902	1.0503718222171	1	-1	0.894545386053521
chr15	82812954	82819574	-6.66530639964939	0.0197048366543057	0	2	0.52099114588089
chr15	84170252	84356711	0.46786731757542	2.76612684992859	3	1	0.867135405968063
chr15	92832588	92915320	6.48281023847291	178.875282906415	179	2	0.999999142365448
chr16	18339805	18411910	0.567185005025037	2.96325956737613	3	1	0.949746940013645
chr16	18890774	18930288	-0.62361256547673	1.29808732037844	1	-1	0.742235176820888
chr16	20488316	20535464	3.22380663716938	18.6849738194725	19	2	0.998501498147882
chr16	21833389	21885321	-0.490348208680856	1.42370652850895	1	-1	0.373867406486307
chr16	29560068	29595003	-0.814034873511939	1.13757772946925	1	-1	0.872235100978995
chr16	30280371	30309005	-0.80791127729915	1.14241650089253	1	-1	0.870291429743113
chr16	31874990	31916523	0.717246148213605	3.28808170376349	3	1	0.941782049701909
chr16	46388210	46531136	-0.928971450807466	1.05046533124535	1	-1	0.894533293614091
chr17	7670087	7674149	2.39560694078028	10.5239685765783	11	2	0.993484066749345
chr17	12024637	12141397	7.41427177742948	341.152216025122	341	2	0.999999937673386
chr17	31094279	31222076	6.83387884596973	228.156326130222	228	2	0.999999672504364
chr17	31222081	31374064	5.58479752341174	95.9890226861991	96	2	0.999991251817413
chr17	46299519	46555632	-0.59579391872678	1.323360461374	1	-1	0.698985761156061
chr18	51047824	51098732	4.98495475281601	63.3360395738734	63	2	0.999963111582305
chr19	1208034	1226795	5.06227130769915	66.8229286372728	67	2	0.999969201677206
chr19	4885131	4921971	5.6937888634633	103.521661221601	104	2	0.999993329348947
chr19	8876238	8917087	0.41787511436343	2.67191685461949	3	1	0.724029676039635
chr19	20946261	21371976	0.42122898252957	2.67813555013654	3	1	0.737046091091877
chr19	21375105	21407672	-0.566797476011811	1.35022751531517	1	-1	0.638082035727924
chr19	40826626	40875812	-4.48285043379728	0.0894453049400266	0	-2	0.645774380545449
chr19	42721965	43064665	-0.978691161968474	1.01487977885677	1	-1	0.897384567285835
chr19	51629789	51646833	-3.32203037653843	0.199985821255004	0	-2	0.617711775041704
chr19	54632483	54739706	0.468738423435907	2.76779755430371	3	1	0.868758183308886
chr19	54747401	54773542	-1.39486268978279	0.760561760546405	1	-1	0.716973491038742
chr19	54775208	54790356	0.692638264454239	3.23247287636941	3	1	0.947806780497029
chr19	54797916	54855942	-2.05860626508901	0.480095638539695	0	2	0.507795365378448
chr19	54865686	54885596	3.65029553736351	25.1118347875494	25	2	0.999343612453607
chr19	54885621	54912902	-0.516557384396003	1.39807583259187	1	-1	0.479924269667321
chr20	6200249	6214618	2.49771706003833	11.2958196925533	11	2	0.994511190844987
chr21	8536388	9289257	-0.537583374296024	1.37784788788845	1	-1	0.554778731571846
chr21	13406463	13427926	-1.09629186137331	0.935434237640273	1	-1	0.889831905064202
chr22	10510202	11146407	-0.743419390775794	1.19464387195784	1	-1	0.843502355122349
chr22	11226608	11319686	1.10471589640595	4.30113047570379	4	2	0.867884694845353
chr22	11319687	11479528	-1.72157329971883	0.606435746142335	1	2	0.487286725956576
chr22	18386353	18651133	0.707282598196705	3.26545176565093	3	1	0.944469280192288
chr22	23786710	23831850	5.44932510211013	87.3856875324869	87	2	0.999987796636299
chr22	41160639	41173780	0.788937282100517	3.45560252184235	3	1	0.908786947196924
chrX	2781951	13040858	0.95022896954754	3.86435857782269	4	1	0.610758802286045
chrX	13042830	58550623	0.961662851850331	3.89510670750488	4	1	0.569573754839385
chrX	62470624	83870008	1.05192552937565	4.14659035527852	4	2	0.74001441416393
chrX	83871393	111752864	0.916558147976516	3.77521327067836	4	1	0.715457566387053
chrX	111757544	123645399	0.922869094229544	3.79176379176378	4	1	0.697853473160371
chrX	123665601	147922121	0.959820819270153	3.890136610055	4	1	0.576376121034284
chrX	147925373	155685512	0.939183766782804	3.83488620080125	4	1	0.647977010571027
chrX	155685513	156027976	0.401585847601944	2.64191829075008	3	1	0.65382487803426
