Chromosome	Start	End	Segment	CNF	CN	Call	ProbCall
chr2	88931665	92115200	2.38827016146955	10.4705851272276	10	2	0.999993275006711
chr5	17491324	17635053	2.95104433140323	15.4661727931901	15	2	0.999999879252769
chr6	24365650	28015777	0.786006533318091	3.44858979714985	3	1	0.623652677753194
chr14	18257823	20770948	-0.446818337040738	1.46731809600906	1	2	0.466426906612153
chr14	20781050	22503814	1.97681687438987	7.87247283624985	8	2	0.999910758859306
chr14	103187220	106879812	1.47840285940666	5.57280185941983	6	2	0.998428879626784
chr17	40993429	41397592	4.30650950728721	39.5747822519679	40	2	0.999999999999239
chr19	51394487	53761222	-1.9157085121861	0.530083481043617	1	-1	0.590422806393577
chr21	30098037	32625096	0.933695462672481	3.82032523105115	4	2	0.605361307158202
chr22	15186843	17081456	-0.662169139921397	1.26385491685746	1	-1	0.540288269707702
chr22	17084953	22988581	0.784586546878641	3.4451971594381	3	1	0.625262157627589
