Chromosome	Start	End	Segment	CNF	CN	Call	ProbCall
chr2	6828513	7345262	0.557691847816452	2.94382487144357	3	1	0.898049034636229
chr2	88931665	90255570	0.97401812950777	3.92860774926735	4	2	0.735406288910548
chr3	90170696	90721908	-1.00014977368722	0.999896190179594	1	-1	0.868031714493745
chr4	10068088	10789786	-0.951940734500577	1.03387320659109	1	-1	0.868537850901822
chr4	54836160	55313924	-0.536602046577696	1.37878542510121	1	-1	0.542497847447705
chr4	68834212	69899606	-0.609655472558185	1.31070637394951	1	-1	0.727354585584142
chr4	73853188	74038807	1.08610706855896	4.24600793848507	4	2	0.967313650287177
chr5	16942152	17654643	1.40036925912984	5.27938273307045	5	2	0.998613643691061
chr5	180881486	181472430	0.600649404335109	3.0327979876161	3	1	0.92148701613336
chr6	26017084	26432383	2.14089960310111	8.82073944945667	9	2	0.999891718058044
chr6	27122656	27893843	0.72922373840824	3.31549375694661	3	1	0.899443452062891
chr6	28446972	28964737	0.418819631351984	2.67366670270248	3	1	0.484674461134332
chr7	63393748	63926306	0.669979928725453	3.18210166420802	3	1	0.923156804852674
chr7	142300923	142544685	3.0614431288731	16.696144988828	17	2	0.99999720705681
chr7	142554835	142616415	-5.33255800979666	0.0496329491161055	0	-2	0.635814519493695
chr7	142618848	142692069	3.53264443116739	23.1452530563424	23	2	0.99999965158466
chr7	142695698	142789040	-3.46344667368582	0.181312880897242	0	-2	0.813847939018704
chr9	113060085	113082292	9.081621302848	1083.60354482032	1084	2	1
chr9	134641773	134861007	2.60335767591875	12.1539863862995	12	2	0.999981554280585
chr10	133374735	133778699	-2.67694372948619	0.312744467996849	0	-2	0.767692314402229
chr11	114517863	117119181	-0.853390844137538	1.10696465328368	1	-1	0.860457405620775
chr11	130717553	135075899	-0.649168018622506	1.2752958599893	1	-1	0.77668000046904
chr14	21712320	22320691	1.09427498299072	4.27011517428502	4	2	0.972617812302226
chr14	22320892	22537680	-1.38396939325551	0.766326237526208	1	-1	0.723981312410078
chr14	104677693	106681042	1.33407315846018	5.04226925120708	5	2	0.998275004851396
chr14	106683394	106695397	-3.26070518578373	0.208669957563538	0	-2	0.808580258879059
chr14	106703845	106879812	1.46338145317562	5.51507862354136	6	2	0.99886933035079
chr15	19780202	20011169	-0.892745856802971	1.07717611336032	1	-1	0.865217290541755
chr15	21019387	22269048	0.668097361427667	3.17795205978206	3	1	0.923530215336055
chr17	22509234	22756903	-0.638959392964364	1.28435195868864	1	-1	0.766214688068805
chr17	40993429	41397592	3.13426961321201	17.5605924469136	18	2	0.999997956528427
chr19	39553033	39738028	-1.52256572581141	0.696132711415337	1	-1	0.562179004609318
chr19	53632055	53766632	-4.24034434931662	0.10581790391005	0	-2	0.796455480823672
chr21	30165563	30502117	0.754737728476242	3.37464964185611	3	1	0.880485841029707
chr21	30510306	30537381	-2.86988036568416	0.273596112110164	0	-2	0.785921525097068
chr21	30541534	30747233	0.760824362004143	3.38891713779244	3	1	0.874947390869563
chr22	10510202	10736283	-1.13141315476043	0.912936768427348	1	-1	0.851387321679192
chr22	15156843	16897546	-0.600586134888635	1.31897193295906	1	-1	0.712009793363214
chr22	22694438	22919851	2.33536800852115	10.093593657233	10	2	0.999947693829446
chrX	120872602	120956600	-2.86988036568416	0.273596112110164	0	-2	0.785921525097068
chrX	120957226	120976919	8.28635065843173	624.410357596683	624	2	1
chrX	135135148	136816574	-0.525823044061522	1.38912551060296	1	-1	0.503136774497453
