Chromosome	Start	End	Segment	CNF	CN	Call	ProbCall
chr1	228106678	228651379	1.63367047972221	6.20602917768446	6	2	0.999966326127822
chr2	88931665	92115200	2.30748898028291	9.90041486102104	10	2	0.999999445910899
chr5	16941842	18547605	0.930500019666658	3.81187290969899	4	2	0.910831815851084
chr6	26017084	27893843	1.2676709093485	4.81545095550878	5	2	0.999150502394734
chr14	103100143	106879812	1.34123969796703	5.06737886953336	5	2	0.999691779542726
chr17	39200282	41397592	0.396777908598054	2.63312846377819	3	2	0.629722004124125
chr19	51394487	53761222	-1.78904520155316	0.578726975925645	1	-1	0.99926698802936
chr21	30098037	32625096	1.51030153183274	5.69739144660922	6	2	0.999928344568876
chr22	15186843	16897546	-0.703734112145973	1.22796197573714	1	-1	0.906034685446636
