Chromosome	Start	End	Segment	CNF	CN	Call	ProbCall
chr1	65218842	65228136	1.33789586381289	5.05564745538982	5	2	0.999863935101941
chr1	72255521	72352730	2.24398289653523	9.47406057710617	9	2	0.999996060076987
chr1	121729147	121969146	-1.22193591285724	0.857414123686069	1	-1	0.880577769635285
chr1	143189147	143279146	-1.94217729546549	0.520446836236306	1	2	0.69234826496471
chr1	145295233	145327502	0.595155181677472	3.02127013277001	3	1	0.863085882663899
chr1	146077565	146098060	0.987290334970159	3.96491609178068	4	2	0.873469775146143
chr1	146098869	146108429	0.486939500102723	2.80293735358495	3	1	0.717340324862588
chr1	146109791	146124906	1.23399502228629	4.7043487697767	5	2	0.999603009707132
chr1	158724131	158839277	0.529921137163195	2.88770053475936	3	1	0.803281056545352
chr1	246849550	246902603	1.5597366523674	5.89600052284186	6	2	0.999941492816261
chr2	95819274	95960527	-0.740135852875357	1.19736594810329	1	-1	0.858495735342172
chr2	97513141	97558939	-0.978300070807196	1.01515493355189	1	-1	0.903275049611563
chr2	158055531	163238742	2.1689744393536	8.99407203823485	9	2	0.999994618046452
chr2	163238743	165635473	0.433291448066555	2.70062148498749	3	1	0.541717795485256
chr2	165635474	176753277	1.3986674357924	5.27315877069136	5	2	0.999894277533176
chr2	181386080	182612970	2.25725897738399	9.56164589054111	10	2	0.999996273219743
chr2	194274748	194634747	2.58258110444359	11.9802084416549	12	2	0.999999082571678
chr2	195741124	195845202	3.06758036598149	16.7673218192519	17	2	0.999999901195516
chr2	196101341	196137755	3.78432926363318	27.5566625155666	28	2	0.999999997292826
chr2	196443738	196513737	3.88267435818769	29.5006402048654	30	2	0.999999998393531
chr2	196829666	197197379	2.40220227567401	10.5721894343456	11	2	0.999997985743239
chr2	197646295	197699009	3.63918656463389	24.9192123771789	25	2	0.999999994224467
chr2	197940556	198052178	2.24813047991115	9.50133660754857	10	2	0.999996127890785
chr2	198592194	198762193	3.10291327335902	17.1830385680802	17	2	0.999999916544781
chr2	203871332	214507013	0.414167646743154	2.66505932239111	3	1	0.464409521919311
chr2	222656407	226339554	0.592967679958884	3.01669257102395	3	1	0.86207925105293
chr3	5178161	5184814	8.45136173570513	700.073086974168	700	2	1
chr3	98055234	98501578	0.814164084045201	3.51655817451427	4	1	0.696348465941951
chr3	155922139	156047434	0.961246497896059	3.89398276305133	4	2	0.805290998146666
chr4	4104550	4157180	1.73423458767267	6.65405867415614	7	2	0.999969658872477
chr4	9160776	9224983	1.00265649699568	4.00737215886596	4	2	0.904632192832214
chr4	9225078	17589035	-0.718532847839785	1.21543029084483	1	-1	0.847735884796587
chr4	68474618	68669987	0.629666141547427	3.09441381649827	3	1	0.872041112641322
chr4	190069025	190196187	1.32775494165433	5.02023514802273	5	2	0.999856666691687
chr5	10202	17486136	-0.624037646338959	1.29770490359683	1	-1	0.760873513718218
chr5	17675660	46426302	-0.696356638023409	1.23425745747579	1	-1	0.834132118624765
chr5	50116303	60847618	-0.74936287347563	1.18973241155003	1	-1	0.862482498993158
chr5	61884274	69400100	-0.760122006957152	1.18089279054594	1	-1	0.86673802880371
chr5	69400132	70204063	-0.570689281318173	1.34659005823626	1	-1	0.660244031812391
chr5	70487640	70560713	-1.72786284455522	0.603797695403414	1	2	0.505787706445604
chr5	71128578	80321501	-0.726056958879886	1.20910793823713	1	-1	0.851730978094182
chr5	80331635	80360170	1.64451658799227	6.25286161217191	6	2	0.999957359630562
chr5	80360371	112827226	-0.710970385633263	1.22181818181818	1	-1	0.843421990860875
chr5	112827227	112836688	5.50944527487075	91.1041756660177	91	2	0.999999999999894
chr5	112836944	139317807	-0.727988748932116	1.20749000823688	1	-1	0.852712013724954
chr5	139318764	171390229	-0.696590089675704	1.23405775059176	1	-1	0.834291289458779
chr5	171420163	174995502	-0.706896890435883	1.22527289915653	1	-1	0.840964677340005
chr5	174995703	178782448	-0.649919721689009	1.27463155181705	1	-1	0.793579348617428
chr5	178782649	181472427	-0.57190653821607	1.34545436796217	1	-1	0.663115717427246
chr6	29707774	29985606	1.51685302787543	5.72332299651241	6	2	0.999931470590123
chr6	31166958	31529986	0.572332529849086	2.97385133919434	3	1	0.849609364584462
chr6	32417328	32805175	5.91319596033714	120.525613265833	121	2	0.999999999999993
chr6	33092941	33176788	0.747105133387484	3.3568431624466	3	1	0.814384646319294
chr6	110888893	110893664	1.19874238506331	4.59078982753257	5	2	0.999147735338123
chr6	137871517	137891596	1.48058703852267	5.58124523497	6	2	0.99992173658146
chr7	35119633	35162006	-0.844467348301176	1.11383277609287	1	-1	0.889563111002772
chr7	50319018	50410974	7.22578490742291	299.369805382144	299	2	1
chr7	60880237	61080236	0.447836232632487	2.72798598515567	3	1	0.59643440418479
chr7	61080237	61620236	-1.03757605833612	0.974290525620244	1	-1	0.903413910239995
chr7	92813890	92834147	7.94891273656672	494.186824247022	494	2	1
chr7	102480350	102668659	1.05343715237939	4.15093733514192	4	2	0.967083819509174
chr7	103210328	103277703	-0.753352915543958	1.18644653074033	1	-1	0.864107694003072
chr7	142076561	142094610	-0.756487470095356	1.18387152766455	1	-1	0.865345048086355
chr8	64084	7247261	-0.643433782731185	1.28037482639172	1	-1	0.786192570584484
chr8	7254144	7362983	1.22028820669236	4.65986515255686	5	2	0.999477561916323
chr8	7372994	7611078	-0.665041746047614	1.26134090994685	1	-1	0.808973690059687
chr8	7675164	7774055	0.647499744999486	3.13290222451063	3	1	0.872050770624903
chr8	7779222	7973239	-1.23695179948317	0.848536250872876	1	-1	0.876790932442517
chr8	8121458	30921171	-0.728894692423132	1.20673200027933	1	-1	0.853166045820886
chr8	30921372	34773924	-0.837391252595265	1.11930929569626	1	-1	0.888198002692589
chr8	34773925	36143538	1.62242634434779	6.15784837533237	6	2	0.999953673374304
chr8	36143539	36383538	-0.617687683595262	1.30342928680571	1	-1	0.751422416425983
chr8	36383539	36966180	0.413578713753514	2.66397162125089	3	1	0.461968422083281
chr8	36966181	39375131	-0.715014749910895	1.21839780688395	1	-1	0.845767885245838
chr8	39375698	39522152	1.00265649699568	4.00737215886596	4	2	0.904632192832214
chr8	39522153	42253481	-0.670505672350979	1.25657286179652	1	-1	0.813965474118066
chr8	45937108	60763394	0.453869354656647	2.73941787673672	3	1	0.617735070362818
chr8	60763395	60816090	7.76061404295631	433.718160703663	434	2	1
chr8	60816125	65458780	0.518294862045151	2.86452288177111	3	1	0.784473362445038
chr8	65458781	68918524	1.0149779270081	4.0417439474702	4	2	0.925038903601087
chr8	68918525	141144277	0.469454545903996	2.76917176990174	3	1	0.668414162155527
chr8	141150234	145074357	0.607824683883785	3.04791925541744	3	1	0.867836391665348
chr9	12193	2144157	0.597301147598681	3.02576752618301	3	1	0.864018639647714
chr9	5787076	21967405	-0.733879354389076	1.20256980979225	1	-1	0.855597269403726
chr9	21968066	21974385	1.39200850606446	5.248875965411	5	2	0.999891582068073
chr9	21974406	28819399	-0.747712250951333	1.19109439235988	1	-1	0.861793223886651
chr9	36840509	37034074	7.17632200983362	289.279847046882	289	2	1
chr9	60526462	60656461	-1.12309040152981	0.918218623481782	1	-1	0.897619062371485
chr9	67816733	102018248	-0.715771371897077	1.21775898520085	1	-1	0.846196731429533
chr9	105521091	105526500	1.10773352058632	4.31013638370518	4	2	0.991123082152589
chr9	109085925	113551703	1.45066484203609	5.466679675122	5	2	0.999912705595358
chr9	133822442	134811578	-0.529715687830973	1.38538245877913	1	-1	0.54807102127383
chr9	134812201	138331075	2.31059752057831	9.92177004522088	10	2	0.999997023216636
chr10	37149615	37211578	-1.99632205012822	0.501276306483402	1	2	0.70503749372286
chr10	47483864	48018409	0.452270714314172	2.73638402804085	3	1	0.61217788928787
chr10	48025813	48180982	-0.750583061744728	1.18872659690266	1	-1	0.862985587396531
chr10	87864277	87964934	7.44268674732884	347.938073860081	348	2	1
chr10	94683738	95067776	0.640502717247331	3.11774452942043	3	1	0.872399951170449
chr10	133678143	133778707	1.00265649699568	4.00737215886596	4	2	0.904632192832214
chr11	1608345	1630553	1.1573559441518	4.46096535603944	4	2	0.997557175305078
chr11	55467143	55727206	0.731917242674942	3.32168954879914	3	1	0.830520427344478
chr12	59130538	64222231	0.468751066577636	2.76782181016451	3	1	0.666267947294487
chr12	64222432	72883406	1.84542296289112	7.18716577540105	7	2	0.999980255353729
chr12	103980784	103987084	1.91511702088311	7.54288808651549	8	2	0.999984983644175
chr12	105107708	107996083	2.05898748166513	8.33387511831327	8	2	0.999991558137773
chr12	111403225	111439011	6.7545766125087	215.953458680691	216	2	1
chr12	121298042	125945030	2.53690946881707	11.6068892908709	12	2	0.999998877999118
chr13	18171403	18477492	0.856653416990768	3.62166578379084	4	1	0.572617069897332
chr13	19082754	19131386	1.35059743771863	5.10035419126327	5	2	0.999871757432534
chr13	27075271	27116660	1.60556541430821	6.08629985984434	6	2	0.99995065816044
chr13	40976205	41027572	6.89327179042924	237.745098954064	238	2	1
chr13	48304140	48479697	6.74001238731205	213.784342967412	214	2	1
chr13	52218390	52279999	0.777669962795992	3.42871968795578	3	1	0.771095047493352
chr13	75302095	75310247	2.02312607876075	8.12927153919524	8	2	0.999990241591823
chr14	19474471	19946874	0.910386131521225	3.75909696940227	4	2	0.626108849168128
chr14	35625252	35761049	0.751857705607539	3.36791961691673	3	1	0.808651394263806
chr14	104948929	104952018	-1.07231705336136	0.951109233180921	1	-1	0.901941516506222
chr14	106389724	106484515	-0.814707878235299	1.1370471830825	1	-1	0.883243433434555
chr15	19780202	22372296	-1.1407147691218	0.907069645205846	1	-1	0.895472298082346
chr15	82812954	82819574	-2.91395031589173	0.265364940823952	0	2	0.562097012248475
chr15	92832588	92915320	6.65454627730431	201.487464912176	201	2	1
chr15	101752412	101762131	-1.59587225165824	0.661644304906715	1	-1	0.596015822624855
chr15	101762277	101978886	0.512750331316806	2.8535351440615	3	1	0.774411417304838
chr16	11761	44541	1.06835506557396	4.19408199190665	4	2	0.976684117234691
chr16	90106268	90222476	0.946018431525879	3.8530968020069	4	2	0.756869941946092
chr17	62040	110749	0.914468329042055	3.76974863641775	4	2	0.641851315133579
chr17	116388	3154905	-0.703065446731534	1.22853124782287	1	-1	0.83856262293353
chr17	3155106	7669912	-0.662255801097704	1.26377900069975	1	-1	0.806317198857034
chr17	7670087	7672818	3.40172032779824	21.137316540022	21	2	0.999999980677485
chr17	7673076	10357945	-0.661253605500797	1.264657213859	1	-1	0.805342547442274
chr17	10539939	12024635	-0.693759254106393	1.23648157827724	1	-1	0.832335959952462
chr17	12024637	12141397	6.69790926984788	207.635493356074	208	2	1
chr17	12141598	18427346	-0.675224007494621	1.25246995231151	1	-1	0.818054566923143
chr17	18428286	18900185	-0.906839016166701	1.06670480296937	1	-1	0.89852548894009
chr17	19232560	21963114	-0.64471737098331	1.27923616358118	1	-1	0.78769451361358
chr17	26941914	31094507	-0.700132618879601	1.23103124633183	1	-1	0.836661891940304
chr17	31095295	31373680	5.68155786076982	102.647726273873	103	2	0.999999999999966
chr17	31373685	38168843	-0.702406956191428	1.22909211538734	1	-1	0.838140630522221
chr17	38322015	45406143	-0.683298622365011	1.24547958800037	1	-1	0.82460810094787
chr17	45410005	46332613	-1.76023547869604	0.590399956945716	1	2	0.5467920989337
chr17	46512641	63507463	-0.628664228047194	1.29354995687401	1	-1	0.767382878263658
chr17	63507664	64973572	-0.640511741844722	1.28297073119229	1	-1	0.782697318837003
chr17	64973773	74068691	-0.660373085611848	1.26542930753457	1	-1	0.804477775894336
chr17	74068692	83206056	-0.551174648823905	1.36492847327323	1	-1	0.610432828324021
chr17	83206057	83240389	0.961326611016836	3.8941990026337	4	2	0.805529975795302
chr18	20920431	27632042	2.01563951850915	8.08719567320405	8	2	0.999989942987976
chr18	51047824	51088732	4.61068046073285	48.8633361061282	49	2	0.999999999972715
chr19	60571	235452	0.505406420431348	2.83904638517601	3	1	0.759931053673919
chr19	242894	1208030	-0.618994211088747	1.30224941492224	1	-1	0.753417208614464
chr19	1208034	1226795	4.30411307696883	39.5090999822805	40	2	0.999999999841123
chr19	1229154	3626753	-0.599016446878602	1.32040778813843	1	-1	0.719890782256882
chr19	4885131	4921971	5.56739603212266	94.8381773908521	95	2	0.999999999999927
chr19	6067734	7829235	-0.616076393159242	1.30488584993165	1	-1	0.748925740332964
chr19	7829236	11394570	0.672329414063112	3.18728806328859	3	1	0.867188963049548
chr19	11397212	12527655	0.986476929387671	3.96268126335512	4	2	0.871634671559933
chr19	12527665	13906668	0.552145374495633	2.93252899847846	3	1	0.8314843401289
chr19	13909571	17517886	1.19148038387256	4.56773952627113	5	2	0.998982658756413
chr19	17861952	18513532	-0.6733953882054	1.25405846737314	1	-1	0.816493412358555
chr19	19599293	20656672	-0.551969989577128	1.36417621168667	1	-1	0.612598607219615
chr19	20661381	22623672	0.855703819468059	3.61928274844894	4	1	0.57580487347492
chr19	22623673	24448208	-0.566946595577254	1.35008796057264	1	-1	0.651239266012823
chr19	27248209	34685581	-0.696898961636959	1.23379357484621	1	-1	0.834501315459247
chr19	34685782	48366100	-0.612915870719107	1.30774760627301	1	-1	0.743909390245029
chr19	54747401	54786503	-2.49020541009565	0.355961863644315	0	2	0.632590813706239
chr19	54819797	54855942	-2.05855340374432	0.480113229898411	0	2	0.707993588577392
chr19	54865686	54875462	1.00265649699568	4.00737215886596	4	2	0.904632192832214
chr20	1588394	1611704	2.63649078835614	12.436346283808	12	2	0.999999277962692
chr20	6200249	6214618	2.50185942909631	11.328299664046	11	2	0.999998691874009
chr20	15110286	15937615	-0.828635402807354	1.12612314347457	1	-1	0.886394054803044
chr20	52591963	59865925	1.16467308745513	4.48364820899667	4	2	0.997982835342335
chr22	10510202	10630201	-0.999500704943604	1.00034614485492	1	-1	0.903707093781791
chr22	11429687	11972641	-0.866114659384574	1.09724472967917	1	-1	0.893264858027872
chr22	23786710	23831850	5.38002036542705	83.2870544398967	83	2	0.999999999999755
chr22	39291306	39821146	0.74067157120115	3.34190696564866	3	1	0.821614417700657
chr22	41162700	41695105	-0.587064311545212	1.33139226195305	1	-1	0.696535272663897
chr22	41699429	42884472	-0.608976194650746	1.31132365167823	1	-1	0.737430605828557
chr22	43258176	44456160	0.810584786406479	3.50784447750392	4	1	0.704931041963351
chr22	44456161	50799120	-1.42498431981204	0.744846827017736	1	-1	0.78775401001076
chrX	2789563	58550623	1.19856254678404	4.5902176010644	5	2	0.999144042742882
chrX	62470624	124364504	1.2129937233342	4.63636363636364	5	2	0.999387727645367
chrX	124365706	156027976	1.20919653819182	4.62417673441626	5	2	0.999332986186551
