Chromosome	Start	End	Segment	CNF	CN	Call	ProbCall
chr1	247840927	248937043	-0.698684773183816	1.23226729268492	1	-1	0.766794781731241
chr2	85595724	92135200	-1.27785312054534	0.824817518248175	1	-1	0.821368351603596
chr5	58197	25716715	0.638747792478143	3.11395434471407	3	1	0.881352887351973
chr6	28188049	35797344	-1.73436495584625	0.601082550494696	1	-2	0.901760080996647
chr7	141811804	146100566	-1.98488625074701	0.505265559322812	1	-2	0.995373978960327
chr11	54591479	56376553	-0.762960802699155	1.17857142857143	1	-1	0.877967415212643
chr14	18257823	22552154	-1.45770331854727	0.728144497587533	1	-1	0.589134881637192
chr14	99964528	101062118	-3.1518985846425	0.225016299586276	0	-2	0.999999999999934
chr14	101064150	105499575	0.537489888868603	2.90288996841699	3	1	0.697392670895598
chr14	105526602	106879812	-2.0677504819941	0.477062277349122	0	-2	0.998623022324461
chr22	22303223	22921435	-2.37955108180493	0.384338369896967	0	-2	0.999993365267614
