Chromosome	Start	End	Segment	CNF	CN	Call	ProbCall
chr1	1712347	1714397	1.82789511453501	7.1003744746097	7	2	0.999998752172229
chr1	25258956	25390915	-1.75683414369709	0.591793541225259	1	2	0.631589034125921
chr1	28622404	31939316	0.433129866593842	2.70031903301487	3	1	0.569656352148996
chr1	46326749	46408734	0.495867870246996	2.82033760748874	3	1	0.776790915304021
chr1	72274924	72342730	4.78425405859416	55.1104521497457	55	2	0.999999999999999
chr1	109681834	109700399	-3.27100644047602	0.207185301203769	0	-2	0.554915942478957
chr1	121609147	121969146	-1.05953224878543	0.95957518277971	1	-1	0.839125395151117
chr1	143189147	143299146	-2.64068193722168	0.320704846872639	0	-2	0.501796801287022
chr1	143299147	144345335	0.523751138100882	2.8753770263453	3	1	0.83513985541433
chr1	145328911	145341635	-1.13532991880197	0.91046160334156	1	-1	0.826247701005033
chr1	146077565	146124906	1.18716844630285	4.55410781414292	5	2	0.990387441737897
chr1	149494269	149548372	-0.607900248164622	1.31230198756232	1	-1	0.527534303871814
chr1	158808424	158829277	6.14715569134194	141.745162703438	142	2	1
chr1	182853886	182883568	0.628661972259774	3.09226073904444	3	1	0.9274922471835
chr2	86865614	86878974	-2.02480110800958	0.491478050465494	0	2	0.642077622362677
chr2	95848829	95978191	-0.914176306023917	1.06129350456578	1	-1	0.836365244390245
chr2	97183406	97191307	-2.08923968564342	0.470009008679874	0	2	0.626017588302615
chr2	97507567	97560805	-1.54501668411213	0.685383476295772	1	-1	0.461212493284321
chr2	174380083	174387854	-3.06924377455584	0.238284369618002	0	-2	0.549371797547777
chr3	5178161	5184814	8.35800921425835	656.20792824984	656	2	1
chr3	75371602	75594964	0.681420324908903	3.20743565832089	3	1	0.933308801417948
chr3	90215923	90264686	0.987099841659508	3.96439259921339	4	2	0.597753729356351
chr3	156019674	156047434	8.10500325873916	550.654371723082	551	2	1
chr3	160086988	160285921	0.443242473939024	2.71931348077123	3	1	0.609572599197156
chr3	160286122	160304054	-0.990552808957215	1.00656978078695	1	-1	0.842216749117943
chr3	177472381	187171578	0.646804857039774	3.13139359533615	3	1	0.931467758172843
chr3	187171579	198228341	0.47170413240017	2.77349309254707	3	1	0.709330653663198
chr4	4104550	4157180	4.51921802934986	45.8617032036825	46	2	0.999999999999987
chr4	9160776	9222080	0.465643164380181	2.76186569303332	3	1	0.689850784831892
chr4	9250438	9383275	0.465643164380181	2.76186569303332	3	1	0.689850784831892
chr4	9383640	9480154	-0.824266339691281	1.12953866824336	1	-1	0.81431371000122
chr4	54723519	54727332	2.71329086867089	13.1163178994374	13	2	0.99999999318466
chr4	68497034	68669987	0.426175516920793	2.687333770053	3	1	0.541201939070326
chr4	183646289	183655917	0.900026575113055	3.73220071438551	4	1	0.716037143141641
chr5	17491204	17685659	0.953927155639184	3.8742771324964	4	1	0.536030444567601
chr5	34144738	34203813	1.92793005945947	7.61017726725439	8	2	0.99999927787293
chr5	72893474	72905528	1.37152752437325	5.17488758980979	5	2	0.999942565934848
chr5	80331635	80360170	2.1442521342092	8.84126089621638	9	2	0.999999786611691
chr5	112827041	112836688	5.79065408985326	110.710948419907	111	2	1
chr5	171391180	171410525	1.19347718748562	4.57406601485774	5	2	0.991800888971747
chr5	178767282	178802648	0.62289396082147	3.07992231200129	3	1	0.925727323398041
chr6	60202	8090485	0.766504764798971	3.4022868115501	3	1	0.908569611912864
chr6	8095458	13584334	0.741925932750606	3.34481387415922	3	1	0.920362951099985
chr6	29687774	29965784	0.828623747988113	3.55198071302269	4	1	0.853735827987049
chr6	31270935	31356634	-2.17980872138975	0.441410018272939	0	2	0.601789056190068
chr6	31869475	31880461	1.00538141770092	4.01494832016792	4	2	0.67136766408464
chr6	31972197	32045432	-0.734175787274496	1.20232274121042	1	-1	0.761721166073337
chr6	32490365	32805175	3.40535047343328	21.1905697592622	21	2	0.999999999934934
chr6	36251072	44992072	0.493145753155735	2.81502113333517	3	1	0.770005156933901
chr6	105852364	105873230	6.92292693837149	242.682612716783	243	2	1
chr6	110888893	110893664	1.28389113854763	4.8698965929576	5	2	0.99929669508789
chr6	137871517	137891596	1.47295691450779	5.55180507121849	6	2	0.999990778658422
chr7	6796504	6822434	0.747531851260516	3.35783619062981	3	1	0.918052518205346
chr7	35117809	35150141	-0.644911398765914	1.27906413092058	1	-1	0.627494967740233
chr7	50319018	50400774	6.95682762962404	248.452737841425	248	2	1
chr7	60880237	61610236	-0.759143501275856	1.18169400093479	1	-1	0.781273004998416
chr7	92813890	92834147	7.68052206529574	410.296223575147	410	2	1
chr7	102480350	102688328	0.923162304599152	3.79253450034556	4	1	0.646801751706449
chr7	103212190	103243126	-0.777634148550593	1.16664518054852	1	-1	0.792847954564065
chr8	7722996	7774055	0.936260957146301	3.82712482664678	4	1	0.601995270375943
chr8	25435478	25468492	0.728963942211494	3.31489676652679	3	1	0.924924902011275
chr8	39284724	39552152	7.55015018672008	374.844958054024	375	2	1
chr8	54062282	54086105	1.05080710073546	4.1433770162819	4	2	0.827140216819455
chr8	60780950	60816090	7.33158519261693	322.149197935369	322	2	1
chr8	73020552	73026933	0.787543413560936	3.45226548287518	3	1	0.894617281810844
chr8	86461106	86466884	0.465075987428369	2.76078011455486	3	1	0.687976445141149
chr8	94739418	94765180	0.70392628204299	3.2578637796784	3	1	0.930902788304856
chr8	116508133	129574517	0.593253374714172	3.01729002132552	3	1	0.912107924747264
chr9	12193	55762	0.646195051834111	3.13007028268073	3	1	0.931370461015486
chr9	21968066	21974385	1.81238459907714	7.02444673475987	7	2	0.999998643022326
chr9	36840509	37034074	6.73298177938434	212.745053672805	213	2	1
chr9	105521091	105526500	1.12593072650521	4.36484591757041	4	2	0.959359207208876
chr9	135792431	138331075	0.441250866884405	2.71556212148715	3	1	0.601867808576187
chr10	37149615	37199805	-1.2775836594018	0.824971588944175	1	-1	0.767863581483429
chr10	46129880	46868209	1.00391749032235	4.01087634960985	4	2	0.665606185591189
chr10	47409126	48053737	1.03091190295033	4.08663077631056	4	2	0.765333380043212
chr10	87864277	87964934	7.17284869427636	288.584238033767	289	2	1
chr10	133679261	133778707	0.465643164380181	2.76186569303332	3	1	0.689850784831892
chr11	1608345	1630553	1.08651550412975	4.24721017882974	4	2	0.908451463298336
chr11	55467143	55727206	0.847626874595906	3.5990767666107	4	1	0.826821756015632
chr11	56041635	56071505	6.10387531084769	137.556004930366	138	2	1
chr11	57917347	57938388	5.59407136457113	96.6080406950776	97	2	1
chr12	31114708	31626610	0.433828788966669	2.70162753589766	3	1	0.572475003830446
chr12	43795608	43804659	1.30745007144468	4.95007392743646	5	2	0.999644161869982
chr12	64566693	64622708	6.50310969532364	181.409939734218	181	2	1
chr12	88046687	88055693	0.429114973742311	2.69281473044011	3	1	0.553314629596646
chr12	111403225	111439011	7.12339552152966	278.85967611955	279	2	1
chr12	131247942	131427187	-1.12075714348725	0.919704851920337	1	-1	0.82955684428159
chr13	18171403	18497492	0.593642609571249	3.01810418707825	3	1	0.912342656400632
chr13	19082754	19141586	0.866772256456644	3.64715687719678	4	1	0.793165776401195
chr13	27075271	27116660	0.795342691140631	3.4709791311035	3	1	0.888377473116718
chr13	35117477	35133776	0.775857525559555	3.42441494079791	3	1	0.902853304386033
chr13	40959256	41017372	6.96574770523266	249.993661348265	250	2	1
chr13	48304140	48479697	6.78085834979189	219.923559134374	220	2	1
chr13	52218390	52279999	0.930563893498992	3.81204168016966	4	1	0.62195421598875
chr13	52515389	52587486	0.685579989386775	3.21669687313852	3	1	0.933071803613902
chr13	57141246	57169212	1.60641061124848	6.08986653817823	6	2	0.999995960626826
chr13	75302095	75310247	1.75835170027476	6.76622756930358	7	2	0.999998186260744
chr14	19617035	19698966	1.32190393030294	4.99991625263356	5	2	0.999766402501546
chr14	35654227	35760891	0.707861762596481	3.26676293192187	3	1	0.930198004799809
chr14	106012257	106140241	-1.00385245074601	0.997333246747885	1	-1	0.842229619994785
chr15	19995339	22564583	-1.72608752036039	0.604541162622301	1	2	0.613050149050984
chr15	92832588	92915320	6.59087982900312	192.78912046154	193	2	1
chr16	14648365	15026744	0.417500555304341	2.67122324943544	3	1	0.504874366077039
chr16	21457801	21478248	-0.66681399702824	1.25979239127974	1	-1	0.673017098673321
chr16	35090462	35518209	0.445291598127818	2.72317858737838	3	1	0.617412610292418
chr17	62040	413492	-0.587520479943682	1.33097135313244	1	-1	0.46166441022066
chr17	7670087	7674149	2.33926039668571	10.1208629212078	10	2	0.999999931858763
chr17	10359889	10665272	0.529310133981561	2.88647780882404	3	1	0.844521969563432
chr17	11557756	12024635	-0.674558903580324	1.2530474927422	1	-1	0.686824345338246
chr17	12024637	12141397	6.69423560478146	207.107444885226	207	2	1
chr17	19030573	19232559	0.499406657898786	2.82726410706855	3	1	0.785310509447351
chr17	21883115	22062160	-3.9339577797301	0.130855114647535	0	2	0.502481521540229
chr17	31095295	31373680	6.03781143537757	131.399086470166	131	2	1
chr17	37625883	38195978	-0.611811818542191	1.30874877017025	1	-1	0.53941115511833
chr17	41065725	41315516	-0.707938462938377	1.22438861665325	1	-1	0.734678833571846
chr18	51027323	51098732	4.27459981803767	38.7090720497865	39	2	0.999999999999908
chr19	1208034	1226795	4.60696532541062	48.7376682663646	49	2	0.999999999999994
chr19	4885131	4921971	5.67661840941413	102.296885340027	102	2	1
chr19	54201589	54223009	-0.795541004607189	1.15225417527551	1	-1	0.80222423473782
chr19	54786508	54909550	0.465643164380181	2.76186569303332	3	1	0.689850784831892
chr20	6200249	6214618	3.07425924756296	16.8451252170997	17	2	0.99999999935827
chr20	61729528	64327990	0.637161318984607	3.11053193692112	3	1	0.929640024641798
chr22	10510202	10660201	-1.10875004871603	0.927391205852028	1	-1	0.831973392475434
chr22	15985286	16398156	0.686673027643869	3.21913488317876	3	1	0.932993855992777
chr22	18386353	18488557	0.461677712427131	2.75428473687001	3	1	0.676564958119189
chr22	23786710	23831850	5.52907830801871	92.3524486200337	92	2	1
chrX	2789563	7560592	0.803472373804412	3.49059354208769	3	1	0.881178822378618
chrX	7560593	33779655	0.675926224042337	3.19524426450499	3	1	0.933476155085548
chrX	33779656	58550623	1.13726627979267	4.39927650157711	4	2	0.968404721872856
chrX	62470624	124364504	1.10949886879406	4.31541369354478	4	2	0.942262318863905
chrX	124365706	135760543	1.04769605753081	4.13445181988186	4	2	0.818238903998498
chrX	135882519	156027976	1.26817073831504	4.81711958179229	5	2	0.998899542175154
