Chromosome	Start	End	Segment	CNF	CN	Call	ProbCall
chr1	72274924	72347730	4.84603831707964	57.5218558273991	58	2	0.998772616022204
chr1	121609147	121974146	-1.09456499088644	0.936554599808836	1	-1	0.925077542455185
chr1	143189147	143274146	-1.79701479607167	0.575538842990484	1	2	0.47394952356061
chr1	146082295	146098060	1.00378026687358	4.01049486905073	4	2	0.809877325780201
chr1	146098869	146108429	0.488361303001458	2.80570106229893	3	1	0.516970714339998
chr1	170841476	170891475	-0.888802773019988	1.08012421063182	1	-1	0.91999485346439
chr1	188656979	188686978	-5.61585913595666	0.0407838240336579	0	-2	0.67710881228108
chr1	246849550	246902603	1.49635136824812	5.64256592102753	6	2	0.959464567061937
chr2	94515621	94555620	-3.82802600070958	0.140824865548705	0	-2	0.55485571782088
chr2	97531745	97558939	-0.995400234706459	1.00319340242466	1	-1	0.927502324067925
chr2	158060531	163233742	2.19838269025727	9.17929077574313	9	2	0.978447999690173
chr2	165635474	176758277	1.46276322319988	5.51271578428162	6	2	0.958282819279262
chr2	181391080	182617970	2.26194599368502	9.59276020510472	10	2	0.979704011564566
chr2	194184748	194634747	1.89011608772546	7.41330098890876	7	2	0.971352607714598
chr2	195069748	195209747	0.711060872128454	3.27401486508509	3	1	0.800854551703852
chr2	195741124	195850402	3.37157985498375	20.70030120382	21	2	0.993376828653111
chr2	196101341	196137755	3.71467506294198	26.2578167886633	26	2	0.995437133270036
chr2	196448738	196513737	3.66988714119514	25.4551761008002	25	2	0.99520640907012
chr2	196834666	197197379	2.40339633662751	10.5809432345621	11	2	0.982271761258719
chr2	197646295	197699009	3.83121803679531	28.4669897295436	28	2	0.995990630643922
chr2	197940556	198052178	1.55635819556472	5.88220961248219	6	2	0.961506220612656
chr2	198592194	198622193	3.52988783422508	23.101071010547	23	2	0.994414646458387
chr2	198622194	198652193	-1.21885029884741	0.859249910329886	1	-1	0.909877613550935
chr2	198652194	198757193	3.3908790991536	20.9790740637225	21	2	0.99351211496913
chr2	222226777	226339554	0.568965039252511	2.96691796965541	3	1	0.707077590659358
chr3	5178161	5184814	8.45425708962426	701.479478913378	701	2	0.999991942090077
chr3	90419687	90454686	-1.80943681420203	0.570604561735383	1	2	0.487874953584029
chr3	90454687	90559686	0.473128848414555	2.776233374903	3	1	0.470753915731811
chr3	90559687	90719686	-0.574449768105612	1.34308464642847	1	-1	0.565744754422056
chr3	98040234	98485714	0.688231768621913	3.22261483493383	3	1	0.803301939698633
chr3	137360868	137415867	-0.772910938176914	1.17047089586745	1	-1	0.886748086596902
chr3	155993016	156047434	1.53005243047988	5.77592668723046	6	2	0.960622037881798
chr4	4104550	4157180	1.52486265045125	5.75518638034782	6	2	0.960445612896273
chr4	9160776	9191178	2.42862518761324	10.7676027659928	11	2	0.982698436851286
chr4	9191379	10232045	-0.677857621857685	1.25018567608139	1	-1	0.800323945050479
chr4	10232046	17348732	-0.778612951374033	1.16585393341515	1	-1	0.889580951021186
chr4	34658187	34703186	0.538436287567465	2.90479487036159	3	1	0.647639534722862
chr4	34703187	34913186	-0.787133501095359	1.15898869887072	1	-1	0.893489251264562
chr4	68474618	68669987	0.612235742783579	3.05725256937838	3	1	0.764976505084321
chr4	137892517	138007516	-1.07206130526083	0.951277852282157	1	-1	0.926322254876339
chr5	10202	11467414	-0.63148871387485	1.29101994238293	1	-1	0.716470030008182
chr5	11467415	13584201	-0.769686007794871	1.17309023610756	1	-1	0.88506345904062
chr5	13584202	15026716	-0.612588618383298	1.30804428158462	1	-1	0.672036081286777
chr5	15026717	31368645	-0.751070329627518	1.18832517423883	1	-1	0.874046763292017
chr5	31368646	39479529	-0.702571811936334	1.22895167592221	1	-1	0.831894257388297
chr5	39479530	46431302	-0.740795148596906	1.19681889008057	1	-1	0.866902940325044
chr5	50111303	60915079	-0.758578257205876	1.18215707620319	1	-1	0.8787693730183
chr5	61884274	69509839	-0.793246284217842	1.15408838487345	1	-1	0.896071183538176
chr5	70487640	70560713	-1.81920709442602	0.566753344854112	1	2	0.498446246226818
chr5	71138462	80321501	-0.744800741812261	1.19350057227989	1	-1	0.869786085978233
chr5	80321702	80360170	1.02799871522837	4.07838710004129	4	2	0.855410465412308
chr5	80360371	112827226	-0.751070329627528	1.18832517423883	1	-1	0.874046763292023
chr5	112827227	112836688	5.51247914488416	91.295961902261	91	2	0.999466306237307
chr5	112836944	131933659	-0.769686007794863	1.17309023610757	1	-1	0.885063459040615
chr5	131933860	135764119	-0.718450044611871	1.21550005225437	1	-1	0.848232997736213
chr5	135764120	137558710	-0.810126933823368	1.14066335153223	1	-1	0.902346499999808
chr5	137558711	143388457	-0.649738170718095	1.27479196351209	1	-1	0.753649269133817
chr5	143388458	145948544	-0.831069879108024	1.1242244689538	1	-1	0.908652425854555
chr5	145948545	151969831	-0.692759608577133	1.23733863508671	1	-1	0.820318980356615
chr5	151969832	167825474	-0.769686007794871	1.17309023610756	1	-1	0.88506345904062
chr5	167825475	181281050	-0.64531180432431	1.2787091887399	1	-1	0.74514646977646
chr6	29677774	29980606	1.1905311645592	4.56473517649234	5	2	0.945636633875002
chr6	31034512	31387419	0.499183377070077	2.82682657522196	3	1	0.548300005804403
chr6	32292958	32417327	-0.600876607644604	1.31870639739205	1	-1	0.641578089222778
chr6	32417328	32800175	5.99339819953552	127.415607634699	127	2	0.999715182941182
chr6	33092941	33176788	0.73112915562106	3.31987553711157	3	1	0.793300904757518
chr6	61465146	61510145	0.801470693401259	3.48575384443391	3	1	0.72007705466493
chr6	103283810	103358809	1.0238631147377	4.06671281850621	4	2	0.848602970509301
chr6	110888893	110893664	1.20145930672172	4.59944347082064	5	2	0.946616365843904
chr6	126974926	127089925	-1.16200343057363	0.893783037034334	1	-1	0.918737428488002
chr6	137871517	137891596	2.01078449880645	8.06002603467015	8	2	0.974338847121731
chr7	50319018	50410974	7.21928352966009	298.023757000703	298	2	0.999948100881045
chr7	61085237	61620236	-1.78997302193985	0.57835490695314	1	2	0.465838523015025
chr7	62910237	62965236	-1.19852930659874	0.871438461108478	1	-1	0.913462273450106
chr7	92813890	92839347	7.93610673816528	489.81961503323	490	2	0.999982075590969
chr7	102480350	102668659	1.05486721140484	4.155053955946	4	2	0.890935406322331
chr8	2018266	6094694	-0.787686246696739	1.15854473588473	1	-1	0.893730084134032
chr8	6094695	7247261	-0.593739146316198	1.32524661321799	1	-1	0.621999191820451
chr8	7247462	7393314	0.933337214823211	3.81937669144605	4	2	0.6042075854947
chr8	7393315	7592242	-0.816537695597203	1.13560594308634	1	-1	0.904435691343611
chr8	7592443	7774055	0.554152387091473	2.93661144021203	3	1	0.680238690722364
chr8	7779222	7985588	-1.19343672213585	0.874519996509116	1	-1	0.91428470462974
chr8	8126458	30921171	-0.748955522665282	1.19006838476299	1	-1	0.872642965702468
chr8	30921372	34768924	-0.876601211711376	1.0892980763856	1	-1	0.918178676581854
chr8	34768925	36143538	1.67088658359111	6.36820413886962	6	2	0.965164501860772
chr8	36143539	36383538	-0.728881738009041	1.20674283595546	1	-1	0.857525089264477
chr8	36971181	39375131	-0.721400460959164	1.21301680626726	1	-1	0.850970200341763
chr8	39512153	42253481	-0.682493898749065	1.24617450022324	1	-1	0.806872966660383
chr8	60780950	60816090	7.76993776268625	436.530232431277	437	2	0.999976964185496
chr8	60816125	65453780	0.525650459041503	2.87916497883898	3	1	0.617998442116447
chr8	65453781	68928524	1.02268601300451	4.06339612144892	4	2	0.846594665927852
chr8	128695569	128765568	-0.75094865508554	1.18842539986834	1	-1	0.87396689736157
chr8	128765569	145074357	0.553657024506232	2.93560330080482	3	1	0.679276228606048
chr9	12193	2144157	0.636773616571932	3.10969614094543	3	1	0.785489455465573
chr9	5779566	7718232	-0.689614126506131	1.24003932533997	1	-1	0.81634910522161
chr9	7718233	21967405	-0.769686007794863	1.17309023610757	1	-1	0.885063459040615
chr9	21968066	21974385	1.41824660981196	5.34520992906586	5	2	0.956671802453049
chr9	21974406	23352188	-0.86422928704241	1.09867959091906	1	-1	0.916054774866138
chr9	23352189	23387188	1.64535149148397	6.25648125924032	6	2	0.964375264552315
chr9	23387189	28814399	-0.783491807319899	1.16191794814463	1	-1	0.891864575229104
chr9	36828880	37034074	7.16238622538934	286.498986541036	286	2	0.999943651685877
chr9	42689078	42730776	-6.52556912232695	0.0217089066459758	0	-2	0.708122617767649
chr9	60521462	60751461	-2.11190111682722	0.46268392556251	0	2	0.628342297410964
chr9	63908125	64197241	-0.890698678264226	1.07870570697818	1	-1	0.920254248981637
chr9	67880387	72968320	-0.69998802090764	1.23115463591687	1	-1	0.828961660907218
chr9	72968321	83263764	-0.798349281400569	1.15001343746042	1	-1	0.898094921471366
chr9	83267039	100646755	-0.684596051739506	1.24436001985335	1	-1	0.809742797271984
chr9	100646756	102877597	-0.698602909733388	1.23233721772916	1	-1	0.827356132014508
chr9	103490985	103940984	-0.553974498984088	1.36228211406813	1	-1	0.502104093502874
chr9	109085925	113546703	1.50104374630945	5.66094829355066	6	2	0.959627409265867
chr9	134812201	138331075	2.29820941522556	9.83693872088702	10	2	0.980391541338641
chr10	37014474	37211578	-0.804179466138149	1.14537540848529	1	-1	0.900269635343208
chr10	38842723	38901402	1.9158800386492	7.54687845154759	8	2	0.97201406216584
chr10	41696403	41851402	-0.87982614209343	1.08686583187692	1	-1	0.918684250825364
chr10	48025813	48180982	-0.753496087927935	1.18632879418132	1	-1	0.875616424034256
chr10	82990845	83095844	-0.554673116824015	1.361622595482	1	-1	0.504318400509782
chr10	87864277	87964934	7.43906352926682	347.065350392889	347	2	0.999962338485204
chr10	108864668	108909667	-0.659240477462612	1.26642314077273	1	-1	0.770813621076131
chr10	133678143	133783907	1.00378026687358	4.01049486905073	4	2	0.809877325780201
chr11	55198057	55223056	2.70836128900978	13.0715769166272	13	2	0.986856261779642
chr11	55598301	55727206	1.04939820684484	4.13933269026525	4	2	0.884838288669737
chr11	55727407	55794580	-0.564695209559834	1.35219647414769	1	-1	0.535800661927613
chr11	57917347	57923388	5.51416438105236	91.4026685506462	91	2	0.999467458372598
chr11	87267024	88076630	-0.577040929852474	1.3406745555515	1	-1	0.573551004505265
chr12	55170997	55215996	-1.57704092985247	0.670337277775752	1	-1	0.687426294306317
chr12	60659927	64216078	0.491937984423131	2.81266549220741	3	1	0.527481889617838
chr12	64216279	71589975	1.91985090835053	7.56767907084825	8	2	0.97211483593176
chr12	72261920	72878406	1.85127043716264	7.216355626036	7	2	0.970330032445536
chr12	74753565	74958564	-0.577040929852473	1.3406745555515	1	-1	0.573551004505262
chr12	86803436	87363435	-0.631488713874847	1.29101994238293	1	-1	0.716470030008176
chr12	103980784	103987084	1.90532495709311	7.49186528034965	7	2	0.971744673983703
chr12	105107708	107996083	2.01584366640159	8.08834012904677	8	2	0.974457963119021
chr12	111403225	111439011	6.75675036312479	216.279087298915	216	2	0.999899633091305
chr12	121298042	125945030	2.56580480177297	11.8417040800097	12	2	0.984863773391545
chr13	18171403	18487492	0.667029915120896	3.17560157098976	3	1	0.799911147036351
chr13	19032754	19131386	0.662793849404771	3.16629099127744	3	1	0.798579814215288
chr13	40976205	41027572	6.85340971390696	231.266054992387	231	2	0.999912405201448
chr13	48304140	48485369	6.71579177893894	210.225195854146	210	2	0.999893703248703
chr13	66651721	67018859	-0.729787548658799	1.20598540808447	1	-1	0.85828256877892
chr14	19484471	19882521	1.01235505886281	4.03440259636284	4	2	0.827586766452322
chr14	35654227	35761049	0.893207332861316	3.71460120433715	4	1	0.484495299837877
chr14	106389724	106489715	-0.789044890971282	1.15745420102679	1	-1	0.894315728049418
chr15	19780202	22422826	-1.15672324541553	0.897060227709978	1	-1	0.919385560864856
chr15	92832588	92915320	6.65687416560269	201.812841319977	202	2	0.999884586639312
chr16	32430673	32608359	-0.988156283423679	1.00824322859647	1	-1	0.927363293092068
chr16	46383210	46468209	-1.3601075991027	0.77910647016338	1	-1	0.867394036198122
chr16	90096363	90227676	0.965999146192927	3.9068318037306	4	2	0.711122450454773
chr17	62040	110749	0.912527084822136	3.76467959457852	4	2	0.531779083252465
chr17	110950	3154905	-0.697987952858713	1.23286262036865	1	-1	0.826635738130639
chr17	3155106	7669912	-0.661777965405568	1.26419764685358	1	-1	0.77515074587441
chr17	7670087	7672818	3.40223961847074	21.1449261780247	21	2	0.99359057150711
chr17	7673076	10357945	-0.661783170905752	1.26419308541196	1	-1	0.775159538248792
chr17	10539939	12021059	-0.72177345381167	1.21270323471999	1	-1	0.851309968433557
chr17	12021062	12141397	6.6644006853918	202.868447228373	203	2	0.999885791327301
chr17	12141598	16368652	-0.768651323151134	1.1739318649874	1	-1	0.884509864712837
chr17	16368653	18427346	-0.602741433968464	1.31700293985928	1	-1	0.646570054090194
chr17	18428286	18900185	-0.900451945935412	1.07143776595175	1	-1	0.921498525670417
chr17	19227560	21843114	-0.62156208199221	1.29993358653806	1	-1	0.693878367408037
chr17	21843115	21968114	-7.57750948153838	0.0104706188148135	0	-2	0.722085755601312
chr17	26936914	31094507	-0.68000136470359	1.24832936805581	1	-1	0.803390074614547
chr17	31095295	31373680	5.67714638411468	102.33432918642	102	2	0.999568467155808
chr17	31373685	45406143	-0.683956133768987	1.24491208729782	1	-1	0.808875675534735
chr17	45410005	46332613	-1.77535475499391	0.584244942289643	1	2	0.448570472490101
chr17	46726496	51510674	-0.601977844609587	1.31770018742991	1	-1	0.644532341599103
chr17	51510675	56439966	-0.699552676191129	1.23152620269052	1	-1	0.828459574165878
chr17	56440217	63507463	-0.627547044852441	1.29455203417526	1	-1	0.707698939618963
chr17	63507664	64973572	-0.636974219715511	1.28612046559545	1	-1	0.728237268479068
chr17	64973773	69635996	-0.644748461125866	1.27920859628177	1	-1	0.744040855311809
chr17	69635997	71641585	-0.875480671817464	1.09014446183733	1	-1	0.917998526825611
chr17	71641586	83206056	-0.561968353547244	1.35475469458358	1	-1	0.527295107420303
chr17	83206057	83245589	1.02463129134558	4.06887875476199	4	2	0.849896580238773
chr18	20915431	27632042	1.98872112959347	7.93770050567818	8	2	0.973813761428991
chr18	40822021	41317020	-0.672130698372198	1.25515827731673	1	-1	0.791805294362729
chr18	51047824	51093732	4.51311694159061	45.6681657909749	46	2	0.99816959251512
chr18	64539101	64609100	-1.42926848550978	0.742638242511931	1	-1	0.830092886186665
chr19	60571	240452	0.603106332683175	3.03796728232446	3	1	0.755169850222936
chr19	242894	1208030	-0.623981148783483	1.29775572417104	1	-1	0.699537239527185
chr19	1208034	1226795	4.30463236764133	39.5233236396736	40	2	0.997662196047501
chr19	1229154	3626753	-0.594192914313946	1.32482985158531	1	-1	0.623265600994204
chr19	4885131	4921971	5.57258894200718	95.1801578503346	95	2	0.999505984727245
chr19	6052734	7824235	-0.618723312617735	1.30249396452448	1	-1	0.68711267138796
chr19	7824236	11643092	0.692451344286003	3.23205409400968	3	1	0.803328726315152
chr19	11643093	12533915	1.00732823545383	4.02036987402842	4	2	0.817420525503689
chr19	12533916	13906668	0.554850843641404	2.93803349547576	3	1	0.681588571993089
chr19	13909571	17517886	1.20497698261868	4.61067182595407	5	2	0.946902414835312
chr19	17861952	18513532	-0.67499888960376	1.25266540276026	1	-1	0.796131884297142
chr19	19591089	20656672	-0.590356120044938	1.32835787697638	1	-1	0.612468525257526
chr19	20661381	22623672	0.823528913157703	3.53945912110891	4	1	0.678960896396182
chr19	22623673	24448208	-0.609480937390055	1.31086495091083	1	-1	0.664164830092558
chr19	27243209	32035359	-0.739097687961449	1.19822788402415	1	-1	0.865641623061869
chr19	32035360	48371300	-0.618319172245992	1.30285888165216	1	-1	0.686138554894124
chr19	54717686	54786503	-0.576720057617059	1.34097277040084	1	-1	0.572588068632814
chr19	54819797	54855942	-2.06890901824592	0.47667933288074	0	2	0.626828947050314
chr19	54856143	54880662	1.26433389108714	4.80432547354904	5	2	0.950469855652893
chr20	1578923	1611704	2.95609635167008	15.5204270763668	16	2	0.989769111300132
chr20	6200249	6220426	2.03937329962268	8.22133852417713	8	2	0.975005713478785
chr20	15110286	15862940	-0.909177551474008	1.06497712933432	1	-1	0.922491083237874
chr20	26283585	26383584	-0.749314798168581	1.18977205797729	1	-1	0.872883808017865
chr20	30090650	30275649	-0.541956503337049	1.37367764862221	1	-1	0.463785914323764
chr20	52591963	59865925	1.17288234974393	4.50923391032714	5	2	0.943678808963055
chr21	5253938	5373937	-0.837941963247133	1.11888211053293	1	-1	0.910420322783061
chr21	7829957	8124956	-0.919026152416871	1.05773178943911	1	-1	0.923484904982644
chr21	8526388	8651387	-1.37606749215093	0.770535060348548	1	-1	0.860012600768879
chr22	10510202	10630201	-1.11106954748642	0.925901386852812	1	-1	0.923898121394174
chr22	11369687	12047641	-0.789174964331377	1.15734984968015	1	-1	0.894371328495019
chr22	12047642	12202641	0.787947704649485	3.4532330579429	3	1	0.740591424942045
chr22	16307841	16543420	0.876990857207571	3.67308137170844	4	1	0.537730344003094
chr22	23786710	23831850	5.37533912778545	83.0172436915214	83	2	0.999364280094171
chr22	39296306	39821146	0.777354653138749	3.42797040257931	3	1	0.754342240650471
chr22	41162700	42884472	-0.592133834962445	1.32672205842938	1	-1	0.617496120781898
chr22	43258176	44456160	0.854119378059147	3.61531004911608	4	1	0.605235702779473
chr22	44456161	50804320	-1.43003032035816	0.742246185755333	1	-1	0.829598000160963
chrX	10202	125201	-1.23320728018586	0.850741489866309	1	-1	0.907035735248125
chrX	2782340	38616600	1.19420158044233	4.57636328011652	5	2	0.945982394907343
chrX	38616601	57694691	1.24024439986037	4.72477097810389	5	2	0.949228829644215
chrX	57694692	57719691	-6.77015455948078	0.0183235829259236	0	-2	0.713366657778046
chrX	57719692	58525623	1.2135965972602	4.63830148654512	5	2	0.947553056885942
chrX	58525624	58550623	-2.60325858060595	0.329132733313917	0	2	0.578069975726715
chrX	62550624	90758101	1.27036264128762	4.8244438488341	5	2	0.950755331317525
chrX	90758102	90783101	-3.56544485625942	0.168936754302608	0	-2	0.529419163763577
chrX	90783102	124352001	1.17586620818275	4.51856979834023	5	2	0.944049215844209
chrX	124353130	124364504	-7.2241219383863	0.0133768112734641	0	-2	0.719860042327105
chrX	124365706	155625512	1.21352433424128	4.63806916490792	5	2	0.947547871728169
