Chromosome	Start	End	Segment	CNF	CN	Call	ProbCall
chr1	12080	136035	-0.778662342486982	1.16581402072674	1	-1	0.865155752004515
chr1	65218842	65228136	1.22413217372694	4.67229761534429	5	2	0.988977267005799
chr1	103617454	103758606	-0.931215854447933	1.0488323906842	1	-1	0.910916181315404
chr1	121629147	121969146	-1.2032116993202	0.868614716328764	1	-1	0.874431574003887
chr1	143189147	143289146	-2.26687753126449	0.41555820556139	0	2	0.68794628096179
chr1	145326419	145354070	-1.05987602608932	0.959346554511295	1	-1	0.911901821377201
chr1	145354170	145358817	-0.764848314209883	1.17703048437839	1	-1	0.857198984309637
chr1	146088484	146096582	2.31732723950527	9.96816009746012	10	2	0.99974081350146
chr1	148536244	148591629	-0.849529920850287	1.10993106647524	1	-1	0.894388738459761
chr1	182858118	182883874	0.556506669793711	2.94140750412744	3	1	0.938037465853776
chr2	55222189	55302126	0.373566480726609	2.59110320637185	3	1	0.485468942931402
chr2	95848829	95940034	-0.803134414446304	1.14620538994978	1	-1	0.877254735707598
chr2	97504815	97571005	-0.737057726400508	1.19992336900877	1	-1	0.838308554624436
chr2	171690075	171747887	0.41065269206547	2.65857412610727	3	1	0.67450733877561
chr3	10202	485969	0.552861199663864	2.93398439886954	3	1	0.936925969823327
chr3	5178161	5184814	8.13390985061268	561.798845935191	562	2	0.999999999999966
chr3	75348408	75594964	0.5998643755892	3.03114816842571	3	1	0.944867398284149
chr3	98133074	98490714	0.463046397376671	2.75689896697758	3	1	0.846629862195522
chr3	156019674	156047434	8.33185125054262	644.417226598864	644	2	0.999999999999988
chr3	183971426	187141578	0.385132951967065	2.61196026901988	3	1	0.54795391804877
chr3	195619414	195726600	-0.740784953962327	1.19682734729017	1	-1	0.841087082353159
chr3	195729613	198228341	0.384753486929302	2.61127334819663	3	1	0.545932574701532
chr4	868529	1841505	0.388224825463268	2.6175640248085	3	1	0.564316433161168
chr4	4104550	4157180	5.00752303520067	64.334604171208	64	2	0.999999955844769
chr4	9160776	9350088	1.05403997432509	4.15267214319468	4	2	0.783252945964728
chr4	34783187	34833186	-5.66212308073296	0.0394967270961429	0	2	0.769803909136557
chr4	54723519	54727332	2.69996674066433	12.9957387394921	13	2	0.999908416909636
chr4	68474618	68638740	-3.07077280383001	0.238031959537483	0	2	0.606328047783706
chr4	190060254	190066967	-1.14797088873453	0.902518938659248	1	-1	0.895166846940837
chr4	190067738	190092527	0.560941268693071	2.95046280003304	3	1	0.939252191385994
chr4	190092728	190196187	-0.719720272754944	1.214430330078	1	-1	0.824268377528024
chr5	17491204	17685659	0.782546516239722	3.4403289504644	3	1	0.895313141289781
chr5	70201829	70478602	0.807999260806108	3.50156352467993	4	1	0.87437368317885
chr5	80331635	80360170	2.36727004968859	10.3192774299619	10	2	0.999772892498804
chr5	103005017	103011255	0.822701851625128	3.53743061787462	4	1	0.859367414391619
chr5	112827227	112836688	6.06409043322819	133.814480528334	134	2	0.99999999938706
chr5	171391180	171410525	1.25288820256017	4.76636092876135	5	2	0.992985027414862
chr5	178749343	178802648	0.536093538551414	2.90008168930994	3	1	0.930286792453501
chr6	29807500	29985606	2.20660016730617	9.23172447863108	9	2	0.999653959144917
chr6	31166958	31312275	1.17177332490633	4.50576891555373	5	2	0.971240232519872
chr6	31312276	31367419	-0.793990142583356	1.15349348643947	1	-1	0.873012736223143
chr6	31869475	31880461	0.561416110588046	2.95143406138242	3	1	0.939373760419311
chr6	31980662	32045432	-0.993240450619964	1.00469635606871	1	-1	0.914840612212397
chr6	32255707	32396616	-1.06887175560558	0.953383289898147	1	-1	0.910919280118652
chr6	32443676	32750107	7.38954074250108	335.353940154815	335	2	0.999999999998567
chr6	33092941	33174676	0.64570304441307	3.12900300567846	3	1	0.943543473070404
chr6	36799893	38308680	0.60264284543499	3.03699144689139	3	1	0.944993614883336
chr6	38886788	43525318	0.561284895288634	2.95116563619063	3	1	0.939340326557036
chr6	44229300	45448302	0.88495335290424	3.69340982084844	4	1	0.762923390199494
chr6	110888893	110893664	1.05457696564439	4.15421811368061	4	2	0.784849233703913
chr6	137871517	137881396	1.672324425879	6.37455408622666	6	2	0.998706770377841
chr6	165502665	165565467	0.717062756071883	3.28766375679353	3	1	0.928399369419084
chr7	6796504	6822434	1.12781257622457	4.37054313237861	4	2	0.934456615752899
chr7	35117809	35150141	-1.03366551909316	0.976934999712339	1	-1	0.913948917869311
chr7	50319018	50410974	6.99031245735121	254.286746020354	254	2	0.999999999990363
chr7	61080237	61210236	-1.50124981237659	0.706494477065593	1	2	0.453724434103148
chr7	61380237	61610236	-0.951030230429959	1.03452590369397	1	-1	0.912889388803322
chr7	61610237	61730236	1.00314909532233	4.00874068222727	4	2	0.607150086782698
chr7	92813890	92844347	7.6062280962468	389.702154199197	390	2	0.999999999999506
chr7	103197285	103277703	-0.635612397205786	1.28733506372882	1	-1	0.720907484254147
chr8	64084	398959	-0.498530089508507	1.41565518838849	1	2	0.364432732961594
chr8	6967130	7362983	0.384817135237861	2.61138855397012	3	1	0.546271804389132
chr8	7372994	7552156	-0.923414880093622	1.05451902229629	1	-1	0.909942797644514
chr8	7779222	7977614	-1.03427512846211	0.97652228399262	1	-1	0.913914712041501
chr8	12111426	12303924	-1.2541070714697	0.838505951332983	1	-1	0.845020313763927
chr8	39375698	39648558	5.9460506677328	123.30185274379	123	2	0.99999999898724
chr8	60780950	60816090	7.4621361672808	352.660495799841	353	2	0.999999999998995
chr8	73013647	73027202	0.849782752152344	3.60445903307293	4	1	0.824769122505431
chr8	86461106	86466884	0.702752052683942	3.25521323829118	3	1	0.932822909014399
chr8	94739418	94761697	0.977722820009404	3.93870896840075	4	2	0.511262949847446
chr9	21968066	21974385	1.92575944495451	7.59873594373928	8	2	0.999297037615285
chr9	36840509	37034074	6.8099324074391	224.400550887331	224	2	0.999999999977716
chr9	105521091	105526500	1.11949891361566	4.34542990450935	4	2	0.923864650606836
chr10	37149806	37211578	-0.932719957689711	1.04773948463709	1	-1	0.9110908392239
chr10	39511403	39631402	-0.713597849886799	1.2195950078524	1	-1	0.818839972291928
chr10	47483864	48053737	0.594818105312841	3.02056431500383	3	1	0.94455859071523
chr10	48057264	48180982	-0.572229242502271	1.34515344827832	1	-1	0.577284685468487
chr10	87864277	87964934	7.33926157838063	323.867878754996	324	2	0.999999999998172
chr10	94733241	95099639	0.420194643867417	2.67621615186388	3	1	0.715328272614375
chr10	133664443	133752271	-1.05987602608932	0.959346554511295	1	-1	0.911901821377201
chr10	133753051	133761113	0.407636823416395	2.65302233901154	3	1	0.660769908454446
chr10	133761200	133778707	-0.98052159128632	1.01359295961651	1	-1	0.914565627828327
chr11	55467143	55727206	0.783251972781611	3.44201163181872	3	1	0.894807903875921
chr11	56041635	56081705	3.72610293599795	26.4666361119254	26	2	0.999995905083623
chr11	57917347	57938388	5.45359017140959	87.6444098993694	88	2	0.999999992296151
chr11	96542402	96592401	-1.0112103172869	0.992259711692779	1	-1	0.914776688684818
chr11	124059292	124093942	1.11460480480821	4.33071371398617	4	2	0.916960360879851
chr12	9480523	9593660	-2.52960939949867	0.346371132113799	0	2	0.655231679256747
chr12	11062532	11164481	-1.52664017150997	0.694169473575178	1	2	0.503979498654931
chr12	43796896	43804659	1.43340227823825	5.40165791815381	5	2	0.997741084481058
chr12	56107061	56117475	0.533677957260764	2.89522999064863	3	1	0.929092900879348
chr12	64566693	64611410	6.63723532796559	199.084256547472	199	2	0.999999999950941
chr12	111403225	111439011	6.90568309290633	239.799209537781	240	2	0.999999999985694
chr13	18171403	18409024	1.38967767763754	5.24040269044364	5	2	0.997450693929732
chr13	19072754	19131386	1.21504214808465	4.64295129856801	5	2	0.98709750751219
chr13	27075271	27116660	1.39411672562183	5.25655178867259	5	2	0.997485288928028
chr13	29389825	29980696	0.805459093384522	3.49540371157733	3	1	0.876733638500801
chr13	40959256	41017372	7.00332008166893	256.589812552557	257	2	0.999999999990933
chr13	48304140	48479697	6.61532695077416	196.083856098454	196	2	0.999999999945826
chr13	52218390	52279999	0.828337400449032	3.55127578233651	4	1	0.852958736849164
chr13	57124747	57169212	1.33858331405609	5.05805706667451	5	2	0.996868758784253
chr13	75240450	75310247	0.694217412685424	3.23601302059714	3	1	0.935096729217657
chr13	82011178	84631725	0.387986072878151	2.61713087819673	3	1	0.56306020877421
chr13	87718475	88428474	1.057021236346	4.16126231905791	4	2	0.792026509869702
chr13	90881387	93477845	0.606676608125903	3.04549473037495	3	1	0.94512393593449
chr13	99984944	100821698	0.479829685577642	2.78915804489674	3	1	0.877580112363213
chr13	107084229	111787595	0.646866050967255	3.13152642059109	3	1	0.943424070758091
chr14	18464051	19484470	-0.512841882966365	1.40168106263092	1	2	0.376568062721228
chr14	19484471	19698966	0.613737251485913	3.06043611188167	3	1	0.945208303601372
chr14	19698967	19966874	-0.497586598286011	1.41658129892982	1	2	0.363286340935919
chr14	35625252	35760891	0.736117707488225	3.3313748746919	3	1	0.921174551219481
chr14	104944252	104952904	-0.549139968850386	1.36685483460036	1	-1	0.502051377553888
chr14	106012257	106108525	-2.04326276495877	0.485228849781204	0	2	0.719163818953987
chr14	106675619	106762254	1.22384355463908	4.67136298996756	5	2	0.988923024683149
chr15	19780202	22564583	-0.967172801914982	1.02301492857281	1	-1	0.913988892717109
chr15	44322849	44332247	-0.75357480449829	1.18626406727523	1	-1	0.850028724715764
chr15	82812954	82819574	-1.45897200697858	0.727504457655942	1	-1	0.540097407262983
chr15	84170252	84527015	0.457744306675686	2.74678560237015	3	1	0.834742112567154
chr15	92832588	92915320	6.4204191376785	171.304487866092	171	2	0.999999999870295
chr16	46388210	46554077	-0.698396108828076	1.23251387787656	1	-1	0.804186983822033
chr17	62040	2283823	0.752006322362256	3.3682665752488	3	1	0.913795816469731
chr17	7670087	7672818	3.71327617743268	26.2323686683114	26	2	0.999995730723888
chr17	12024637	12141397	7.19236012119178	292.513646456516	293	2	0.999999999996295
chr17	18900186	19242559	0.525024314930502	2.87791566350137	3	1	0.92423440619882
chr17	31094279	31373680	6.29784296956445	157.351047169686	157	2	0.99999999977731
chr17	41249734	41271555	-0.766546183367478	1.17564608351467	1	-1	0.85822464896265
chr17	46337327	46704895	0.85347422877866	3.61369370388719	4	1	0.819250343659158
chr18	51047024	51088732	4.83187446683005	56.9598904636936	57	2	0.999999914264984
chr19	1208034	1226795	4.92809994294586	60.8885876064617	61	2	0.999999940294346
chr19	4885131	4893153	5.56209545196748	94.4903734537506	94	2	0.999999995028107
chr19	4893408	4921971	5.76408866464518	108.690999233195	109	2	0.999999997829835
chr19	54697686	54735843	1.13605068932749	4.39557130671507	4	2	0.943642236820518
chr19	54736022	54803990	-1.05987602608932	0.959346554511295	1	-1	0.911901821377201
chr19	54804788	54817564	0.582628309873133	2.99515011105172	3	1	0.943351564768687
chr19	54818359	54852193	-1.09050639424501	0.939193029203383	1	-1	0.907934888315249
chr20	6200249	6214618	2.54150843533697	11.6439483123953	12	2	0.999857993601766
chr20	13919318	13956205	0.941803940562819	3.84185731943293	4	1	0.612020861641735
chr21	8526388	9177794	-0.840489423671224	1.11690817092085	1	-1	0.891569778224011
chr21	10327003	10598125	0.630603416940235	3.09642481686333	3	1	0.944727033594382
chr22	10510202	10696258	-1.05509666200717	0.962529950474207	1	-1	0.912364509419019
chr22	11319687	12052641	-0.631159080639725	1.29131495393361	1	-1	0.713209299216772
chr22	16312841	16398156	1.16666336534949	4.48983791913549	4	2	0.968308162794686
chr22	18202302	18536016	0.424159401190053	2.68358093817842	3	1	0.731052080353322
chr22	23786710	23831850	5.33795390340688	80.8936135693084	81	2	0.999999987784203
chr22	23926873	23993864	0.438633774962841	2.71064047599523	3	1	0.78210067325752
chr22	41160869	41168971	2.88901586447649	14.8152992747525	15	2	0.999946509718657
chrX	2794523	21764540	0.76740944929415	3.40442098496527	3	1	0.905257788956339
chrX	21764541	37546163	0.944824051221006	3.84990821512798	4	1	0.602176267613966
chrX	37546164	44876881	0.761088349991585	3.3895373071599	3	1	0.908940676086127
chrX	44877054	46613570	5.23554247940475	75.3503589523312	75	2	0.999999981714394
chrX	46620872	49336327	0.789767109316901	3.45759072988065	3	1	0.889952048562016
chrX	49594078	58550623	0.897807896440609	3.72646548279252	4	1	0.734621281750816
chrX	62470624	120878842	0.965212924819699	3.90470328886036	4	1	0.531690303915677
chrX	120930192	120956007	-1.05987602608932	0.959346554511295	1	-1	0.911901821377201
chrX	120959378	124364504	0.952097043799726	3.86936558503979	4	1	0.577797790312917
chrX	124365706	136737569	0.910063387357203	3.75825611885547	4	1	0.704506824506023
chrX	136743556	155685512	0.950944867074631	3.86627663477899	4	1	0.581720683176056
