Chromosome	Start	End	Segment	CNF	CN	Call	ProbCall
chr1	12080	19169	0.806468713878881	3.49785070574233	3	1	0.911167405344248
chr1	16483630	16951246	0.520049028999626	2.86800796165534	3	1	0.878807633279996
chr1	25258956	25385885	-0.669961605394676	1.25704682800524	1	-1	0.768550075240172
chr1	121729147	121969146	-1.06269935772503	0.957470964154436	1	-1	0.890066718505189
chr1	143189147	143269146	-2.65478677907619	0.317584679111992	0	2	0.540369115149708
chr1	144383870	144593456	-0.679079487663968	1.24912730102747	1	-1	0.780643316582292
chr1	145332008	145352828	-0.928852254968749	1.05055212454905	1	-1	0.890117093732214
chr1	145353430	145372716	0.837627152178099	3.57421681512112	4	1	0.883349750113032
chr1	146067370	146087661	-0.663984464916144	1.26226562424087	1	-1	0.759877097186325
chr1	146088484	146098060	1.24286793482608	4.73337077156318	5	2	0.984769835857399
chr1	158808424	158839277	3.75710773200087	27.0415835326033	27	2	0.999955484152863
chr1	182853886	182883568	0.667930629954936	3.17758480683166	3	1	0.953316942459066
chr2	70229190	75672053	0.468769483216634	2.76785714285714	3	1	0.775605628594935
chr2	86865614	86878974	-1.18930547388931	0.87702782863289	1	-1	0.866136671017422
chr2	86879429	87187317	0.44368044473109	2.72013913043478	3	1	0.697812166557157
chr2	95848829	95982361	-0.672089817418236	1.25519384463575	1	-1	0.771491706157413
chr2	97515790	97576429	-1.40101842175393	0.757323487623133	1	-1	0.732697244666573
chr2	174350539	174387854	-1.12761313372485	0.915344589694561	1	-1	0.881169675900426
chr3	5178161	5184814	7.82148499961497	452.409370021708	452	2	0.999999999952717
chr3	52256113	52267104	0.566319788088332	2.96148296619337	3	1	0.925088947622429
chr3	75356606	75813622	0.453467864734462	2.73865562580089	3	1	0.730443104201033
chr3	98149921	98498495	0.565795911307406	2.96040777672596	3	1	0.924734073609448
chr3	155922139	156131246	0.870364719583406	3.65625	4	1	0.840050829152165
chr3	156131247	160285921	0.449096409702527	2.73036988968203	3	1	0.71622568004622
chr3	160377363	195483103	0.452319556183038	2.73647666880584	3	1	0.726764732305357
chr3	195750877	198228341	0.483637234476046	2.79652889015123	3	1	0.812741643659057
chr4	4104550	4157180	5.30692773485168	79.1725127551025	79	2	0.999999533356924
chr4	9225078	9272867	-1.07551513026697	0.949003208325825	1	-1	0.888805067205626
chr4	9325132	9358652	1.4062131849541	5.3008113035101	5	2	0.99116023314457
chr4	9358659	9483824	-0.888908706799043	1.08004490250676	1	-1	0.885344029456208
chr4	34783187	34883186	-1.29858892604503	0.813047234395511	1	-1	0.817494741410183
chr4	54723519	54727332	2.43254922516108	10.7969298174459	11	2	0.998882173771413
chr4	190069025	190196187	1.49139913069734	5.62323028783339	6	2	0.992460234916035
chr5	17491204	17685659	1.01714730661442	4.04782608695653	4	2	0.620919829205498
chr5	34154738	36038148	0.833801001702497	3.56475024546156	4	1	0.887375205361534
chr5	69632197	70414337	-0.78475266190712	1.16090292449683	1	-1	0.858205718263222
chr5	70487640	71003802	-0.739036591256716	1.19827862886164	1	-1	0.834891136343538
chr5	72891729	72905396	0.817641377573303	3.52504427381907	4	1	0.902415929147877
chr5	80331635	80360170	2.33514631198786	10.0920427107511	10	2	0.998617613665906
chr5	103005017	103011255	0.531098636716559	2.8900583816962	3	1	0.893029691941642
chr5	112827227	112836688	5.94095250299794	122.86690027155	123	2	0.999999943356741
chr5	171391180	171410525	1.3342278664886	5.04280999012978	5	2	0.98971936068293
chr6	29727966	29807499	-0.899911219241122	1.07183941950327	1	-1	0.886905887704399
chr6	29807500	29942597	0.772476292685856	3.41639856441088	3	1	0.931209793127446
chr6	29942602	30046389	-1.50816109978585	0.703118081285833	1	-1	0.584960977450621
chr6	31114771	31129770	-2.73873302429757	0.299632698270914	0	2	0.532181016503986
chr6	31164505	31180877	-0.863649832121103	1.09912096151123	1	-1	0.880975732196507
chr6	31180878	31312275	0.754504307825931	3.3741036850384	3	1	0.938625104678779
chr6	31312276	31356454	-4.15213885004086	0.112489414326627	0	-2	0.513091445447469
chr6	31356512	31387419	1.85660442330606	7.2430855894177	7	2	0.996264757418465
chr6	31387420	31425403	-1.29628052124479	0.814349203571717	1	-1	0.81889835611318
chr6	32292958	32490364	-0.855823172300316	1.10509992596882	1	-1	0.879382649125025
chr6	32490365	32706911	3.23687996892181	18.8550617336099	19	2	0.999829986584805
chr6	32756406	32805175	0.708971078205046	3.26927577392654	3	1	0.950173746212609
chr6	33092941	33176788	0.548243497509025	2.92460846942869	3	1	0.910874198016649
chr6	110888893	110893664	1.17981390968261	4.53095106526874	5	2	0.969422592349755
chr6	137871517	137881396	1.76669073114695	6.80545080312203	7	2	0.995539411382826
chr6	165502665	165565467	0.646363045385299	3.13043478260869	3	1	0.952278363877313
chr7	50319018	50410974	6.9819231246878	252.812348836061	253	2	0.999999998693868
chr7	61110237	61520236	-1.25522496379871	0.837856474988313	1	-1	0.840868141041293
chr7	92813890	92834147	7.74276327819029	428.384739810013	428	2	0.999999999934772
chr7	102480350	102667259	0.920464153365904	3.78544827040116	4	1	0.732878473110065
chr7	103197285	103243126	-1.22108619331035	0.857919272810795	1	-1	0.855315524287626
chr7	142407702	142671152	-0.61512201067084	1.30574935343039	1	-1	0.661261467423744
chr8	3617037	4332359	-0.702744774192845	1.22880434782609	1	-1	0.806559024618686
chr8	7254144	7361233	1.6022393441624	6.07228432474738	6	2	0.993876364746023
chr8	7592443	7774055	0.893962344780342	3.71654569163052	4	1	0.796737251943532
chr8	7779222	7985294	-0.550307151799122	1.36574945582347	1	-1	0.44419118330634
chr8	7985468	8015446	1.41430751220196	5.33063541070079	5	2	0.991294967041953
chr8	12359184	12416782	-2.00964964836297	0.496666846258688	0	2	0.616985120395579
chr8	39375698	39668206	3.03352295043855	16.3761344878189	16	2	0.999720306597595
chr8	60780950	60816090	7.35285695675643	326.934305203746	327	2	0.999999999689178
chr8	73013647	73026933	0.741996670345441	3.34497787963685	3	1	0.942746091985293
chr9	21968066	21974385	2.02179183770184	8.12175685758322	8	2	0.997324680393775
chr9	36840509	37034074	6.75739499675849	216.375748008932	216	2	0.999999996958111
chr9	41753276	42355236	-0.613049957090119	1.30762606777922	1	-1	0.655819463876568
chr9	42860442	42910844	-0.790668533013138	1.15615230828651	1	-1	0.860538309041742
chr9	65875688	65918957	0.875897100706052	3.67029773828893	4	1	0.830918600616244
chr9	105521091	105526500	1.08173335893812	4.23315512911412	4	2	0.843744610374572
chr10	37149615	37199805	-1.2293973791307	0.852991115981465	1	-1	0.852084752504554
chr10	46009306	46868209	0.806117004309685	3.49699808090775	3	1	0.911423260487239
chr10	47483864	48053737	1.02047161269552	4.0571639771802	4	2	0.634626895040008
chr10	87864277	87964934	7.53619037728622	371.235374011521	371	2	0.999999999849831
chr10	94694802	95067776	0.546672773774362	2.92142605595413	3	1	0.909430873855179
chr10	133389782	133778707	0.593724662690886	3.01827584629897	3	1	0.939747546526382
chr11	1608345	1630553	0.793851478821295	3.4673932778227	3	1	0.919661232101355
chr11	5765929	5788439	-6.4571338328933	0.0227634993803676	0	2	0.761877515090416
chr11	55683518	55727206	4.18097093531621	36.2766903675845	36	2	0.999986078765531
chr11	56041635	56071505	6.42003598588891	171.258998761168	171	2	0.999999989521679
chr11	57917347	57928388	5.56109915181814	94.4251425684938	94	2	0.999999796187294
chr11	100859586	100933191	0.727640689419435	3.31185770750988	3	1	0.94655259514902
chr11	110247763	110272534	0.688586601371126	3.22340753878461	3	1	0.952546786848733
chr12	9249787	9680197	0.416777993544749	2.66988572455722	3	1	0.594366918032507
chr12	10422223	10442342	-1.40031162616859	0.757694601422405	1	-1	0.733455289833765
chr12	31114708	31615139	0.454064360114755	2.73978818198337	3	1	0.732337962996466
chr12	43796896	43804659	1.61038031072375	6.10664640471608	6	2	0.993970253666225
chr12	56107061	56114006	0.62439951833332	3.08313811326704	3	1	0.949016725550587
chr12	63597671	63644414	-0.862696270044741	1.09984767539167	1	-1	0.880788017829217
chr12	64541653	64611410	6.5101315625166	182.295048162667	182	2	0.999999992439583
chr12	88055511	88139178	-0.559131038214755	1.35742168134009	1	-1	0.478131968711218
chr12	111403225	111439011	6.70473852899269	208.620703692101	209	2	0.999999996300597
chr13	18171403	18507492	0.51004715599451	2.84819348585211	3	1	0.863803855292031
chr13	19082754	19131386	1.16404843510565	4.48170731707319	4	2	0.961107804031467
chr13	27075271	27116660	1.42082349097119	5.35476584971318	5	2	0.991401249089139
chr13	40958871	41017372	7.12217895909185	278.624624912991	279	2	0.99999999923666
chr13	48304140	48479697	6.85033369499053	230.773490104395	231	2	0.99999999785166
chr13	52218390	52279999	0.763569455980784	3.39537155257626	3	1	0.935120224897362
chr13	52532562	52587486	1.07848147622204	4.22362420188509	4	2	0.835385301564654
chr13	57141246	57169212	1.88930055268847	7.40911153927285	7	2	0.996500767169592
chr13	75302095	75310247	1.76580272596302	6.80126321258548	7	2	0.995531652617895
chr14	18601061	19639708	-1.1610559067488	0.894370242828418	1	-1	0.87391610866949
chr14	19639709	19966874	-0.616354665928113	1.3046341826208	1	-1	0.664446412163677
chr14	35654227	35760891	0.787743003332711	3.45274311988435	3	1	0.923301071995621
chr14	106373753	106675418	-0.620518065110595	1.30087463349951	1	-1	0.67491601474557
chr14	106675619	106762254	0.881925564712633	3.68566657936093	4	1	0.820279342817134
chr15	19780202	22564583	-1.33239470693261	0.794217080520166	1	-1	0.794625450573839
chr15	82812954	82819574	-3.22457737647143	0.213961425166733	0	-2	0.503214623318843
chr15	92832588	92915320	6.67052642618048	203.731666095217	204	2	0.999999995801222
chr15	101775696	101978886	0.501796071331941	2.83195054461619	3	1	0.849735805318467
chr16	46388210	46518003	-0.800649362164831	1.14818143812709	1	-1	0.864196004143087
chr16	74360587	74431481	0.807504685659806	3.50036334762407	4	1	0.910407079350982
chr17	1056946	2313998	0.662629221295789	3.16592970164669	3	1	0.953242891785203
chr17	7670087	7674149	2.18488240489235	9.09379451396377	9	2	0.99809430978004
chr17	12024637	12141397	7.20864360848971	295.83390747675	296	2	0.999999999453724
chr17	19030573	19242559	0.736770327526251	3.33288220212752	3	1	0.944240909308073
chr17	21883115	21983114	-4.73266920600163	0.0752236851058038	0	2	0.519298948496993
chr17	31095295	31373680	6.23940716377982	151.104955439114	151	2	0.999999980013898
chr17	36319901	36453312	-1.01605431106505	0.988933686716136	1	-1	0.892767349049332
chr17	66665784	68115966	0.516944077292506	2.86184210526316	3	1	0.874377949853255
chr18	51007323	51078532	4.5875629317748	48.0865971311632	48	2	0.99999569918725
chr19	1208034	1226795	4.94759494961171	61.7169537574939	62	2	0.999998552213528
chr19	4885131	4921971	5.6898539416935	103.239692674828	103	2	0.999999867194171
chr19	15464215	21760972	0.554624560855352	2.93757270906515	3	1	0.916378292118914
chr19	27248209	27578208	1.05462201203308	4.15434782608695	4	2	0.76381809971657
chr19	27578209	32772893	0.528959124202706	2.88577561004722	3	1	0.890455387187724
chr19	34444937	37891894	0.671271195297194	3.18495104038805	3	1	0.953305512376885
chr19	37892567	39290282	0.412547663125031	2.6620684412425	3	1	0.576566030444258
chr19	43802658	45138634	0.456014158742425	2.74349350194778	3	1	0.738455838002819
chr19	54697686	54739706	1.49139913069734	5.62323028783339	6	2	0.992460234916035
chr19	54747401	54786503	-2.17235451952863	0.443696623797181	0	2	0.598066692384403
chr19	54786508	54909550	0.806549788111343	3.49804727779781	3	1	0.911108264122235
chr20	6200249	6285426	0.976687308922636	3.93588292872082	4	1	0.538714844923401
chr20	6285427	9734599	0.413442139908233	2.66371944624703	3	1	0.580357603546257
chr20	9734600	14563791	0.905016965421943	3.74513303049967	4	1	0.772206867033676
chr22	11216608	11289686	0.75110020194552	3.36615171606684	3	1	0.939825720490559
chr22	11289687	11962641	-0.609536232536876	1.3108147094677	1	-1	0.64633745630917
chr22	15514861	15965285	-0.856231426478664	1.10478724877746	1	-1	0.879468736224283
chr22	18202302	18887005	0.603685729565326	3.03918759723594	3	1	0.943460070219289
chr22	23786710	23831850	5.25033795909596	76.1270864522476	76	2	0.999999440583356
chr22	41160869	41173780	0.706577957606007	3.26385724430866	3	1	0.950535912877192
chrX	10202	270201	-1.1616589255473	0.893996491372612	1	-1	0.87376659591441
chrX	2789563	31998803	0.620765678772411	3.07538212118321	3	1	0.948231877268865
chrX	32075816	37546163	0.705372742145726	3.26113178363457	3	1	0.950709782371996
chrX	37546164	44876881	0.620037681353472	3.07383064606159	3	1	0.948065508095074
chrX	44877054	45111334	7.48780496726014	358.991274148219	359	2	0.999999999817837
chrX	45111353	49336327	0.602109807335575	3.03586956521739	3	1	0.942921779742747
chrX	49594078	56596032	0.582019512105084	2.99388646490934	3	1	0.934359588444463
chrX	56596033	58550623	0.828520561237308	3.5517266716409	4	1	0.892626776587217
chrX	62470624	77305719	0.633520980839951	3.10269305645684	3	1	0.95066740266105
chrX	77305720	77717095	7.22092101214518	298.362210881892	298	2	0.999999999479181
chrX	77717102	119932248	0.635376958877444	3.10668713397976	3	1	0.950950016821566
chrX	119934454	120985191	0.706081869583722	3.26273512072226	3	1	0.95060817006061
chrX	120985392	124364504	0.621218630283278	3.07634782608695	3	1	0.948333833977864
chrX	124365706	134897102	0.581048191807747	2.99187145557656	3	1	0.93385771548594
chrX	134899024	136097718	0.762539729551554	3.39294896410425	3	1	0.935541693078252
chrX	136097919	155695512	0.624833483516432	3.0840656660836	3	1	0.949105462929551
