Chromosome	Start	End	Segment	CNF	CN	Call	ProbCall
chr1	12080	24855	0.877316989738643	3.67391179442389	4	1	0.788905927426477
chr1	1709397	1713649	1.3656017761174	5.15367576800379	5	2	0.999617407492389
chr1	12793165	13005644	-0.85212171289724	1.10793887271264	1	-1	0.850913914818017
chr1	25246375	25390915	-0.930971631324689	1.0490099547549	1	-1	0.865072139016353
chr1	109681709	109700399	-3.3920336301814	0.190513662740459	0	2	0.536713158549168
chr1	145304117	145310878	-1.6184542570834	0.651368447949602	1	2	0.520350665942891
chr1	145326419	145360814	-0.81377560834436	1.13778218070465	1	-1	0.839513833801867
chr1	146088484	146328246	0.622162933105157	3.07836208050678	3	1	0.94784061433868
chr1	158724131	158809077	0.413501742717134	2.66382949614409	3	1	0.643453091454081
chr2	26194578	26239163	0.58984944349814	3.01017934269201	3	1	0.943400328805486
chr2	55222189	55254804	0.423825113363647	2.68295919589129	3	1	0.685552987906114
chr2	95848829	95960527	-0.87303282414863	1.09199570041388	1	-1	0.855792305376123
chr2	97504815	97576429	-0.845387632542731	1.11312249716453	1	-1	0.849151494586313
chr2	97578868	98625885	0.461043565836833	2.75307433799026	3	1	0.805691753122701
chr2	171517245	171785595	0.419688149278203	2.6752767633926	3	1	0.66910352508524
chr2	230185943	230444394	0.642551625866359	3.12217548100069	3	1	0.94817068013571
chr3	5178161	5184814	8.3157892880362	637.28252379917	637	2	1
chr3	52256113	52267104	0.493888406858604	2.81647059007071	3	1	0.87231311683241
chr3	93714064	93906186	0.667611739809314	3.17688251807869	3	1	0.946432287788566
chr3	98149921	98391234	1.09110491845215	4.26074266025488	4	2	0.892648321811193
chr3	155922139	156121046	1.07319805677467	4.20818478726938	4	2	0.853384283360796
chr3	160100986	160280822	0.468264647547975	2.76688876872213	3	1	0.823227147154585
chr4	9160776	9364635	1.49960476805179	5.65530474440539	6	2	0.999817516256683
chr4	9367841	9469954	-0.681323896824015	1.24718553713713	1	-1	0.761902177627558
chr4	68655018	68669987	0.596807437321551	3.02473224367204	3	1	0.944831838755796
chr4	70143075	73102611	0.917584419317525	3.7778997508016	4	1	0.691884565136824
chr4	190066847	190196187	1.59312974473397	6.03406293888008	6	2	0.999867740221981
chr5	17491204	17655459	5.45481924329725	87.7191084154582	88	2	0.999999999998216
chr5	34124738	34233813	1.40965740946321	5.31348133718333	5	2	0.999731144627503
chr5	70274338	70478602	0.446029327008534	2.72457145362477	3	1	0.763352424423373
chr5	72893474	72905396	1.36562059452136	5.15374299259545	5	2	0.999617483674083
chr5	80331635	80360170	2.66482943715701	12.6830466419854	13	2	0.999997669316661
chr5	103005017	103011255	0.726622819215208	3.30952190384151	3	1	0.933295348721242
chr5	112827041	112836688	6.01534034095932	129.368300357754	129	2	0.999999999999943
chr5	171389950	171410525	1.2103920821278	4.6280103219671	5	2	0.991657217100163
chr5	178767282	178822648	0.793610417197808	3.4668139553734	3	1	0.897416258106184
chr6	29791232	29797299	-2.70208197461954	0.307342252984262	0	2	0.59414462571512
chr6	29826895	29945584	2.05407596249903	8.30555146662797	8	2	0.99997444292958
chr6	30260436	30263641	-2.42807206904669	0.371627181210193	0	2	0.636806368234992
chr6	31166958	31272075	1.54343392997306	5.82974964849539	6	2	0.999843251261059
chr6	31272276	31356454	-0.555670517378355	1.36068156931294	1	-1	0.519788524352757
chr6	31869475	31880461	0.877864797370451	3.67530708519138	4	1	0.787822149714234
chr6	32442878	32805175	7.78737204304257	441.837495027613	442	2	1
chr6	33092941	33176788	0.853123803969461	3.61281605884768	4	1	0.831070551072902
chr6	42187754	42208984	-0.523999020109528	1.39088291640891	1	-1	0.40708282267341
chr6	71302250	71381562	-1.29717510732668	0.813844398589665	1	-1	0.788559035439852
chr6	110888893	110893664	1.08312072401383	4.23722789305389	4	2	0.876265700011392
chr6	137871517	137881396	1.68062392291931	6.4113311322645	6	2	0.999902152692896
chr7	35090271	35162006	-0.840516445493564	1.11688725131507	1	-1	0.847815722590022
chr7	50239370	50400774	7.05089673575043	265.192605015153	265	2	1
chr7	63496149	65715772	1.05716094462994	4.16166530856794	4	2	0.810368915507319
chr7	65718113	68400382	0.468875480130391	2.76806050883852	3	1	0.824630180355574
chr7	92813890	92834147	7.77309209000622	437.485712000835	437	2	1
chr7	99649912	99861962	0.378549742918228	2.60006869950633	3	1	0.481327667180186
chr8	7257550	7566103	0.645358325726497	3.12825544855637	3	1	0.94808904526819
chr8	7567218	7611078	-0.747634823571622	1.19115831840798	1	-1	0.810386906438717
chr8	7675164	7774055	1.08378101070708	4.23916761382078	4	2	0.877688228123125
chr8	12110800	12186749	1.16951386138535	4.49871777014313	4	2	0.978494624462101
chr8	21535390	22441501	1.56350304745883	5.91141312158042	6	2	0.999853648140605
chr8	25435478	25468492	0.76080876029299	3.38888048928467	3	1	0.918595206961134
chr8	36976181	39283649	0.573968536017313	2.97722557880361	3	1	0.938934673571737
chr8	39284724	39692784	2.01299965912288	8.07241116342394	8	2	0.999970241895328
chr8	39706753	43957107	0.634588191901646	3.10498907416933	3	1	0.948239495335282
chr8	45957108	47807398	0.962580406161374	3.89758478403145	4	1	0.54073588604277
chr8	60780950	60816090	7.45910890005545	351.921269406767	352	2	1
chr8	69098525	74351503	0.766677011030159	3.40269304159123	3	1	0.915385977389073
chr8	141150730	145054157	0.384330695463132	2.61050820913319	3	1	0.509394101359421
chr9	21968066	21974385	1.84675358332016	7.19379766982456	7	2	0.999945531769968
chr9	34838268	34895641	0.517900092393044	2.86373915966246	3	1	0.903107186583873
chr9	36840509	37034074	6.67821487652808	204.820296733513	205	2	0.999999999999999
chr9	105521091	105526500	1.20121343626266	4.59865968014602	5	2	0.989639525025624
chr10	47062	27028954	0.601529260872951	3.0346481644893	3	1	0.945642336472992
chr10	27029238	27907819	0.443486225192191	2.7197729625383	3	1	0.755364764369648
chr10	37144867	37199805	-0.986984195346067	1.00906268801675	1	-1	0.868792981073366
chr10	45706419	45841798	-0.801850220335244	1.14722612231671	1	-1	0.835240660506357
chr10	47744914	48011647	0.655901809164933	3.15120106394685	3	1	0.947524374705065
chr10	87864277	87964934	7.23284419008269	300.838248029349	301	2	1
chr10	133664925	133778707	2.1741767979817	9.02656321032065	9	2	0.999983726700059
chr11	100859586	100933191	0.948968216221513	3.86098303786421	4	1	0.59076412846534
chr11	110247763	110272534	0.835642084815099	3.56930227533125	4	1	0.855355022182663
chr11	123940549	123995018	0.533288550460766	2.89444862655374	3	1	0.917025549815097
chr12	9480523	9573221	-2.55932309484412	0.339310247156813	0	2	0.615128445333749
chr12	11022417	11134281	-0.675062304089301	1.25261034234625	1	-1	0.75572560361501
chr12	21373600	21440510	-0.668804750085883	1.25805522164351	1	-1	0.74917706614897
chr12	31114708	31178958	0.667945706258394	3.17761801307537	3	1	0.946394068256966
chr12	40474955	40491243	-1.05534073623594	0.962367124043642	1	-1	0.866844155493463
chr12	43795608	43804659	0.965151189189545	3.90453620284866	4	1	0.530956556735804
chr12	60379927	64331059	0.484451688272825	2.7981080780843	3	1	0.856445519519875
chr12	64352867	64622708	4.60949046010957	48.823048017479	49	2	0.99999999978069
chr12	64622909	75208006	1.29244050268628	4.89884112007971	5	2	0.99875665881318
chr12	88050348	88139621	-0.531242258808456	1.38391730774677	1	-1	0.434107749307954
chr12	111403225	111439011	6.84509304102723	229.936715857778	230	2	1
chr12	112405341	112502338	0.458768039174601	2.74873540571005	3	1	0.799794483126839
chr13	18171403	18212094	-0.928688564423565	1.0506713286783	1	-1	0.864815342142633
chr13	18218918	18497492	0.854711615234623	3.61679446577002	4	1	0.828624776902474
chr13	35098200	35123576	0.495663220811112	2.81993756482636	3	1	0.875037602853987
chr13	40976205	41017372	7.08320704771025	271.198811858154	271	2	1
chr13	48304140	48479697	6.91656519539692	241.614829584713	242	2	1
chr13	52532562	52657490	3.97653584478849	31.4837578729282	31	2	0.999999994097531
chr13	57141246	57169212	2.14113173243527	8.82215881879764	9	2	0.999981557164409
chr13	75302095	75310247	1.77858868866613	6.86180766802974	7	2	0.999930579232364
chr14	19499286	19975666	1.17624536754556	4.51975749438837	5	2	0.981532040419594
chr14	35654227	35760891	1.10360714631002	4.29782621066114	4	2	0.914848260612504
chr14	39215188	39302336	0.45056198442968	2.73314496978694	3	1	0.776996190357877
chr14	39303490	39318114	-0.827054368258702	1.12735792663005	1	-1	0.843847601035003
chr14	104944067	104952904	-0.556230637532925	1.36015339307425	1	-1	0.521618582667786
chr14	105921135	106874939	-0.606221592270011	1.31382981257177	1	-1	0.654562306203044
chr15	19810202	22573064	-0.735775464449056	1.20099033049254	1	-1	0.803498686694382
chr15	27951708	27990824	-0.761697533320643	1.17960387492193	1	-1	0.817802815179838
chr15	34381719	34556822	-0.768961953763867	1.17367912971825	1	-1	0.82134443007284
chr15	82812954	82819574	-5.18437704172258	0.0550018119982421	0	2	0.73360743306625
chr15	92832588	92915320	6.35929278127243	164.19800419985	164	2	0.999999999999994
chr15	101775326	101978886	0.478333110579474	2.78626622106153	3	1	0.84482903427077
chr16	30280371	30335091	-0.550542279502489	1.36552688670316	1	-1	0.502717054561384
chr16	31995638	33122842	-0.825575875823729	1.12851384973549	1	-1	0.843386225204515
chr17	3154020	3197671	4.37336028016954	41.4517262937764	41	2	0.99999999922731
chr17	7670087	7674149	2.33018468408367	10.0573943935328	10	2	0.999991074516612
chr17	10345337	10539934	0.412388069124586	2.66177397384509	3	1	0.638708336309411
chr17	12024637	12141397	7.31387649014373	318.219071176692	318	2	1
chr17	18930445	19222359	0.4031189547057	2.64472726730704	3	1	0.597855471143818
chr17	31095295	31373680	6.23755014998943	150.910580702182	151	2	0.999999999999986
chr17	41084109	41149740	-1.01335082720169	0.990788599062701	1	-1	0.868882126919473
chr17	46337327	46694009	0.59993289340945	3.03129212996394	3	1	0.945382268699504
chr18	51047024	51078532	4.50245775169239	45.3319950980287	45	2	0.999999999610089
chr19	1208034	1226795	4.82041007209701	56.5090516308608	57	2	0.999999999930985
chr19	4885131	4921971	5.37970367101395	83.2687736187569	83	2	0.999999999997211
chr19	20946261	21310720	0.4245518264863	2.68431099425719	3	1	0.688381909318159
chr19	29293390	30486106	1.2057437380826	4.61312293123316	5	2	0.990688003372224
chr19	51769934	52077167	0.455310513559039	2.74215574501216	3	1	0.790483860262877
chr19	52084644	54081366	1.02986629739234	4.08367002878035	4	2	0.721016697156454
chr19	54635951	54739706	1.27386843527726	4.83618165384398	5	2	0.998132075607358
chr19	54747401	54786503	-1.07374733027023	0.950166777957773	1	-1	0.86508509640953
chr19	54786508	54818525	0.907990086184039	3.75285899726688	4	1	0.718328381164465
chr19	54819797	54852193	-2.24749610345264	0.421178558034948	0	2	0.669724784558625
chr19	54909232	54912902	-0.758422072002486	1.18228506266795	1	-1	0.816143483397917
chr20	87618	1611396	0.602793229581092	3.03730803435927	3	1	0.945838391828005
chr20	6200249	6214618	3.13823730534969	17.6089539650713	18	2	0.999999692750021
chr20	30120650	34295649	0.396828405476435	2.63322062954508	3	1	0.568921959617162
chr21	10413686	10569848	0.529873841805163	2.88760586985223	3	1	0.914265395162042
chr21	10570404	10798737	-0.62686950193407	1.29516014644661	1	-1	0.69287289057858
chr22	11319687	11952641	-0.733984631926584	1.20248205807378	1	-1	0.802403478023264
chr22	18387189	18651133	0.86201219058762	3.63514318215685	4	1	0.816822626670941
chr22	23786710	23831850	5.21810022389576	74.4448541568043	74	2	0.999999999992799
chr22	38962348	39014377	-1.39234754799669	0.76188885257763	1	-1	0.707772006263946
chrX	2794523	33020242	0.747023656996158	3.35665358964262	3	1	0.925291048992477
chrX	33020443	37659726	0.81918035235767	3.52880657189564	4	1	0.874264860260192
chrX	37667223	44876881	0.66800332591946	3.17774492619563	3	1	0.946387434635966
chrX	44877054	47798091	2.37211562246174	10.3539950068032	10	2	0.999992425930612
chrX	47798580	49342978	0.786405818919821	3.44954437367419	3	1	0.902793562206485
chrX	49594078	54228850	0.711174830015637	3.27427348838519	3	1	0.938054260473655
chrX	54232779	58550623	0.994782235435247	3.98555941403368	4	2	0.585647991477563
chrX	62470624	77905259	0.954231037871469	3.87509327724753	4	1	0.571799622170441
chrX	77905460	102514356	0.535301445596542	2.89848987418678	3	1	0.918572222197349
chrX	102514940	105406247	0.529242899661046	2.88634329262583	3	1	0.913736039416524
chrX	105406448	112381230	0.514773403321497	2.85753942523565	3	1	0.899778341975878
chrX	112381405	115156719	0.73966963184007	3.33958684560198	3	1	0.928421119723679
chrX	115163673	133027291	0.691004396757368	3.22881413813795	3	1	0.942802553383866
chrX	133027292	155514292	0.739594080523543	3.33941196208932	3	1	0.928451787508505
