Chromosome	Start	End	Segment	CNF	CN	Call	ProbCall
chr1	1712347	1714020	2.20635913771211	9.23018227263696	9	2	0.998951318955593
chr1	16673359	16951246	0.732201855122918	3.32234491076139	3	1	0.87194330633899
chr1	27773213	27960448	0.598094463525879	3.0274318069854	3	1	0.82757014924981
chr1	30377001	35361354	0.970468127537508	3.91895261083074	4	1	0.495925396548068
chr1	35361629	45591412	0.748079357922497	3.35911074035949	3	1	0.869363413834662
chr1	45594760	73212730	0.531521970150037	2.89090654282637	3	1	0.749947463399509
chr1	109681709	109700274	-3.61960126451117	0.162712696638561	0	-2	0.582334247525832
chr1	145840168	146375000	0.745370915188592	3.35281043146746	3	1	0.869927779360235
chr1	148592603	149475691	0.544714583013187	2.9174634521429	3	1	0.769330669844486
chr1	153818706	154378638	0.70527114230849	3.26090213094807	3	1	0.872504960982532
chr1	158724131	160421323	0.61874749045775	3.07108297214155	3	1	0.842737188572177
chr1	166919239	182853547	-0.555456509680108	1.36088342619978	1	-1	0.473764221809585
chr1	182883598	196747375	-0.563737516604538	1.35309439014317	1	-1	0.493851315149778
chr1	196774832	196832061	-4.17368383966252	0.11082199589639	0	-2	0.590919813140121
chr1	206538043	219391921	-0.569076126351477	1.34809659516281	1	-1	0.506767640841292
chr1	243053927	248937047	0.606945224148904	3.04606182516793	3	1	0.834513349414132
chr2	10202	27276900	0.561623276124003	2.95185790654986	3	1	0.791093304275779
chr2	27277569	27738332	1.07052746694923	4.20040217218737	4	2	0.827201724520198
chr2	27738333	69844265	0.517629215827639	2.8632015221252	3	1	0.727102242590658
chr2	69847422	75672053	0.584144701526704	2.99829991627848	3	1	0.815181519829538
chr2	97504815	97576429	-0.885959678875164	1.08225489147573	1	-1	0.897030468138464
chr2	112784016	113750559	0.724323619782461	3.30425177362061	3	1	0.872590983904858
chr2	186969375	191950466	0.87411946887587	3.66577812743977	4	1	0.761971963251111
chr2	238081915	242175633	0.69768554949309	3.24380152470652	3	1	0.871835212445127
chr3	10202	5174541	-0.635536524931321	1.28740276730089	1	-1	0.657171273669614
chr3	5178161	5184814	7.85973634073915	464.564898357629	465	2	0.999999999993399
chr3	5184989	9470990	-0.708417247423704	1.22398234852711	1	-1	0.779213002250196
chr3	98149921	98391623	0.909553309292031	3.75692758780215	4	1	0.687179167629847
chr3	110563092	113705130	0.612341677146612	3.05747706588332	3	1	0.83841634429521
chr3	155925197	156067434	0.912631798919016	3.76495285352755	4	1	0.67939219337062
chr3	167720502	195761598	1.14271792901259	4.41593191576526	4	2	0.9476821270611
chr3	195811615	198228341	0.932415366508967	3.8169369788093	4	1	0.62427318423793
chr4	9160776	9222080	0.901488525337738	3.73598464446761	4	1	0.706573359420964
chr4	9224863	9254948	-0.918314433280307	1.05825372488284	1	-1	0.90344145661393
chr4	9255186	9368010	0.901488525337738	3.73598464446761	4	1	0.706573359420964
chr4	9368150	49654578	-0.600382933859971	1.31915772089183	1	-1	0.58082048360996
chr4	51795751	54727332	-0.574452073956313	1.34308249978617	1	-1	0.519722596273144
chr4	68497034	68668276	0.466028066738147	2.76260264048763	3	1	0.618874861549475
chr4	69205452	70139980	-0.778623203514289	1.16584564860427	1	-1	0.849267600300487
chr4	70141407	136151515	-0.569542027610642	1.34766131363844	1	-1	0.507892727008833
chr4	160468433	190085208	-0.588341503232376	1.3302141261603	1	-1	0.552804650243754
chr4	190085502	190196187	0.901488525337738	3.73598464446761	4	1	0.706573359420964
chr5	10202	46416302	0.764628159515456	3.39786411756374	3	1	0.86473884098771
chr5	58678233	66657326	-1.0398407163874	0.972762341242809	1	-1	0.911689097641315
chr5	66657327	69393585	-0.621466241483954	1.30001994604608	1	-1	0.627745321121821
chr5	69396265	69419449	1.12746341775076	4.36948550933278	4	2	0.931978082657466
chr5	69419451	71128698	-1.09845797542718	0.934030796992999	1	-1	0.910047198320038
chr5	71133055	80321501	-0.576248196066244	1.34141143343189	1	-1	0.524035652493556
chr5	80331635	80360170	2.48834070218041	11.2226439954174	11	2	0.999459907977417
chr5	112827227	112836688	5.90213392985064	119.605003188712	120	2	0.999999982781416
chr5	138573763	139317807	-0.564068224113941	1.35278425724642	1	-1	0.494652526352681
chr5	171389950	171410525	1.11367557154967	4.32792521927167	4	2	0.913888808833172
chr5	176097204	181291050	0.435991245733406	2.7056800439972	3	1	0.539501586328796
chr6	26597687	31166373	0.691679005628559	3.23032429513039	3	1	0.871050835678524
chr6	31166958	32038845	1.11470947987026	4.33102794128963	4	2	0.915387812380097
chr6	32038893	32339137	0.493317600900294	2.81535646674348	3	1	0.680769817530946
chr6	32339520	32394180	-1.54805719079806	0.683940538888928	1	-1	0.774042051607779
chr6	32394696	32795175	2.99582173898419	15.9537286392555	16	2	0.999848054208292
chr6	32813105	33006940	0.418877189829337	2.67377337476409	3	1	0.490087333243932
chr6	33007024	33086681	-1.28459326713885	0.820973029612792	1	-1	0.886118424915028
chr6	33092941	38703155	0.465877152499515	2.7623136714005	3	1	0.618504070115401
chr6	38722729	46752140	0.944817719338388	3.84989131820055	4	1	0.585375149575451
chr6	46753612	58441655	0.728954728921431	3.31487559711326	3	1	0.872259790959239
chr6	104318810	113372833	0.432081734236087	2.69835793672917	3	1	0.528435401531503
chr6	137871517	137881396	2.40303339990073	10.5782817366037	11	2	0.999337784186003
chr7	6823258	21908559	-0.67239994243951	1.25492405429831	1	-1	0.725571449891015
chr7	29680622	29742307	-1.22610762681643	0.854938396061802	1	-1	0.896939618256827
chr7	35119633	35162006	-2.04958627009559	0.483106687865581	0	2	0.505189388942924
chr7	50319018	50400774	7.43191344451632	345.349528686327	345	2	0.999999999958468
chr7	92813890	92834147	7.80491103634571	447.241742738909	447	2	0.999999999991613
chr7	103184008	103279884	-1.12627365591397	0.916194840849933	1	-1	0.908300366536539
chr8	64084	7257045	-1.36253589620906	0.777796206640855	1	-1	0.865590981008776
chr8	8070856	8786140	-1.29382950117049	0.815733891712693	1	-1	0.884079706605646
chr8	14883782	37628781	-1.34532010049986	0.787133310604924	1	-1	0.870816780634456
chr8	39071285	39375131	-1.43347610965773	0.740475491355059	1	-1	0.83904666324682
chr8	39375698	39522152	2.48575908313819	11.202579682661	11	2	0.999456544330984
chr8	39522153	41246014	-1.30625993157451	0.808735624659329	1	-1	0.881180325777485
chr8	41265160	43957107	0.532362433382061	2.8925911736416	3	1	0.751248100574752
chr8	60780950	60816090	7.50505947353942	363.310555962497	363	2	0.999999999969529
chr8	94739729	94761889	1.33733728946194	5.053690417828	5	2	0.992884519655818
chr8	125272527	145054157	0.738817707554018	3.33761537193447	3	1	0.871079614308493
chr9	116864	21968451	-1.38238360574265	0.76716903428481	1	-1	0.859015781364252
chr9	21968453	21974385	1.18399076525843	4.54408797218712	5	2	0.97355354213081
chr9	21974406	31222497	-1.4089286896962	0.753182461103252	1	-1	0.84922111211975
chr9	33543053	34895641	-1.17024807912508	0.888689853055879	1	-1	0.904304512223359
chr9	34917800	36823679	-1.32383712705307	0.798942107866487	1	-1	0.87676077169508
chr9	36840509	37033553	5.68616321335421	102.975920577749	103	2	0.999999962372526
chr9	37033641	37477773	-1.22790419573309	0.853874415283635	1	-1	0.896657172108604
chr9	37485966	38573233	-1.35006382915436	0.784549386311655	1	-1	0.869419291576468
chr9	38575549	43196461	-0.625779967938537	1.29613863042825	1	-1	0.636942874165053
chr9	127886392	127953967	-1.16462852622303	0.892158208097418	1	-1	0.904900617302501
chr9	128625727	128722188	0.573290965905842	2.97582763580743	3	1	0.804234057013864
chr9	136717601	136996595	0.748383440489282	3.35981882809936	3	1	0.869296773496824
chr10	12081424	12609078	-1.24645670056756	0.842964218656438	1	-1	0.893562645363059
chr10	31510648	34401990	0.851733400708157	3.60933586984951	4	1	0.796468063910493
chr10	46621505	46999988	-0.932585266178185	1.04783730725289	1	-1	0.905541760642891
chr10	48025813	48180982	-1.09331210087241	0.937368291914237	1	-1	0.910303955829232
chr10	87864277	87964934	7.04664840958257	264.412836953242	264	2	0.99999999979453
chr10	120905814	123555219	0.689446029750016	3.22532832810286	3	1	0.870702003340996
chr10	133665184	133778707	0.901488525337738	3.73598464446761	4	1	0.706573359420964
chr11	1735211	2088013	0.856313054785284	3.62081145718487	4	1	0.790125504221996
chr11	9344803	10559246	0.519396206740896	2.86671047615987	3	1	0.730150982531787
chr11	17613545	22025358	-0.555548447286768	1.36079670490728	1	-1	0.473987343741233
chr11	68390008	76957434	0.665255950127605	3.17169919120187	3	1	0.864914018020304
chr11	76958913	117910075	0.596700005698003	3.02450701256782	3	1	0.826412929072492
chr12	12211	34689924	1.14869830374216	4.4342751822183	4	2	0.952775295620023
chr12	37239925	37539924	1.17369927818542	4.51178799450972	5	2	0.968877005911739
chr12	56487857	56997224	0.779637752470552	3.43339954228767	3	1	0.858664511915213
chr12	64566693	64611410	6.7788749207049	219.621414147726	220	2	0.999999999395465
chr12	88096880	88109211	-0.982753475631739	1.01202611891859	1	-1	0.910216344691984
chr12	111403225	111439011	7.41324620244637	340.909785824441	341	2	0.999999999955066
chr13	19131587	27090204	-0.572470333014788	1.34492867684071	1	-1	0.5149543789365
chr13	27095476	40959055	-0.561194680957057	1.35548140233242	1	-1	0.487687253982157
chr13	40976205	41017372	6.73257720226239	212.685401624664	213	2	0.999999999273399
chr13	48304140	48479697	6.54102494623963	186.240747843591	186	2	0.999999998457805
chr13	48479702	52279999	-0.577775749934142	1.3399918723007	1	-1	0.527696789872642
chr13	57141246	57173577	1.33578602688143	5.04825934102483	5	2	0.992847725185409
chr13	75302095	75310247	1.27369698676975	4.83560696076125	5	2	0.990368218448107
chr13	75312651	82951177	-0.609602643996553	1.31075437023305	1	-1	0.601715521226673
chr13	82951178	84991725	0.583771408217457	2.99752421491552	3	1	0.81482456066029
chr14	35654227	35760891	0.803994429993053	3.49185688302712	3	1	0.844443436738673
chr14	44934095	45242880	-0.734597311013837	1.20197150028174	1	-1	0.810237889988513
chr14	49666211	52440793	0.796487225839296	3.47373385900763	3	1	0.849452447066864
chr14	53333411	100829278	-0.55409281621308	1.3621703961852	1	-1	0.470454847756768
chr15	19780202	22279096	-1.15943591816233	0.895375086755858	1	-1	0.905428879117362
chr15	84170252	84516815	0.814004318752698	3.51616876939251	4	1	0.836809325254358
chr15	92832588	92915320	6.67199544543329	203.939220815017	204	2	0.999999999076795
chr16	11761	4238327	-1.15342877418928	0.89911105337438	1	-1	0.906013190104035
chr16	5366805	10769159	-0.576150844991535	1.34150195308227	1	-1	0.52380210387671
chr16	18339805	18411910	0.985885107688826	3.96105602743694	4	2	0.530619246153405
chr16	20480913	20535464	1.73226924519627	6.64500021046866	7	2	0.997006926176241
chr16	29560068	29595003	-0.885092232467342	1.08290581241367	1	-1	0.896822467331794
chr16	74360587	74451481	1.06982188314683	4.19834836938897	4	2	0.825362363290985
chr16	90125248	90222476	0.642183081812845	3.12137800667903	3	1	0.855835852600793
chr17	3154020	3197671	3.60192249612885	24.2838034480157	24	2	0.999970491278301
chr17	7670087	7672818	3.61477672919972	24.50113587592	25	2	0.999971540897415
chr17	10539939	12024635	-0.585971371558535	1.33240126463196	1	-1	0.547209263288341
chr17	12024637	12141397	6.80078516134086	222.98226535404	223	2	0.99999999944601
chr17	12141598	14055710	-1.37298001016395	0.772185832346175	1	-1	0.86220717142876
chr17	18347533	18928927	-0.719379479516061	1.21471723654113	1	-1	0.792983006142011
chr17	19222560	22751913	-0.555878989741459	1.36048496226842	1	-1	0.474789536959072
chr17	31095295	31373680	6.12382632632223	139.471479577904	139	2	0.999999992418336
chr17	36168599	36454130	0.46289660305712	2.75661273436795	3	1	0.611119085746676
chr17	39627350	39829504	0.733812836615942	3.32605687025766	3	1	0.871760213529889
chr17	46193596	46557626	-1.09656708889892	0.935255798894112	1	-1	0.910143975285581
chr17	64956722	64973572	3.59216599173813	24.1201335763887	24	2	0.999969670067659
chr18	20951246	35070314	-0.588388177807647	1.33017109130312	1	-1	0.552914599529089
chr18	51047024	51078532	5.14570502305982	70.8013529009092	71	2	0.999999753091369
chr18	63279102	80247394	-0.59147966313049	1.32732378018948	1	-1	0.560175349088751
chr19	1208034	1226795	4.24454359717741	37.910973472264	38	2	0.999995519315923
chr19	4885131	4921971	5.35427230704568	81.8138000493024	82	2	0.99999987900915
chr19	22634518	23136161	-0.823840146225094	1.12987239997474	1	-1	0.875796123918467
chr19	27248209	36450004	1.99279893658225	7.96016831612676	8	2	0.998300398572183
chr19	38953061	44993340	-1.26293422992984	0.833391199213471	1	-1	0.890531884130433
chr19	54360907	54632179	-0.568578488468154	1.34856168281688	1	-1	0.505565485332808
chr19	54778659	54855942	-1.87935883538116	0.543608969071847	1	2	0.392855670184658
chr19	54865686	54875462	2.28566969974224	9.7518078528598	10	2	0.999127258311326
chr20	87618	12764006	0.491804915093086	2.81240607338259	3	1	0.677612500093265
chr20	12764007	26358584	1.1572463918901	4.46062662174323	4	2	0.959152980415005
chr20	30090650	44801701	0.902281417896072	3.73803847323728	4	1	0.704730681349063
chr20	44810148	47299000	0.556538720303015	2.94147285033928	3	1	0.784897864257155
chr20	47309999	64327990	0.862354733951677	3.63600638746076	4	1	0.781212552573051
chr21	12968738	14002105	-0.682667475255448	1.24602457692128	1	-1	0.742204062987628
chr22	10510202	12806951	-0.680573104288844	1.24783475353907	1	-1	0.738898793712783
chr22	23786710	23942860	3.81149283779219	28.080424450447	28	2	0.999983773628707
chr22	45361807	50799120	-1.24604564039835	0.843204434622945	1	-1	0.893634792745516
chrX	31266713	53192849	1.01788893565093	4.04990743956769	4	2	0.655487007646405
chrX	55519258	58540623	1.02997549186697	4.08397912465043	4	2	0.700226336590983
chrX	62470624	124364504	0.97932636800801	3.94308925671876	4	2	0.505048608780567
chrX	124365706	156027976	1.25779421174313	4.78259694140641	5	2	0.989143131482473
