Chromosome	Start	End	Segment	CNF	CN	Call	ProbCall
chr1	16587688	16953540	0.482638008136478	2.79459265431022	3	1	0.779914287455348
chr1	25258956	25385885	-1.54688307765782	0.68449737897181	1	-1	0.543849708809045
chr1	103793807	104013806	-0.623489113906378	1.29819840260313	1	-1	0.737146668703444
chr1	118470397	118645396	-0.559871519758332	1.35672514619882	1	-1	0.618538898377787
chr1	121548060	121974146	-1.44938554664687	0.732354696264471	1	-1	0.682047227279946
chr1	143189147	143274146	-1.681197166599	0.623647549045909	1	2	0.365533553025257
chr1	145326419	145341635	-0.879779089063431	1.08690128023095	1	-1	0.870647746110031
chr1	146088484	146098060	1.01641599443759	4.04577473565168	4	1	0.504232332102318
chr1	146109791	146124906	2.3202057616749	9.98806881921825	10	2	0.985619697441125
chr1	149531565	149548954	-0.614945533623398	1.30590908842535	1	-1	0.725470042462681
chr1	152571481	152614198	-6.61486213010335	0.0204060091626037	0	-2	0.834710968026589
chr1	158802924	158829277	0.996747982892027	3.99099364858306	4	1	0.555968280988686
chr1	163600711	163645710	-0.867792756651806	1.09596919127086	1	-1	0.868603121342976
chr1	182858118	182883568	0.66103629698532	3.16243602962694	3	1	0.903010125081989
chr1	188091979	188281978	-0.976441356353585	1.01646366416454	1	-1	0.879562809665774
chr2	34448020	34518019	-5.82475713855438	0.0352860771635383	0	-2	0.83094807218104
chr2	49199585	49443475	-0.574978412148536	1.34259259259259	1	-1	0.654179565923279
chr2	52453649	52608648	-0.94937392693003	1.03571428571429	1	-1	0.878344724307741
chr2	95819274	95940034	-1.07112264604659	0.95189698261859	1	-1	0.876403758381526
chr2	97152442	97191307	-0.802345380191588	1.14683244046953	1	-1	0.853033927936277
chr2	97504815	97560805	-1.01204120688217	0.991688405298954	1	-1	0.879731656457387
chr2	156951008	157111007	-0.59546430267669	1.32366284730415	1	-1	0.694497080041561
chr3	5178161	5184814	8.32714601291902	642.31893352444	642	2	0.999999691684605
chr3	20334236	20514235	-0.65488971110071	1.27024808477066	1	-1	0.772207477446493
chr3	75376602	75594964	0.691476502271851	3.22987090367429	3	1	0.899086722003964
chr3	76292916	76412915	-1.21879502072648	0.859282833871644	1	-1	0.845156893285602
chr3	90364687	90439686	-0.888752375287456	1.08016194331984	1	-1	0.872032251598937
chr3	90439687	90684686	0.602399909140548	3.03648008911166	3	1	0.89853466146541
chr3	90684687	90719686	-0.845626002092204	1.11293859649123	1	-1	0.864203215869946
chr3	110178092	110348091	-0.70871856758103	1.22372673522609	1	-1	0.812786667358522
chr3	155983016	156067434	1.0439064797772	4.12360596085646	4	2	0.534129054839356
chr4	4127285	4157180	4.20454130083334	36.8742372160805	37	2	0.999100480224805
chr4	9160776	9186274	1.57903777158701	5.97541027022536	6	2	0.963693373302404
chr4	9191058	9208469	-2.76445895845334	0.294337046307181	0	-2	0.643476758535327
chr4	9210624	9359889	0.620475813123148	3.07476427883858	3	1	0.901943132084373
chr4	9363096	9480154	-0.663412180183695	1.26276643599842	1	-1	0.779995513112261
chr4	10212046	10237045	7.3125688770796	317.930778164926	318	2	0.999997206775685
chr4	34673187	34703186	0.933982541850097	3.82108550603679	4	1	0.695036076390064
chr4	51795751	51820750	-1.90907575846479	0.532526137074435	1	-2	0.489634007113411
chr4	54723519	54727332	2.72849644523704	13.2552910697785	13	2	0.991715431398234
chr4	60972996	61022995	-1.56789352558046	0.67460105253889	1	-1	0.508576062298339
chr4	120146955	120346954	-0.499141763705491	1.41505510577537	1	-1	0.424560045444506
chr4	129437028	129477027	-0.978231675858179	1.0152030609203	1	-1	0.879609981656665
chr4	136745679	136775678	-4.53349980826821	0.0863595892490949	0	-2	0.793074342020004
chr4	170439988	170764987	-0.574978412148541	1.34259259259259	1	-1	0.65417956592329
chr4	186915088	187000087	-1.43223824003245	0.741111111111112	1	-1	0.701546122427831
chr4	190066847	190097727	1.15699297514003	4.45984315871363	4	2	0.802020127947993
chr5	8080249	8140248	-0.744467806473693	1.19377603199884	1	-1	0.831429225579392
chr5	20164321	20209320	-1.04890960048095	0.966666666666664	1	-1	0.878193247820784
chr5	20209321	20304320	0.465663572348817	2.76190476190477	3	1	0.740133217393339
chr5	27073586	27168585	-0.492516251956563	1.42156862745098	1	-1	0.400072093543766
chr5	29178586	29248585	-0.537377792371674	1.37804424317858	1	-1	0.555469285833899
chr5	34124738	34198813	1.51145956037667	5.70196648873132	6	2	0.960532449241701
chr5	44418925	44468924	-1.31194400631474	0.805555555555556	1	-1	0.801693797444659
chr5	50111303	50266302	-0.534336427651192	1.38095238095238	1	-1	0.546038809842731
chr5	51753847	52781052	-0.489482191866931	1.42456140350877	1	-1	0.388811384453711
chr5	72893474	72905396	1.45705923992022	5.49096319023148	5	2	0.957458198730051
chr5	80326702	80360170	1.88212819829854	7.37236857128705	7	2	0.974847634562517
chr5	83298916	83346148	-1.17830135949363	0.883742909833287	1	-1	0.857541492107995
chr5	104430391	104727983	-0.616401498935084	1.30459183205583	1	-1	0.727535498780115
chr5	106819044	106999043	-0.61072156785281	1.30973817090147	1	-1	0.71929295033385
chr5	112827041	112836688	5.94715634758302	123.396387365485	123	2	0.999957664253598
chr6	29817500	29880742	1.13551497065648	4.39393939393939	4	2	0.761137164770609
chr6	29880743	29942597	1.10647108785712	4.30636644127968	4	2	0.696409438078698
chr6	29942602	30046389	-0.990287019243577	1.00675523962057	1	-1	0.879820753762717
chr6	31025506	31403835	0.826734768436633	3.54733300295817	4	1	0.834689620162601
chr6	31404036	31440403	-1.49627913086373	0.708932841114802	1	-1	0.621276560131837
chr6	32288537	32437327	-0.731350019408283	1.20468000613825	1	-1	0.825159824833155
chr6	32439872	32686911	5.32122469811617	79.9610049078457	80	2	0.999866134216817
chr6	32686912	32711911	-2.2505434616506	0.420289855072463	0	-2	0.569798797630013
chr6	32711912	32750107	0.790882681437728	3.46026536547328	3	1	0.8605626365109
chr6	32750308	32800175	1.44983697171376	5.46354359751755	5	2	0.95698382277863
chr6	33086882	33176788	0.640180489990038	3.11704825608693	3	1	0.903466865701945
chr6	56292880	56327879	-2.07275634243532	0.475409836065572	0	-2	0.537745998538117
chr6	73868373	73958372	-1.02799951263363	0.98077933531206	1	-1	0.879281548552926
chr6	76712740	76747739	-4.54569355765695	0.0856327485380122	0	-2	0.793654197645231
chr6	84934531	84984530	-0.757079191834857	1.18338606201884	1	-1	0.836920565658225
chr6	110888893	110893664	1.25272796200323	4.76583155706882	5	2	0.911411231108326
chr6	137871517	137881396	1.99703446408619	7.98357246675566	8	2	0.978204870934387
chr6	140235627	140405626	-0.811944006314742	1.13922759191166	1	-1	0.85583166354303
chr6	165543375	165575467	0.594946589293774	3.02083333333332	3	1	0.896469097497362
chr7	50319018	50405974	6.96622259683254	250.07596525039	250	2	0.99999428195444
chr7	61080237	61255236	-2.89445866688709	0.26897450424242	0	-2	0.659720801864668
chr7	61255237	61325236	1.05560569766161	4.15718138802851	4	2	0.565424600207372
chr7	61380237	61605236	-1.76488123201444	0.588501814258715	1	2	0.421947614598033
chr7	62895237	63005236	-1.09279474460599	0.937704496246774	1	-1	0.874006216927019
chr7	79042415	79192414	-0.686242774124898	1.24294049151559	1	-1	0.798101507270202
chr7	89165187	89258567	-0.672543145468685	1.25479949574495	1	-1	0.787682697889907
chr7	92795029	92834147	7.51568009093407	365.994990292182	366	2	0.999998180511736
chr8	4460283	4843855	-0.601450623509733	1.31818181818181	1	-1	0.704713184906107
chr8	6972130	7398314	0.602518024233248	3.0367286993856	3	1	0.898564073977534
chr8	12358847	12393969	-2.412191250161	0.37574055635204	0	-2	0.594722611813123
chr8	39355132	39648558	1.71369624615711	6.56000196120354	7	2	0.969108085576279
chr8	43957108	43982107	-7.91106063422422	0.00830928102350726	0	-2	0.811200366374105
chr8	60780950	60816578	7.34079485529713	324.212264159215	324	2	0.999997367312977
chr8	68553393	68618392	-0.896906507035899	1.07407407407407	1	-1	0.873185098256839
chr8	75609364	75654363	-0.94937392693003	1.03571428571429	1	-1	0.878344724307741
chr8	138062352	145074357	0.431308035844121	2.6969112307862	3	1	0.636589055003649
chr9	21968066	21974385	2.24493928026722	9.4803431531876	9	2	0.984130910696212
chr9	23327189	23382188	0.951090399519054	3.86666666666667	4	1	0.661558974953158
chr9	36840509	37034074	6.90240707331196	239.255299965397	239	2	0.999993488051583
chr9	40528176	40553175	-6.01592217937276	0.0309070082514581	0	-2	0.833080502333879
chr9	42660759	42735776	-1.61703710566141	0.652008597958137	1	-1	0.421288641498613
chr9	60521462	60686461	-1.6876270669567	0.620874219446922	1	2	0.370588298677755
chr9	64187242	64428670	-0.627304790049412	1.29476943131823	1	-1	0.742031299479532
chr9	69672564	69702563	-1.41042959320368	0.752399297415051	1	-1	0.724301911793317
chr9	82283845	82408844	-0.654630661368903	1.27047619047619	1	-1	0.771960734847486
chr9	102792598	102837597	-1.97490901903717	0.508771929824561	1	-2	0.513102190135121
chr9	134985142	135010586	0.740899892005047	3.3424358974359	3	1	0.885144466265735
chr10	37149615	37206578	-1.13322865974537	0.911788640255925	1	-1	0.867699018028056
chr10	38772723	38896402	1.27301849440642	4.83333333333335	5	2	0.922722141508233
chr10	39571403	39636402	-1.44673254440759	0.733702677746999	1	-1	0.685158370189376
chr10	47483864	48053737	0.588613543320895	3.0076017445002	3	1	0.894370989692689
chr10	56801575	56956574	-0.534336427651191	1.38095238095238	1	-1	0.546038809842728
chr10	87864277	87964934	7.19066223068893	292.169593147612	292	2	0.999996398146418
chr10	94720342	95079639	0.468700689128806	2.76772516231919	3	1	0.747810243703345
chr10	95079640	95109639	-2.77308001940516	0.292583431712695	0	-2	0.644583032779103
chr10	133421397	133583659	0.513840754390607	2.85569272876697	3	1	0.834403119922648
chr10	133664925	133783907	1.01641599443759	4.04577473565168	4	1	0.504232332102318
chr11	36521854	36556853	-6.76594392636441	0.0183771400414076	0	-2	0.833928795063361
chr11	48691120	48816119	-0.510240752033723	1.40421052631579	1	-1	0.464845158801629
chr11	49674631	49783066	-0.706049009510331	1.22599321137077	1	-1	0.811179224814806
chr11	50665524	50765523	-0.911092379174233	1.06356456815902	1	-1	0.87495884133278
chr11	50765524	50820523	1.60239990914055	6.07296017822333	6	2	0.964698498595236
chr11	54525524	54590523	-1.06801842342865	0.953947368421053	1	-1	0.876693843117542
chr11	54748057	54933056	-0.546414364587214	1.36943959899749	1	-1	0.58224478155963
chr11	55588301	55727206	1.160543765148	4.47083333333332	4	2	0.808163190571092
chr11	56832956	56957955	-0.813586875769123	1.13793103448276	1	-1	0.856291188067801
chr11	56957956	56972026	4.73958111974394	53.4301113896938	53	2	0.999630201037894
chr11	57917347	57938388	3.3346797834184	20.1775594892146	20	2	0.996528774648166
chr11	89938168	89979154	0.978748915117014	3.94151131224572	4	1	0.600276196645612
chr11	98917402	99057401	-0.627215773829769	1.29484932279398	1	-1	0.741919552376624
chr11	104118260	104163259	-0.534336427651192	1.38095238095238	1	-1	0.546038809842731
chr11	124084292	124104142	1.43651722668929	5.41333333333331	5	2	0.956048395788708
chr12	21423669	21452094	-0.958882840688005	1.02891026091087	1	-1	0.878881207884099
chr12	43795608	43804659	0.761194136827773	3.38978585696717	3	1	0.876569791480535
chr12	46798348	46858347	-0.795733267468557	1.15210062867175	1	-1	0.85099070334017
chr12	64556653	64611410	6.54600997350279	186.885389317696	187	2	0.999986692566236
chr12	87398436	87879747	-0.523089892839357	1.3917596700204	1	-1	0.509463279783856
chr12	111403225	111439011	6.66632713821227	203.139521522713	203	2	0.999989522671714
chr13	18171403	18482492	0.794862720212278	3.46982456140351	3	1	0.858069258828813
chr13	19077754	19131386	0.951090399519054	3.86666666666667	4	1	0.661558974953158
chr13	35324875	35452249	-0.617657895334705	1.30345619983373	1	-1	0.729292296550624
chr13	40976205	41017372	6.92326860013916	242.740092077948	243	2	0.999993758592822
chr13	48304140	48485369	6.59530848782876	193.381836880117	193	2	0.999987931275196
chr13	52229215	52279999	0.545055664228982	2.91815327888516	3	1	0.869016403904496
chr13	57141246	57169212	1.36619080672821	5.15578036564469	5	2	0.948830998322359
chr13	57173457	57213777	-1.81444434684393	0.56862745098039	1	2	0.443938510523537
chr13	88353475	88803474	-0.686319278917519	1.2428745812708	1	-1	0.798156283476105
chr13	93512846	93750661	-0.855675426939914	1.10521310425172	1	-1	0.866300453854717
chr14	19484471	19693966	1.36357054280425	5.14642478864559	5	2	0.948444103870597
chr14	28280193	28325192	-1.72698150559359	0.604166666666664	1	2	0.399138699021423
chr14	35654227	35760891	0.667224827183598	3.17603063246752	3	1	0.902511145970547
chr14	41137428	41212427	-1.31194400631474	0.805555555555556	1	-1	0.801693797444659
chr14	41312428	41407427	-0.896906507035903	1.07407407407407	1	-1	0.87318509825684
chr14	73528354	73563936	-2.48061777577113	0.358335336539006	0	-2	0.604740568010327
chr14	104947834	104952018	-1.20719181619428	0.866221678633945	1	-1	0.849051906593338
chr14	106714971	106759218	2.47203165541693	11.0964912280702	11	2	0.988246782680395
chr15	20049960	22364296	-0.917778911751255	1.05864661654135	1	-1	0.875695316390955
chr15	82812954	82819574	-6.34973017732317	0.0245228390592029	0	-2	0.834921657869606
chr15	92832588	92915320	6.52038730412594	183.595552965768	184	2	0.999986001383109
chr15	97260374	97295373	2.22672484213248	9.36140350877193	9	2	0.983750486776476
chr16	46383210	46418209	-2.28987738372467	0.408985787964227	0	-2	0.576063490915927
chr16	72196462	72376461	-0.726981505593585	1.20833333333333	1	-1	0.822933817463308
chr17	7670087	7674149	2.15543826583634	8.91007926293475	9	2	0.982181978428945
chr17	12024637	12141397	7.2045392205006	294.993472354602	295	2	0.999996500498596
chr17	19024616	19227559	0.767834278386269	3.40542362932255	3	1	0.873364983163885
chr17	21883115	21988114	-5.97744803155812	0.0317423327987949	0	-2	0.832715380024426
chr17	31095295	31373680	6.17088857700189	144.096209679893	144	2	0.999972349213264
chr17	37925964	38257094	-0.864061486806889	1.0988073860599	1	-1	0.867919791874493
chr17	41070725	41308853	-0.510240752033727	1.40421052631579	1	-1	0.464845158801643
chr17	45508311	46302716	-0.620160054169463	1.30119749115794	1	-1	0.732721988651869
chr17	46305381	46724183	0.954701653071429	3.87635756056808	4	1	0.65405464354582
chr17	54515363	54705362	-0.655972003157374	1.26929551764398	1	-1	0.773231749157404
chr17	64967040	64973572	3.20724681496528	18.4717265362705	18	2	0.995811595044235
chr18	20915431	20940430	-4.4180206229441	0.0935563493017115	0	-2	0.787335324176371
chr18	43170863	43220862	-2.11766136235591	0.460840251468704	0	-2	0.546769086460988
chr18	51017323	51078532	3.55558376158229	23.5162116356735	24	2	0.997508680435072
chr19	1208034	1226795	4.9993789306844	63.9724544130264	64	2	0.99976360799987
chr19	4876807	4921971	5.58965366014026	96.3126678066102	96	2	0.999917692239323
chr19	20746803	20928715	-0.580630079925125	1.33734335839599	1	-1	0.666181553622893
chr19	27428209	27498208	1.02709194624158	4.07582453977258	4	2	0.489631604740768
chr19	54856143	54909550	0.713931529592405	3.28053594662663	3	1	0.893915774752532
chr20	6194806	6230426	1.15449889575599	4.4521398025611	4	2	0.797599748460913
chr20	12459007	12524006	-1.14201900487243	0.906249999999999	1	-1	0.865990607532902
chr20	30090650	30165649	0.649581845870626	3.1374269005848	3	1	0.903504005320503
chr21	19583240	19748239	-0.938383143012059	1.04363472784525	1	-1	0.877575896941156
chr21	21442495	21628257	0.648258694726761	3.13455076473999	3	1	0.903523647450093
chr22	11364687	12062641	-0.743757580041007	1.19436386241193	1	-1	0.831104914108847
chr22	12062642	12132641	1.38462913471695	5.22209656159043	5	2	0.951245924056621
chr22	16065286	16393156	0.627755483417449	3.09031838856401	3	1	0.902749543305212
chr22	18202302	18527964	0.827726465056488	3.54977224854093	4	1	0.833856572534066
chr22	18621134	18869021	0.830336783291574	3.5562007886728	4	1	0.831630932729122
chr22	23786710	23831850	5.43700083953266	86.6423722782457	87	2	0.999891319869962
chr22	23931873	23993864	0.809895575527248	3.50616909419985	4	1	0.847830019266302
chr22	41160869	41173780	0.747602074308072	3.35799963697337	3	1	0.88250909481593
chrX	2782340	14265226	0.857980995127572	3.625	4	1	0.804924147605021
chrX	14265227	14295226	-2.30691717398278	0.404183638170094	0	-2	0.578730678621854
chrX	14295227	14375226	1.26088482143445	4.79285342928427	5	2	0.916316717674236
chrX	14410227	25595967	0.790599480813913	3.45958618303575	3	1	0.86073672694444
chrX	25595968	25625967	-0.658229743718619	1.26731069153893	1	-1	0.775334697609496
chrX	25625968	27759018	0.901049717019458	3.73484848484848	4	1	0.75002307674732
chrX	27759019	27804018	-1.54522474379392	0.68528464017186	1	-1	0.546563794988481
chrX	27804019	32297901	0.857980995127572	3.625	4	1	0.804924147605021
chrX	32342037	33599655	0.973532496895885	3.92728554400756	4	1	0.612491251543937
chrX	33599656	33734655	0.622209543989924	3.07846153846154	3	1	0.902162627155764
chrX	33734656	34508271	0.951090399519053	3.86666666666667	4	1	0.66155897495316
chrX	34508272	35189958	0.910448415021708	3.75925925925926	4	1	0.735561541604468
chrX	35189959	37551163	0.951090399519054	3.86666666666667	4	1	0.661558974953158
chrX	37551164	42658232	0.816478807215387	3.52220482326661	4	1	0.842913192888463
chrX	42658233	44876881	0.787591667236172	3.45238095238095	3	1	0.8625588552445
chrX	44877054	46367426	2.96442895605097	15.6103281083148	16	2	0.994052644479413
chrX	46412427	52037256	0.806159169662641	3.49710028844919	3	1	0.850500426305321
chrX	52037257	52251504	0.489614874126279	2.80814002148287	3	1	0.794104233906719
chrX	52251505	56364764	0.806045963671188	3.49682588730271	3	1	0.850580007154286
chrX	56364765	57483938	0.951090399519053	3.86666666666667	4	1	0.66155897495316
chrX	57488691	58125623	0.694942379270495	3.23763955342902	3	1	0.898412736894005
chrX	58125624	58550623	1.27301849440642	4.83333333333335	5	2	0.922722141508233
chrX	62465624	62555623	0.693109653483545	3.23352923351508	3	1	0.89877479099593
chrX	62660624	63561980	0.967578522307619	3.9111111111111	4	1	0.626067805343203
chrX	63611981	65206673	0.848226913723437	3.60057398950726	4	1	0.815031079866972
chrX	65271674	66412039	0.860914670142476	3.63237882330907	4	1	0.80172898297284
chrX	66517040	66666221	1.02552128307431	4.0713896011541	4	2	0.485530604585362
chrX	66666222	67156221	0.530608742168841	2.88907717399401	3	1	0.855106541784359
chrX	67156222	72993402	0.867226237023919	3.64830472815521	4	1	0.794601795841791
chrX	72993403	75015902	0.81650435915141	3.52226720647773	4	1	0.842893570214692
chrX	75015903	76040408	0.931981576571346	3.8157894736842	4	1	0.698728308383912
chrX	76040409	76075408	-3.13261840408186	0.228043601422921	0	-2	0.687074809501319
chrX	76075409	77020719	0.887479073541975	3.69988152249987	4	1	0.769262678343051
chrX	77020720	77060719	-1.0046595249115	0.99677547343348	1	-1	0.879829565971732
chrX	77060720	79437589	1.3800074878041	5.20539443847713	5	2	0.950686899799231
chrX	79437590	79472589	-0.726981505593588	1.20833333333333	1	-1	0.82293381746331
chrX	79472590	80667163	0.703162886075466	3.25614035087719	3	1	0.896632984412736
chrX	80667164	81957513	0.80215877007122	3.48741673082416	3	1	0.853266041891114
chrX	81957514	81987513	-1.36032354205342	0.778989862041317	1	-1	0.768484890304001
chrX	81987514	82917946	1.15437399790779	4.45175438596489	4	2	0.79737610021846
chrX	83092947	86529698	0.918430776910913	3.78011670735012	4	1	0.722519045345451
chrX	86529699	86579698	-0.887945553037269	1.0807661891249	1	-1	0.871912776477032
chrX	86579699	87032444	0.888254517822759	3.70187073233041	4	1	0.768213876769706
chrX	87032445	88779517	0.787591667236172	3.45238095238095	3	1	0.8625588552445
chrX	88824518	89314517	0.999274596755167	3.9979892606978	4	1	0.549499587421876
chrX	89314518	90758101	0.895807964017863	3.72130325814536	4	1	0.757679618555312
chrX	90758102	90798101	-0.875530689491528	1.09010666760942	1	-1	0.869948972294218
chrX	90798102	91732027	0.688055993685259	3.22222222222222	3	1	0.899707281575356
chrX	91732028	94535471	0.934788547388293	3.82322086830619	4	1	0.693535661948767
chrX	94535472	96073375	1.00998408857262	4.02777777777777	4	1	0.521480143787595
chrX	96073376	97579960	0.90925870711053	3.75616049147634	4	1	0.737445057052176
chrX	97579961	97614601	-1.04890960048095	0.966666666666664	1	-1	0.878193247820784
chrX	97614602	99128939	0.982799259246391	3.95259259259259	4	1	0.590590996819138
chrX	99218940	99773939	1.27301849440642	4.83333333333335	5	2	0.922722141508233
chrX	99873940	101989537	0.795186585356722	3.47060357661056	3	1	0.857862488122398
chrX	102044538	103876042	0.857980995127573	3.625	4	1	0.80492414760502
chrX	103876043	104595071	0.891906526335534	3.71125344224759	4	1	0.76319322168189
chrX	104595072	105584672	0.688055993685259	3.22222222222222	3	1	0.899707281575356
chrX	105584673	108310901	0.741425209596784	3.3436531748477	3	1	0.884944686874342
chrX	108311102	108376101	0.575194724472336	2.97975708502024	3	1	0.888760341942613
chrX	108376102	110545609	0.851465819955409	3.60866649813661	4	1	0.811761392259786
chrX	110545610	110585609	-0.496907033001512	1.41724872080811	1	-1	0.416323915718162
chrX	110585610	114461395	0.846325492026639	3.59583168447434	4	1	0.816911521800545
chrX	114461396	114516395	-0.65298092414981	1.2719298245614	1	-1	0.770374864404029
chrX	114516396	116268629	0.897258474248735	3.72504660148476	4	1	0.75558965150205
chrX	116268630	116513214	0.77388242570092	3.41973000488968	3	1	0.87026406908934
chrX	116513215	117078888	1.00453993050125	4.01260718610278	4	1	0.535840671099
chrX	117078889	117123888	-0.721744857227437	1.21272727272727	1	-1	0.820167627415644
chrX	117123889	122071348	0.827016426060752	3.54802561705477	4	1	0.83445371632365
chrX	122101349	122707586	1.19972224560057	4.59390889400983	5	2	0.864445460015946
chrX	122737587	124364379	0.868744323031216	3.65214570296615	4	1	0.792834889197718
chrX	124364384	124857553	0.561317691164022	2.95123272393808	3	1	0.881040254832816
chrX	124857554	127201799	0.925095190986105	3.79761904761904	4	1	0.711081255956323
chrX	127201800	127226799	-6.09609252805674	0.0292363591567848	0	-2	0.833738909956627
chrX	127226800	128882539	1.00998408857262	4.02777777777777	4	1	0.521480143787595
chrX	128882540	133008857	0.827628886722654	3.54953216374268	4	1	0.833938844132285
chrX	133008858	133027291	-0.584241333477503	1.334	1	-1	0.673489265943263
chrX	133027292	138072498	0.889632932580628	3.70540935384097	4	1	0.766334682594678
chrX	138072499	138112498	-1.54444518595337	0.685655032636853	1	-1	0.547835870023621
chrX	138112499	138257498	0.802698559626383	3.48872180451128	3	1	0.852898418491028
chrX	138257499	138302498	-1.22788976020705	0.853882959146111	1	-1	0.84189599314884
chrX	138302499	141773700	0.911082288103308	3.76091131790163	4	1	0.734551667096031
chrX	141773701	141803700	-1.61905576646458	0.651096926558083	1	-1	0.417618626883747
chrX	141803701	142869216	0.930331839352253	3.81142857142856	4	1	0.701737507603033
chrX	142969217	148280224	0.917388209524812	3.77738598281759	4	1	0.724262883482136
chrX	148280225	148355224	-0.633872101202105	1.28888888888889	1	-1	0.749997298392402
chrX	148355225	151352899	0.845078556748487	3.59272511508153	4	1	0.818129223632565
chrX	151352900	155545312	0.896601375598619	3.72335035544433	4	1	0.756539141788444
