Chromosome	Start	End	Segment	CNF	CN	Call	ProbCall
chr1	143200725	143439714	-1.49497732631348	0.709572829802405	1	-1	0.751144226569998
chr1	143449570	143739506	0.619792058869395	3.07330736315656	3	1	0.985473159731568
chr1	228558295	228687826	-0.717001488811952	1.21672110301884	1	-1	0.92088172340701
chr4	10068088	10285708	-0.794059047746648	1.15343839526862	1	-1	0.937702595874549
chr5	100021803	100055045	-8.12167682338777	0.00718061524416755	0	-2	1
chr7	142554835	142788547	-0.717001488811952	1.21672110301884	1	-1	0.92088172340701
chr11	56526567	57056132	0.416872238535963	2.67006014227436	3	1	0.978850302316047
chr14	106695101	106879812	0.999999999999999	4	4	2	0.999999999999992
chr15	19790202	22437902	-0.73183463438927	1.20427541062796	1	-1	0.92487890070538
chrX	2752047	16535540	0.689256911937557	3.2249055588806	3	1	0.984019905577511
chrX	16875468	48132613	0.80147002074999	3.48575221921435	3	1	0.976432450663947
chrX	48276703	58546333	0.721344722817176	3.29743614711312	3	1	0.982659842438306
chrX	62466334	95580236	0.899717476482169	3.73140117288483	4	1	0.958265812364502
chrX	95582063	95638924	-4.16207049357674	0.111717686364276	0	-2	1
chrX	95639125	155690144	0.871261347078997	3.65852304670797	4	1	0.965381119446449
