Chromosome	Start	End	Segment	CNF	CN	Call	ProbCall
chr1	54175466	54404992	0.444513188176822	2.72170968543075	3	1	0.625748259699576
chr1	65190791	65228136	1.14407848788816	4.42009840218206	4	2	0.985233273450418
chr1	103546988	103571735	-0.583355333890161	1.33481949851945	1	-1	0.593110719330182
chr1	121599147	121959146	-0.762754800793193	1.17873972837724	1	-1	0.825021626300831
chr1	146088484	146098060	1.04027567419712	4.1132412011513	4	2	0.87325296044986
chr1	146109791	146126389	0.697691051438601	3.24381389547981	3	1	0.912808835544392
chr1	146144630	146328246	0.648293832391161	3.1346271094497	3	1	0.919701148640609
chr1	182858118	182883568	0.919765844166456	3.78361643925703	4	1	0.545683407735444
chr2	55637252	55644800	-0.887061842847154	1.08142840576896	1	-1	0.860586214967322
chr2	63920433	63947500	-1.17595951422595	0.885178604644236	1	-1	0.850644338698768
chr2	86865614	86878974	-1.27404178632497	0.826999414824668	1	-1	0.817953343337239
chr2	87388771	87513588	-0.736809188598047	1.20013010154647	1	-1	0.811699316607983
chr2	88782870	88805474	-1.41839361496926	0.748257316176674	1	-1	0.723239940893134
chr2	95848829	95978191	-0.913876665903045	1.06151395249923	1	-1	0.864356558755177
chr2	97191185	97224925	0.493562312390508	2.81583405104957	3	1	0.781048512363292
chr2	97494797	97576429	-1.01255713459729	0.991333827203949	1	-1	0.869774756826206
chr2	97833348	97859438	-0.81476659664867	1.13700090563234	1	-1	0.844325511056692
chr2	106457517	106475859	-0.585854491860426	1.33250921327084	1	-1	0.600025024148653
chr2	201537364	201565882	0.793514363977554	3.4665831459855	3	1	0.847485477061339
chr3	5178161	5184814	8.25856148861167	612.498070293117	612	2	1
chr3	93734064	93901018	0.705991663630994	3.26253112131792	3	1	0.910140545026281
chr3	98149921	98421823	0.971499728131299	3.92175586409792	4	2	0.655903582775652
chr3	107927745	146073366	0.421566139723029	2.67876150237054	3	1	0.530400461239956
chr3	146076751	149173816	0.447121118524527	2.72663411397153	3	1	0.635819663490787
chr3	149176122	149912166	0.478108513589101	2.78583249232361	3	1	0.740164087151196
chr3	149921169	155919390	0.421628176291315	2.67887669285719	3	1	0.530671221868285
chr3	155922139	156121046	1.48926993833726	5.61493739995316	6	2	0.999508850488373
chr3	156142984	198228341	0.42747705642949	2.68975926482279	3	1	0.555942735559164
chr4	9160776	9175774	1.04027567419712	4.1132412011513	4	2	0.87325296044986
chr4	9325132	9359889	1.04027567419712	4.1132412011513	4	2	0.87325296044986
chr4	54723519	54727332	2.87118267232104	14.6332941649106	15	2	0.999993342472797
chr4	68497034	68668276	1.004906448979	4.01362672347396	4	2	0.776327233854416
chr4	102799469	102809943	0.611660198643317	3.05603316207673	3	1	0.914344268640201
chr4	190065242	190072028	-1.88845079298324	0.540193882486282	1	2	0.731815161454978
chr4	190072322	190078614	0.713223467029972	3.27892628228	3	1	0.907439884940904
chr4	190078908	190196187	1.55253897544858	5.86665834026252	6	2	0.999587709151253
chr5	17491204	17685659	2.44050468987098	10.8566318696652	11	2	0.999971638327116
chr5	69400132	69424666	-0.661293436756668	1.26462229851772	1	-1	0.746499712755052
chr5	72891729	72905528	1.19271862545299	4.57166162536717	5	2	0.99504607123905
chr5	80331635	80360170	2.76146764083322	13.5617141940245	14	2	0.999990278754101
chr5	103005017	103011255	0.735675262989236	3.33035336809898	3	1	0.89665052785998
chr5	112827227	112836688	6.18512869894277	145.525553938289	146	2	0.999999999996468
chr5	171391180	171410525	0.953010202512895	3.87181548834958	4	2	0.582731831372181
chr5	178767282	178812648	0.893403081009654	3.715105244081	4	1	0.637080011887262
chr6	29723470	30108204	0.945862292212179	3.85267981344141	4	2	0.554210329007617
chr6	31137781	31532826	1.12715846396489	4.36856199445889	4	2	0.978366886898586
chr6	31869475	31880461	0.961466414650065	3.89457638630318	4	2	0.616435110289555
chr6	32407328	32763575	7.67983825002205	410.10179555343	410	2	0.999999999999999
chr6	33092941	33129196	2.53715915530611	11.6088982630742	12	2	0.999979336588582
chr6	110888893	110893664	1.57708147437444	5.96731309369629	6	2	0.999614949116352
chr6	137871517	137881396	1.64760129243247	6.26624549770637	6	2	0.999684162570997
chr7	32620366	32838546	0.585756326344538	3.00165116820419	3	1	0.903673120356454
chr7	35105973	35162006	-1.28318879561226	0.821772640504736	1	-1	0.813819095513283
chr7	38349116	38363302	-1.25650844577415	0.837111414219225	1	-1	0.825306194544845
chr7	50319018	50400774	7.02736585720313	260.902300913554	261	2	0.999999999999965
chr7	57003496	57048104	1.46425949694577	5.51843619682513	6	2	0.999473748648469
chr7	63696831	65023193	0.525846535816888	2.87955631292813	3	1	0.844353255039746
chr7	92813890	92834147	7.7508739792075	430.799862506254	431	2	1
chr7	102480350	102688328	0.971197037605503	3.92093313040182	4	2	0.654726382219941
chr7	103198524	103254793	-0.790260357124478	1.15647946007332	1	-1	0.8362432896169
chr8	7739059	7973239	-0.668401200740471	1.25840717292797	1	-1	0.755111506832434
chr8	39345132	39648558	4.72061899762458	52.7324454483545	53	2	0.999999995697035
chr8	60780950	60816090	7.34490810787414	325.137941284646	325	2	0.999999999999994
chr8	73013647	73027202	1.03203345097194	4.08980894947832	4	2	0.853916985747587
chr8	86461106	86466884	0.752765471928137	3.37003943154096	3	1	0.885701797895452
chr8	94739418	94765180	0.94536609611217	3.85135496242851	4	2	0.55223518363894
chr9	12193	95762	0.505712873694197	2.83964951155768	3	1	0.808173567789242
chr9	21968066	21974385	1.95000507575786	7.72751781866925	8	2	0.999868960493338
chr9	34837642	34895641	0.754756848684025	3.37469436678279	3	1	0.884253736112771
chr9	36840509	37034074	6.85710766621221	231.85960234854	232	2	0.999999999999907
chr9	64126921	64430744	-0.608512950550617	1.3117447805137	1	-1	0.656309200820983
chr9	83842230	83978287	0.507890950425302	2.84393984701628	3	1	0.812595076084678
chr9	105521091	105526500	1.16353539285853	4.48011384350887	4	2	0.990512550017557
chr10	37144867	37199805	-0.986208523218085	1.00960536143681	1	-1	0.869555696221318
chr10	47461281	48053737	0.778952884264207	3.43177004466007	3	1	0.863378060751921
chr10	48057264	48184950	-0.537863809189085	1.37758008418623	1	-1	0.44660388784094
chr10	87864277	87964934	7.27201400915277	309.118033067184	309	2	0.999999999999991
chr10	94638310	95065033	0.46884949595016	2.76801065413368	3	1	0.712090527362381
chr10	133664925	133778707	1.04027567419712	4.1132412011513	4	2	0.87325296044986
chr11	1608345	1630553	0.594575275693739	3.02005594647403	3	1	0.908066376029916
chr11	124015527	124093942	-0.553468644074263	1.3627598573914	1	-1	0.500548884046585
chr11	131306217	135046987	-0.535668698064942	1.37967771602462	1	-1	0.438833159568611
chr12	9480523	9573221	1.09287336937967	4.2659686672211	4	2	0.954361333915249
chr12	31114708	31616410	0.504398842623021	2.83706428821249	3	1	0.805442909644561
chr12	40479065	40491243	-0.878251448214917	1.08805278774753	1	-1	0.859106495985144
chr12	43795608	43804501	1.69546725305269	6.4776353377063	6	2	0.999724323603779
chr12	56107061	56112840	0.58980227493541	3.01008092722092	3	1	0.905794208740756
chr12	64566693	64622708	6.48100655518495	178.651789547353	179	2	0.999999999999268
chr12	111403225	111439011	7.18384577052816	290.792403332985	291	2	0.999999999999986
chr13	18171403	18212094	-1.17829104925192	0.883749225537791	1	-1	0.850083787677459
chr13	18218918	18741939	0.522108330007811	2.87210467558272	3	1	0.838398197181628
chr13	19375042	19464623	-0.579522278983585	1.33837065740109	1	-1	0.582239304878877
chr13	27089774	27116660	1.90127440722286	7.47086041615517	7	2	0.999848504470043
chr13	40976205	41017372	7.1669850536111	287.413706415819	287	2	0.999999999999984
chr13	48304140	48479697	6.93368773423092	244.499505012759	244	2	0.99999999999994
chr13	52532562	52657490	0.536968165562844	2.90184038309605	3	1	0.860214364231426
chr13	57141246	57173577	2.02277380533614	8.12728679769168	8	2	0.999894729514695
chr13	75302095	75310247	1.48616638190526	5.60287140947339	6	2	0.999504628355084
chr14	35654227	35760891	0.803362795148738	3.49032842713868	3	1	0.835084574184289
chr14	35760919	35775132	-2.15233887646163	0.449895276014522	0	2	0.755035706755455
chr14	104944252	104952904	-0.725961766520396	1.20918772061077	1	-1	0.805120955137489
chr14	106373753	106874939	-0.53637566879194	1.37900179160443	1	-1	0.44133924165491
chr15	19780202	21877159	-0.827412532381197	1.12707808298047	1	-1	0.847915703254898
chr15	27950439	27990824	-1.25963691215901	0.835298115221156	1	-1	0.824047643969225
chr15	28562573	28846218	-0.594254937726884	1.32477289658072	1	-1	0.622241925111149
chr15	32599204	32625649	0.489630347816072	2.80817014047502	3	1	0.771341949440515
chr15	92832588	92915320	6.26619135709119	153.936480428524	154	2	0.999999999997695
chr15	101818140	101978886	0.41040955949203	2.6581261232466	3	1	0.481033215961854
chr16	18339805	18411910	0.425329038238313	2.68575748159835	3	1	0.546723947000762
chr16	29560068	29569300	-0.863585354800493	1.099170084823	1	-1	0.856360565653862
chr16	32388166	32598359	-0.809456565805462	1.14119349954811	1	-1	0.8427063735133
chr17	3154020	3197671	3.89769090796674	29.8093065207837	30	2	0.999999858591168
chr17	7670087	7674149	2.01418114811095	8.07902473803664	8	2	0.999891956303648
chr17	12024637	12141397	7.09234714737784	272.922428281035	273	2	0.999999999999976
chr17	18428286	18622696	-1.37680943930763	0.77013889255107	1	-1	0.757729280625158
chr17	19030573	19252559	0.7381466527499	3.33606327536876	3	1	0.895223335827223
chr17	31047598	31373680	6.18732698380074	145.747465335283	146	2	0.999999999996509
chr17	46517436	46552746	-0.777338095637391	1.16688461032079	1	-1	0.831290116425942
chr18	51047824	51078532	4.68048536912907	51.2857234346183	51	2	0.999999994855276
chr19	1208034	1226795	5.08551075957418	67.9080527861086	68	2	0.99999999918486
chr19	4885131	4921971	5.70084590503221	104.029285041398	104	2	0.999999999958007
chr19	54219030	54242739	-0.639203263259718	1.28413487274083	1	-1	0.714928676679333
chr19	54451212	54456258	-1.68801324562648	0.620708046911634	1	2	0.547746473610297
chr19	54724340	54739706	4.72220628434837	52.7904948422095	53	2	0.999999995727409
chr19	54747401	54782969	-0.932288373467452	1.04805296424355	1	-1	0.866343460270588
chr19	54783439	54809019	1.04027567419712	4.1132412011513	4	2	0.87325296044986
chr19	54813100	54820004	-2.08049486941226	0.472866594100396	0	2	0.760621057666422
chr20	1588394	1611704	4.25375893691419	38.1539081615386	38	2	0.999999967386018
chr20	6200249	6215226	2.75706144439396	13.520357970498	14	2	0.999990131148445
chr20	30090650	61743717	0.423747475410365	2.68281481759225	3	1	0.539888672958443
chr20	61743718	64327990	0.580543196014749	2.99082437490161	3	1	0.900661551382251
chr22	23786710	23831850	5.09865670913637	68.5296640354547	69	2	0.999999999233296
chr22	23941098	23961138	1.69614184284938	6.48066492356183	6	2	0.999724853886
chrX	2794523	58540623	0.978022015211022	3.93952588742758	4	2	0.680995223652801
chrX	62470624	124364504	1.00369583547438	4.01026016817804	4	2	0.772387810092589
chrX	124365706	155514292	0.998341854930489	3.9954052866269	4	2	0.754521304656604
