Chromosome	Start	End	Segment	CNF	CN	Call	ProbCall
chr2	85068808	92135200	-1.08015330995151	0.945957117964029	1	-1	0.97660164667358
chr3	93713976	198228376	0.495426475283398	2.81947485246238	3	1	0.707461047848179
chr4	8990454	9584131	-3.10726830920028	0.232086046218445	0	-2	1
chr7	141811804	144186053	-1.08015330995151	0.945957117964029	1	-1	0.97660164667358
chr11	54591479	56748697	-1.34600613063635	0.786759102066134	1	-1	0.917193754911693
chr14	18257823	24576260	-1.47370065974551	0.720115058165177	1	-1	0.788931948753715
chr14	99964528	106879812	-1.08015330995151	0.945957117964029	1	-1	0.97660164667358
chr15	19810202	30225564	-0.906395887667628	1.06703249516076	1	-1	0.980328741312718
chr16	31601592	36212716	-1.00581669324245	0.995976292371006	1	-1	0.979685711600681
chr19	27263626	40444705	0.75154381023534	3.3671869191862	3	1	0.98833288632214
chr21	28887279	32280988	-1.08015330995151	0.945957117964029	1	-1	0.97660164667358
chrX	253742	58536333	-0.558901128745017	1.35763801879082	1	-1	0.5915801226768
chrX	62486334	156027877	-0.548097189037429	1.3678431542564	1	-1	0.535247328683423
