Chromosome	Start	End	Segment	CNF	CN	Call	ProbCall
chr1	13061416	13246687	-0.680877622609281	1.2475713933471	1	-1	0.844423941057972
chr1	15659793	15835889	-0.481407635519032	1.43255682223236	1	-1	0.381648395138881
chr1	103575241	103758606	-0.947777961841827	1.0368606669092	1	-1	0.920055164073996
chr1	145326419	145354070	-1.06717131875096	0.954507660475116	1	-1	0.918992880345974
chr1	145354170	145358817	-0.775991207400429	1.16797451288872	1	-1	0.88986149350696
chr1	146088484	146096582	2.31569520415887	9.95689008481476	10	2	0.999999237283657
chr1	146138269	146142827	-2.23057506730095	0.426147546937149	0	2	0.655312922824499
chr1	146144630	146328246	0.81493656368291	3.51844159193341	4	1	0.883691106447947
chr1	148536244	148591629	-0.855917385118768	1.10502776159845	1	-1	0.90962832726979
chr1	148592603	148679715	0.518201326096608	2.86433716880214	3	1	0.937054707540754
chr1	149091064	149472900	0.474073848444674	2.7780524703995	3	1	0.886949666768174
chr1	158724131	158809077	0.706604698057195	3.26391774068642	3	1	0.94972007175559
chr1	182858118	182905707	0.446282002565678	2.72504868053728	3	1	0.824099975974644
chr1	207558457	207609774	0.385114176338278	2.61192627647405	3	1	0.554363741558302
chr2	26194578	26239163	0.540086271456849	2.90811893151318	3	1	0.948895518758728
chr2	95848829	95940034	-0.806436519788408	1.14358490355271	1	-1	0.898849525972615
chr2	97504815	97560805	-0.755329256320976	1.18482233626768	1	-1	0.882514505729373
chr2	171479977	171785595	0.510703447651018	2.84948944293144	3	1	0.931469792587304
chr3	5178161	5184814	8.13562524894498	562.46723526172	562	2	1
chr3	93714064	93906186	0.602076026083349	3.03579848001094	3	1	0.961270899070804
chr3	93910616	94040021	-0.583898487075461	1.33431705345588	1	-1	0.734440789178353
chr3	98149921	98391234	1.03636104969076	4.10209541586551	4	2	0.824659627974485
chr3	155922139	156121046	1.16620370225165	4.48840762097606	4	2	0.990962687719786
chr3	195739843	198228341	0.383796467656435	2.60954172081999	3	1	0.546822369500788
chr4	9160776	9359889	0.730732703437706	3.3189633616049	3	1	0.94185867382085
chr4	9363096	9483824	-0.73694478064443	1.2000173123256	1	-1	0.874983543516649
chr4	54723519	54727332	2.70168213899664	13.0112001686615	13	2	0.999999894102685
chr4	68474618	68647458	-2.16058889393565	0.447329902522567	0	2	0.670676192693247
chr4	68653988	68669987	0.608623994643959	3.04960839248266	3	1	0.961501767335838
chr4	190060254	190066967	-1.14719824447152	0.903002417719225	1	-1	0.908859521438185
chr4	190067738	190092527	0.559092235568106	2.9466837554248	3	1	0.955216268628759
chr4	190173573	190196187	-0.971030238834032	1.02028327392513	1	-1	0.921072538875986
chr5	17491204	17655459	5.21618570603995	74.3461281812545	74	2	0.999999999999989
chr5	34178929	34243813	1.38820272173769	5.23504784212751	5	2	0.99994203709123
chr5	70205628	70478602	1.02301261046559	4.06431609763536	4	2	0.78039390322804
chr5	70998702	71204448	0.643380888965975	3.12397062765098	3	1	0.960502961984578
chr5	71206018	71224167	0.678112399452482	3.20008982058053	3	1	0.956099881197821
chr5	80331635	80360170	2.80764962077754	14.0028600663181	14	2	0.999999939803784
chr5	103005017	103011255	0.824152889753859	3.54099029524204	4	1	0.872655026143929
chr5	112827227	112836688	6.05991060264741	133.427349236032	133	2	1
chr5	171391180	171410525	1.26292032906281	4.79962046944288	5	2	0.999402869935074
chr5	178767282	178832648	0.690412185314899	3.22748901521127	3	1	0.953684312795551
chr6	105929	152906	-0.852241001224881	1.10784726727441	1	-1	0.908969334863878
chr6	25664864	25769232	0.40031908645146	2.63959956745137	3	1	0.637700540832158
chr6	29826895	29975406	2.31290597743678	9.93765858130698	10	2	0.999999226690571
chr6	31166958	31355517	1.21695623640723	4.64911539882658	5	2	0.99779168437927
chr6	31355522	31356634	-1.9202824903214	0.528405544450502	1	2	0.713330047764366
chr6	31356689	31498849	0.53713658521992	2.90217916258607	3	1	0.947624867969403
chr6	31869475	31880461	0.560059735025929	2.94866052182952	3	1	0.95546324260064
chr6	31980662	32045432	-0.995088908574786	1.00340990973454	1	-1	0.921499623798072
chr6	32255707	32396616	-1.07418822451223	0.949876446984433	1	-1	0.918434653163372
chr6	32443676	32750107	9.34548740795872	1301.07409384188	1301	2	1
chr6	33092941	33174676	0.648373981655634	3.13480125923813	3	1	0.960077573965545
chr6	36799893	37797032	0.657171357293247	3.15397528999443	3	1	0.959161198131035
chr6	38886788	43525318	0.550948094014494	2.93009632689213	3	1	0.952869745341334
chr6	44229300	45438102	0.865152275159306	3.64306383617512	4	1	0.804914598989163
chr6	110888893	110893664	1.05333371516154	4.15063973516021	4	2	0.871751172659879
chr6	137871517	137881396	1.6713375147518	6.37019490644602	6	2	0.999984595545537
chr7	35104644	35183589	-1.14672588080188	0.903298124961923	1	-1	0.90894581858474
chr7	50319018	50400774	7.08911676576148	272.312003174492	272	2	1
chr7	72999661	73205494	-0.521871746944918	1.39293530466702	1	-1	0.559304547778138
chr7	74810785	74913281	-0.627267689429996	1.29480272828274	1	-1	0.797772047128774
chr7	92813890	92834147	7.67592243801925	408.990192554035	409	2	1
chr7	103184008	103277703	-0.742295325694746	1.19557503252696	1	-1	0.877280222609719
chr8	64084	244790	-0.673717302038819	1.25377867592652	1	-1	0.83944302080674
chr8	6936680	7362983	0.444641902751311	2.72195252215105	3	1	0.819330044370158
chr8	7372994	7552156	-1.04648081090869	0.968295428989081	1	-1	0.920304822395414
chr8	7779222	7973239	-1.07207776803428	0.951266997193609	1	-1	0.918608707177189
chr8	12111426	12727311	-0.69398735858755	1.23628609365656	1	-1	0.852809677468376
chr8	39285132	39648558	2.67919383839105	12.8099579820601	13	2	0.999999880766959
chr8	60780950	60816090	7.46298004170545	352.866837555604	353	2	1
chr8	86461106	86466884	0.701500537930802	3.25239061760847	3	1	0.951072511239611
chr8	94739418	94761697	1.27241364917454	4.83130739867173	5	2	0.999540420526967
chr9	21968066	21974385	1.92574864492946	7.59867905976239	8	2	0.999995089373508
chr9	33543053	33649364	-0.616425258264255	1.30457034728555	1	-1	0.784835888978552
chr9	34838268	34895641	1.0930499665242	4.26649088707648	4	2	0.944283816788588
chr9	36840509	37034074	6.80992160741405	224.398871029543	224	2	1
chr9	83842230	83978287	0.562396259138563	2.95343990921465	3	1	0.95603374468512
chr9	105521091	105526500	1.12503046980967	4.3621230580005	4	2	0.97386134693048
chr10	37149806	37189589	-1.16657630834193	0.890954518315968	1	-1	0.905008220841048
chr10	47483864	48057480	0.544004865855082	2.91602859266289	3	1	0.950451523499113
chr10	48067302	48180982	-0.596333770853741	1.32286535652542	1	-1	0.756109257690524
chr10	87864277	87964934	7.34097697671293	324.253194308653	324	2	1
chr10	94733241	95065033	0.644967108371904	3.1274072707586	3	1	0.960375244994102
chr10	133664443	133752271	-1.06717131875096	0.954507660475116	1	-1	0.918992880345974
chr10	133753051	133761113	0.40578779029143	2.64962426540571	3	1	0.665506463638362
chr10	133761200	133778707	-0.980980551542716	1.01327055960603	1	-1	0.921325512250608
chr11	1608345	1630553	0.820381818672716	3.53174656129895	4	1	0.877326789798041
chr11	9430748	9460569	0.405371303109551	2.64885946394774	3	1	0.663436412753475
chr11	55343144	56071505	0.41368886099992	2.66417501859541	3	1	0.703184093376305
chr11	110253768	110586354	0.57612539976522	2.98167993142632	3	1	0.958714321842222
chr11	123940549	123995018	0.609659525950028	3.05179811276204	3	1	0.961524979788271
chr12	9154568	9443585	0.374007324209009	2.59189508924917	3	1	0.489916290614757
chr12	9480523	9573460	-2.52192196522486	0.348221704825159	0	2	0.598229002876035
chr12	11091285	11134281	-3.06701544338647	0.238652698853945	0	2	0.534840283929245
chr12	43796896	43804659	1.43567933124495	5.41019026407681	5	2	0.999956739936259
chr12	56107061	56114006	0.564870918783625	2.9585103019898	3	1	0.956599322631942
chr12	64566693	64611410	6.63621140288124	198.943010451008	199	2	1
chr12	111403225	111439011	6.90702365167567	240.022135605812	240	2	1
chr12	112406850	112502338	0.640485099677487	3.11770645710087	3	1	0.960718267068157
chr13	18171403	18731939	1.08125537907967	4.23175287313589	4	2	0.927660501378774
chr13	19450006	19465630	-1.05923157181092	0.959775191944936	1	-1	0.919554653519545
chr13	27075271	27116660	2.05735093949241	8.32442682537515	8	2	0.999997341438591
chr13	28713236	30932894	0.400454334668945	2.6398470333819	3	1	0.638404024857065
chr13	40976205	41017372	7.0407342030564	263.331117573698	263	2	1
chr13	48304140	48479697	6.61704648124161	196.317705367154	196	2	1
chr13	52532562	52657490	3.30531800965501	19.7710557980635	20	2	0.999999996281449
chr13	57141246	57169212	1.33518903657486	5.04617079261947	5	2	0.999890848780859
chr13	75302095	75310247	1.99120907925675	7.95140100156517	8	2	0.999996374193783
chr13	99984944	101060012	0.453319546290596	2.73837408864282	3	1	0.843117228607931
chr13	106290335	111301522	0.657986825379578	3.15575854504587	3	1	0.959065410107972
chr14	19499286	19669708	0.624317892094443	3.08296367733869	3	1	0.961489869539573
chr14	35625252	35760891	0.792419240080995	3.46395272345439	3	1	0.905788974600739
chr14	100814383	100875223	0.537395526730074	2.90270010573669	3	1	0.947739979236475
chr14	104944067	104952904	-0.510716101150338	1.40374793355589	1	-1	0.513951302485384
chr14	106012257	106658211	-0.525910203843316	1.38904158973566	1	-1	0.574723437368637
chr15	19810202	22564583	-1.09000363298982	0.93952038331395	1	-1	0.916958188323476
chr15	32488326	32528678	-0.666122493633676	1.26039637167816	1	-1	0.833812597830527
chr15	44322849	44332247	-0.751851141895683	1.18768220548471	1	-1	0.881165823096306
chr15	82812954	82819574	-1.45826478203876	0.727861175750452	1	-1	0.708564376100479
chr15	84170252	84516815	0.406533985166606	2.65099506615715	3	1	0.669194902823086
chr15	92832588	92915320	6.4130267280459	170.428963912036	170	2	1
chr15	101966105	101978886	0.72317495930482	3.30162200588907	3	1	0.944602455088747
chr16	21890042	21911402	-0.735032417540436	1.20160904891586	1	-1	0.874140636359342
chr16	46398210	46554077	-0.604996311068724	1.3149461224816	1	-1	0.769345072892586
chr17	62040	2283823	0.748540840582433	3.36018540913759	3	1	0.934203580439958
chr17	7670087	7672818	3.71461673620203	26.2567552324444	26	2	0.999999999679855
chr17	12024637	12141397	7.19407551952408	292.861658917863	293	2	1
chr17	18882540	19222359	0.47245358576705	2.77493424515998	3	1	0.884113448886386
chr17	31094279	31373680	6.29869940085323	157.444483664099	157	2	1
chr17	41238057	41302845	-0.760303753301128	1.18074403462524	1	-1	0.884385275640697
chr17	46337327	46704895	0.813546116438854	3.51505220573853	4	1	0.885246983135946
chr18	51047024	51078532	4.84703187397146	57.5614836896122	58	2	0.999999999999831
chr19	1208034	1226795	4.92836121117523	60.8996153660228	61	2	0.999999999999906
chr19	4885131	4893153	5.56405851804525	94.6190334247878	95	2	0.999999999999999
chr19	4893408	4921971	5.76456791729604	108.727111579201	109	2	1
chr19	54667681	54735843	0.995507639875527	3.98756390520225	4	2	0.671840119700287
chr19	54736022	54803990	-1.06717131875096	0.954507660475116	1	-1	0.918992880345974
chr19	54804788	54817564	0.582119220722441	2.99409338777756	3	1	0.959566833883354
chr19	54818359	54852193	-1.4814964542064	0.716234315206671	1	-1	0.67369367745787
chr19	54852317	54906389	0.827748989421271	3.54982767050256	4	1	0.867988227857869
chr19	54906409	54912902	-0.746473143911061	1.19211784319124	1	-1	0.879012261919419
chr20	6200249	6214618	2.56348611670198	11.8226874971222	12	2	0.999999782029434
chr21	10413686	10598125	0.713042606645035	3.27851525244867	3	1	0.947869094065815
chr22	18202302	18536016	0.40110842127491	2.64104415406098	3	1	0.641795262483285
chr22	18536575	18610089	-0.778178158596764	1.16620534604723	1	-1	0.890576478803084
chr22	23786710	23831850	5.40179765995148	84.5537983390043	85	2	0.999999999999997
chr22	41160869	41168971	2.88942164653119	14.8194669109796	15	2	0.999999961332261
chrX	2794523	12976241	0.779092471915341	3.43210210090293	3	1	0.916165124555609
chrX	12976331	13040858	-0.624415021072199	1.29736549922942	1	-1	0.794517938326556
chrX	13042830	21649002	0.751202990038641	3.36639155375417	3	1	0.932898864266897
chrX	21652301	46501358	0.961672970240646	3.89513402606291	4	2	0.521596444059888
chrX	46522919	49336327	0.774649367250915	3.4215484281923	3	1	0.919248607159587
chrX	49594078	58510623	0.844059524209289	3.59018832732935	4	1	0.843977437205479
chrX	62510624	120878842	0.935209253042247	3.82433592390264	4	1	0.59114275938956
chrX	120930192	120956007	-1.06717131875096	0.954507660475116	1	-1	0.918992880345974
chrX	120959378	124364504	0.943493663521694	3.84635964142695	4	1	0.557135735852988
chrX	124365706	136737569	0.901959652915377	3.73720486965102	4	1	0.709906886794034
chrX	136743556	156003464	0.934582332745213	3.82267442726286	4	1	0.593653836499521
