Chromosome	Start	End	Segment	CNF	CN	Call	ProbCall
chr1	817530	10475041	0.505467299332877	2.83916618989369	3	1	0.670775880669547
chr1	143209147	145233523	0.544827216227249	2.91769123147519	3	1	0.734646371042942
chr1	148579006	148640185	0.815953667140305	3.52092297626645	4	1	0.757347133882597
chr1	148678893	148719915	-1.64039448011226	0.641537507414248	1	-1	0.600504865337476
chr1	148749319	149537448	0.585881215640532	3.00191102237771	3	1	0.780114299358665
chr1	149537489	149548372	-0.784356780779728	1.16122152448261	1	-1	0.635635387517306
chr1	158724131	159016830	0.441391257477033	2.71582638934336	3	1	0.518064115708231
chr1	182858118	182883568	0.709158221923491	3.2696998858086	3	1	0.823758166592512
chr1	201868521	202753134	0.557300890957821	2.94302723052651	3	1	0.750546509341063
chr1	218183079	248937047	0.469885303833218	2.76999870890121	3	1	0.593349564191652
chr2	97183406	97191307	-1.05177039422905	0.964751713173763	1	-1	0.828483190802049
chr2	97515790	97576429	-1.11754018858712	0.921757919291763	1	-1	0.83211467741769
chr2	171479977	171785595	0.660095781903203	3.16037506081067	3	1	0.820584708027623
chr3	5178161	5184814	7.96942981392209	501.265041800665	501	2	1
chr3	98149921	98660477	0.556155451035042	2.94069151653213	3	1	0.749166570543419
chr3	106229825	155919390	0.644776305160504	3.12699368377315	3	1	0.815942922370778
chr3	155922139	156463811	1.00171727491041	4.00476413191798	4	2	0.640434959063088
chr3	156465549	166477721	0.575567906513642	2.9805279587198	3	1	0.770483717252394
chr3	166477722	198228341	1.12585408721144	4.36461405302938	4	2	0.932466066937224
chr4	9160776	9222080	1.38578101877247	5.22626767994727	5	2	0.997951884896936
chr4	9243846	9358652	1.00650464089088	4.01807541142051	4	2	0.658887862255569
chr4	9358659	9483824	-1.0297411027451	0.979596074152733	1	-1	0.824928770898195
chr4	54723519	54727332	2.26418200909759	9.60763943450203	10	2	0.999989625484896
chr4	68497034	68669987	0.460515896448562	2.75206757815795	3	1	0.569812584321966
chr4	156810761	157303828	-1.93639617998087	0.52253653609831	1	2	0.481730019112629
chr4	190085502	190196187	1.43134264405766	5.3939518532964	5	2	0.998859651508463
chr5	10202	9630178	0.636121521811542	3.10829088322474	3	1	0.812523215004792
chr5	17491204	17655459	5.99247849192609	127.334406995484	127	2	0.999999999999982
chr5	34178929	34393813	1.74818463661589	6.7187117516124	7	2	0.999917983359742
chr5	72893474	72900985	1.49336825668267	5.63091064205906	6	2	0.999459059657157
chr5	80331635	80360170	2.8484113876447	14.4041376624814	14	2	0.999999153991573
chr5	112827227	112836688	6.30910762745316	158.584463540193	159	2	0.999999999999998
chr5	139317502	139329408	0.670748891068973	3.18379818946647	3	1	0.822778775045589
chr5	171391180	171410525	0.995173883458855	3.98664151961795	4	2	0.614603744779766
chr5	180948273	181002863	-2.89833214219181	0.268253306294106	0	-2	0.521392200069582
chr6	29736660	29888195	1.05205032418123	4.14694905569974	4	2	0.80700257011864
chr6	31114771	31129770	-2.34470220207146	0.393735253859719	0	2	0.549418895712054
chr6	31164505	31166373	-1.72221142475317	0.606167570090479	1	-1	0.514971345368659
chr6	31166958	31403835	0.783926103294064	3.44362036214933	3	1	0.790619420259742
chr6	31410567	31415203	-3.44320092954548	0.183875232455777	0	-2	0.548926425724081
chr6	32292958	32403274	-1.20956555115597	0.864797614652161	1	-1	0.823870975672386
chr6	32404955	32815345	2.54055397720546	11.6362474571504	12	2	0.999996732689579
chr6	32816784	32829633	-2.40928142184783	0.376499167022101	0	2	0.541895888873129
chr6	33092941	33133587	1.82533286730455	7.08777529845831	7	2	0.999940858303511
chr6	110888893	110893539	1.06079413800484	4.17215899517099	4	2	0.828832804223225
chr6	137871517	137881396	1.48396732676334	5.59433763253037	6	2	0.999397644373223
chr7	50319018	50400774	6.48876514965935	179.615139749579	180	2	0.999999999999999
chr7	92813890	92834147	7.89250178261247	475.236482834028	475	2	1
chr7	102480350	102688328	1.08522554199458	4.24341430269341	4	2	0.878806856070437
chr8	7509079	8040423	-0.933297536036083	1.04732010943809	1	-1	0.789543650943603
chr8	12128332	12173330	1.0685599076354	4.19467753384122	4	2	0.846423351771708
chr8	12173371	12416782	-1.3061633970446	0.808789741103317	1	-1	0.801783701758657
chr8	39375698	39648558	2.9964904731369	15.9611254042996	16	2	0.99999956882561
chr8	60780950	60816578	7.43010637431159	344.917226540604	345	2	1
chr8	61835122	123777270	0.6108150674626	3.05424346120333	3	1	0.79902043854332
chr8	123777275	123780154	-0.941036243496982	1.04171725857753	1	-1	0.793852002535852
chr8	123780368	145054157	0.632949592188263	3.10146445822563	3	1	0.811121543991617
chr9	21968066	21974385	2.40732142190404	10.609769598165	11	2	0.999994258302957
chr9	36840509	37486196	6.91048104348117	240.598033974315	241	2	1
chr10	87864277	87964934	7.50321702042408	362.846871401825	363	2	1
chr10	94733241	95065033	0.796741441979308	3.47434601680671	3	1	0.779012319525432
chr10	133679261	133778707	1.38578101877247	5.22626767994727	5	2	0.997951884896936
chr11	549883	559069	0.464795443368023	2.76024331007434	3	1	0.580719778927328
chr11	54535524	56989796	0.540139280165173	2.9082257860153	3	1	0.728159445796451
chr12	6478137	6596203	0.63430943532928	3.10438918821058	3	1	0.811732327787038
chr12	9480523	9573460	0.962588877996552	3.89760767160776	4	2	0.481099561207696
chr12	19059389	21043649	0.760388812706692	3.38789417891968	3	1	0.806854923246888
chr12	43796896	43804501	1.4605694939408	5.50433964396779	6	2	0.999205409982733
chr12	64566693	64611410	6.44327239668853	174.039672466051	174	2	0.999999999999999
chr12	111403225	111439011	6.6283162901288	197.857273315511	198	2	1
chr13	18171403	18721939	0.659081682737612	3.15815435062644	3	1	0.82033204860849
chr13	27089774	27116660	2.02051008992786	8.1145443694978	8	2	0.999972518011821
chr13	40976205	41017372	6.85404390117016	231.367738455035	231	2	1
chr13	48304140	48479697	6.45825388802276	175.85638267304	176	2	0.999999999999999
chr13	52473826	52658437	0.956087744473077	3.88008362023293	4	2	0.454726456349812
chr13	57141246	57169212	1.9913241385912	7.95203517536114	8	2	0.999969192230024
chr13	62095504	114346545	0.630406290145534	3.09600175683838	3	1	0.809939136841613
chr14	35625252	35761049	0.854342170278932	3.61586839660073	4	1	0.695417180822768
chr15	19810202	22564583	-1.83541482153827	0.560421876409878	1	2	0.419437501620341
chr15	92832588	92915320	6.03191992644252	130.86358842608	131	2	0.999999999999986
chr16	10547828	11839991	0.482421998001645	2.79417426017346	3	1	0.622820663687937
chr17	3154020	3197671	4.66491431945954	50.735171531063	51	2	0.999999999926411
chr17	7670087	7672818	3.35256532057965	20.4292639475978	20	2	0.999999920026856
chr17	12024637	12141397	6.95107792760689	247.464527358565	247	2	1
chr17	19030573	19262559	0.549478199415149	2.92711250888272	3	1	0.740802394257577
chr17	31095295	31373680	6.06426101108658	133.830303093967	134	2	0.999999999999989
chr18	51047824	51078532	4.74993981427972	53.8151254935567	54	2	0.999999999955157
chr19	1208034	1226795	4.52873986608645	46.1653930967687	46	2	0.999999999839055
chr19	4885131	4921971	5.53009036415478	92.4172569479586	92	2	0.999999999999626
chr19	8364179	20776562	0.843064378280512	3.58771273181869	4	1	0.716506486070644
chr19	20946261	24448208	0.852473115636664	3.61118696390035	4	1	0.699093008071474
chr19	27248209	36409862	0.778899820042286	3.43164382196359	3	1	0.794612377519125
chr19	37185209	37263227	0.793689103258382	3.46700304410277	3	1	0.781970579941751
chr19	51647034	54250868	0.842803879619282	3.58706497885281	4	1	0.716963343468331
chr19	54250916	54436505	0.906764702050939	3.74967277891049	4	1	0.560473547716816
chr19	54455886	54798097	0.915420558909863	3.77223762546841	4	1	0.532258472481879
chr19	54803451	54851279	-1.33955445981126	0.790285333990893	1	-1	0.790999874392969
chr19	54852023	54909550	1.38578101877247	5.22626767994727	5	2	0.997951884896936
chr19	54909973	55407585	0.861920004879898	3.63491091024129	4	1	0.679751285301762
chr20	87618	6295426	0.625186425746047	3.08482024701575	3	1	0.807346772461593
chr20	6295427	26368584	0.446503163314445	2.72546645420803	3	1	0.532350641324585
chr20	30120650	36310902	0.76496457112035	3.39865653326654	3	1	0.804171460249991
chr22	11319687	11952641	-1.07593877071588	0.948724579016381	1	-1	0.830932096620636
chr22	18176685	18883527	0.870449420000514	3.65646466420987	4	1	0.66061082327675
chr22	21060773	21593078	0.568527891644865	2.96601910705589	3	1	0.763250563590226
chr22	23786710	23831850	4.79804383572902	55.6397424120614	56	2	0.999999999966194
chrX	2794523	35224958	0.443152876554895	2.71914460529712	3	1	0.523022398541318
chrX	35224959	37659726	0.606867197547585	3.04589708666268	3	1	0.796416079616991
chrX	44877054	47709380	2.1023020570132	8.58788014711612	9	2	0.999980095658287
chrX	47709381	58550623	0.435410361306438	2.70459085259569	3	1	0.500970196465191
chrX	62470624	64189402	0.61951132047809	3.07270937716566	3	1	0.804270713387828
chrX	64189547	77522392	0.5132563971532	2.85453627729706	3	1	0.685171782594697
chrX	77523223	77830957	7.47150006000077	354.956902856989	355	2	1
chrX	77841163	102514356	0.465170617380091	2.76096120692008	3	1	0.58166353467054
chrX	102514940	104024506	0.484101199434981	2.79742838729462	3	1	0.626588087902436
chrX	104039861	115156719	0.465132904936224	2.76088903558054	3	1	0.581568759928411
chrX	115163673	119932248	0.458580514327786	2.74837814192759	3	1	0.564795357239004
chrX	119934454	121025391	0.619354494158048	3.07237538037472	3	1	0.804181835065491
chrX	121047623	124364504	0.572558688942764	2.97431756124637	3	1	0.767459083023975
chrX	124365706	135160503	0.478211531021976	2.78603142525836	3	1	0.613186066488176
chrX	135160507	135719118	0.655420629267714	3.15015022386944	3	1	0.819355996511798
chrX	135882519	145988264	0.517861619438552	2.86366279214597	3	1	0.693262504659336
chrX	150115861	150232221	1.41185729784488	5.32158976070671	5	2	0.998538861303897
chrX	150232422	154019951	0.48894802443375	2.80684232894177	3	1	0.637221479119945
chrX	154030137	154292147	2.23825026306171	9.43648953580177	9	2	0.999988469822194
chrX	154295821	156027976	0.502747446144356	2.8338186698178	3	1	0.665535566123017
