Chromosome	Start	End	Segment	CNF	CN	Call	ProbCall
chr1	5933625	15835889	-0.71983421492815	1.21433441974151	1	-1	0.87719192092535
chr1	15836090	26697828	-0.733645246083242	1.20276496844765	1	-1	0.88292475816772
chr1	26698029	28768973	-0.718436222443047	1.21551169776983	1	-1	0.876581630173946
chr1	28769174	33699146	-0.698518818295668	1.2324090499776	1	-1	0.86724500051318
chr1	72245521	72342730	1.78982263466247	6.91544761110887	7	2	0.993183684981724
chr1	103527666	103768806	-0.900603681329115	1.07132508345301	1	-1	0.921135873549346
chr1	120497209	120836901	0.384566068342705	2.61093414319563	3	1	0.753690245307121
chr1	121649147	121969146	-2.09016069258417	0.469709053802381	0	2	0.612455472670998
chr1	143189147	143269146	-1.65692521288989	0.634228576252677	1	2	0.44193780935221
chr1	143269147	144335335	0.357694190123413	2.5627525608684	3	1	0.635110028683772
chr1	145305842	145352118	-0.51969000055994	1.39504339442837	1	-1	0.697362366366452
chr1	145352708	145360674	0.760417918632795	3.38796252932605	3	1	0.890386688764274
chr1	146067370	146091041	-0.469140505371179	1.44478968170126	1	-1	0.587758464907894
chr1	146091304	146108429	-0.608527708976226	1.31173136174661	1	-1	0.806225873692997
chr1	149536490	149548372	-0.754367162159705	1.18561272563743	1	-1	0.890584188129836
chr1	158808424	158829277	6.38933195517683	167.652705564252	168	2	0.999999894478013
chr1	182858118	182883568	0.561871792295495	2.95236643232389	3	1	0.928075869348989
chr2	34448020	34508019	-2.90127976390391	0.267705787910616	0	2	0.519365684721791
chr2	55640544	55679898	-0.658450061869581	1.26711717161835	1	-1	0.844352283551921
chr2	86865614	86878974	-2.01413483009078	0.495125160843855	0	2	0.620299360399913
chr2	86879429	86940492	0.645479105711443	3.12851735176626	3	1	0.92479224348695
chr2	88782870	88804828	-0.860309347511136	1.10166886701414	1	-1	0.916011970379566
chr2	95875869	95978191	-0.895423242904367	1.07517891934752	1	-1	0.9205900615427
chr2	97144535	97191307	-0.597441886013216	1.32184967109383	1	-1	0.795978224573474
chr2	97511107	97576429	-1.65135659712779	0.636681346950323	1	2	0.434267832694575
chr2	108729002	108735796	-0.562016996805903	1.35470901717414	1	-1	0.757757953063391
chr2	161537889	161623811	0.690359906627535	3.22737206337644	3	1	0.916375334218944
chr2	174380083	174387854	-1.7290859746713	0.603286007105164	1	2	0.530143648671419
chr3	5178161	5184814	8.26305565639781	614.409050036439	614	2	0.999999999805404
chr3	75371602	75594964	0.784627820555714	3.4452957235733	3	1	0.87625964843039
chr3	98149921	98391234	0.566811787464517	2.96249308697838	3	1	0.928326154578808
chr3	155922139	156047434	1.09149921300892	4.26190729809298	4	2	0.766618977431398
chr4	4104550	4157180	3.83631976670022	28.5678343141493	29	2	0.999893321511501
chr4	9160776	9175774	3.71953524169258	26.3464237926469	26	2	0.999860160338537
chr4	9267586	9383275	0.766673124041924	3.40268387388106	3	1	0.887044730983896
chr4	9383640	9480154	-0.707938161463963	1.22438887250904	1	-1	0.871813463765825
chr4	54723519	54727332	2.78830863686501	13.8163883716918	14	2	0.99895172402066
chr4	68474618	68669987	0.784890829239533	3.44592387108164	3	1	0.87608759113398
chr4	190065242	190081914	-1.49540516725101	0.709362432396432	1	-1	0.67485739928265
chr4	190082202	190196187	0.491366336597987	2.81155123343263	3	1	0.914778720444179
chr5	741497	843753	-1.28679804917438	0.819719345269458	1	-1	0.872126981957996
chr5	17491204	17675659	0.790659807472107	3.45973084953202	3	1	0.872204340466266
chr5	34154738	34203813	1.45620281824347	5.48770457752555	5	2	0.987945673793515
chr5	70374338	70478602	0.757163911849667	3.38032957210117	3	1	0.892046640140155
chr5	70890717	71127071	0.389964328560909	2.6207220081031	3	1	0.772377762062555
chr5	72893474	72905528	1.39470971937862	5.25871284350863	5	2	0.98614365339539
chr5	80331635	80360170	2.52718902201755	11.52894841548	12	2	0.998239108055281
chr5	103005017	103011255	0.725839443403546	3.30772533867864	3	1	0.905563056720268
chr5	112821838	112836688	5.8058135936561	111.880406743334	112	2	0.999999392702205
chr5	171391180	171410525	1.12987624390151	4.37679934188015	4	2	0.850945957082132
chr5	178767282	178802648	0.756164597338389	3.37798892307881	3	1	0.892545935667107
chr5	180948273	181002863	-5.72776670461331	0.0377398708310643	0	2	0.560352612342031
chr6	29766660	29880742	-1.03915338966767	0.973225893707798	1	-1	0.925096403667018
chr6	29887761	29942739	1.49608487672336	5.64152373464576	6	2	0.988793083640517
chr6	31164505	31166373	-1.51578692344955	0.699411332186131	1	-1	0.641119843090562
chr6	31166958	31312275	0.886646187260653	3.69774615006944	4	1	0.766539759667233
chr6	31312276	31356454	-2.58530151964902	0.333255012531328	0	2	0.551031895224997
chr6	31356512	31367419	6.37576859951637	166.083921068837	166	2	0.999999889972107
chr6	31980662	32045432	-0.936851403948574	1.04474336477566	1	-1	0.924099015107109
chr6	32255707	32394180	-1.07279137086996	0.950796586642201	1	-1	0.923099836993679
chr6	32530093	32805175	2.77510072305298	13.6904761904762	14	2	0.998923332291118
chr6	33092941	33129196	2.72406497681063	13.2146377929419	13	2	0.99880679311329
chr6	110888893	110893664	0.970259848186961	3.91838687935945	4	1	0.581641292981818
chr6	123074127	123326775	-0.506616603553807	1.40774243340516	1	-1	0.674020972701031
chr6	128322522	128491631	-0.458304178065477	1.45568260027698	1	-1	0.555731124265585
chr6	137871517	137881396	1.5655840285618	5.91994605123445	6	2	0.990041513252598
chr7	35119633	35162006	-0.697674984837208	1.23313009784558	1	-1	0.86682178002627
chr7	50299370	50400774	7.09695641183303	273.795782177572	274	2	0.999999988949823
chr7	61070237	61250236	-1.22953221080551	0.852911400696287	1	-1	0.894374602664327
chr7	92813890	92834147	7.60121927671972	388.35151308075	388	2	0.999999997976713
chr7	100733980	100738579	-6.67524898497474	0.0195695041937399	0	2	0.694865794279392
chr7	100981375	101049455	-0.472339293647758	1.44158979787383	1	-1	0.596520731646827
chr7	103184008	103254793	-0.923387035184078	1.05453937536421	1	-1	0.923168511579654
chr7	144184670	144377327	-0.782527084923385	1.16269517624801	1	-1	0.899384898138147
chr8	39355132	39668206	2.76056493829735	13.5532312061163	14	2	0.99889126311992
chr8	60780950	60816090	7.27588081879122	309.947663620378	310	2	0.999999993898094
chr8	73013647	73026933	0.908851385184755	3.75510014918565	4	1	0.727268686371055
chr8	86461106	86466884	0.568656503118267	2.96628352959864	3	1	0.928403618283915
chr8	94739729	94761889	0.643305024010892	3.1238063561637	3	1	0.925073413561595
chr9	21968453	21974385	1.8062980541664	6.99487392282852	7	2	0.993374675219375
chr9	21974406	22239853	-1.1000099392119	0.933026563580514	1	-1	0.920574797291396
chr9	34838268	34895641	0.397114647010232	2.63374313213153	3	1	0.794568082998939
chr9	36840509	37034074	6.9427862309816	246.046337445867	246	2	0.99999998170564
chr9	42860442	42913869	-0.547242413317658	1.36865382145818	1	-1	0.738852812792807
chr9	105521091	105526500	1.41572776709784	5.33588571558116	5	2	0.986867183761777
chr10	37149615	37189589	-0.977947501615731	1.01540304980742	1	-1	0.925765049163349
chr10	39481403	39631402	-1.07883818050614	0.946819825067184	1	-1	0.922611628884304
chr10	46397830	46816774	0.60860069121378	3.0495591334499	3	1	0.928138983939786
chr10	47483864	48008033	0.867190173410692	3.64821353119225	4	1	0.795629625518716
chr10	87864277	87964934	7.36803628571403	330.392307260532	330	2	0.999999995522469
chr10	94694802	95065033	0.516823651632842	2.8616032295271	3	1	0.92226596620029
chr10	133389782	133778707	0.450454510684965	2.73294137139951	3	1	0.889273999232348
chr11	55467143	55727206	0.822874816652146	3.53785474663644	4	1	0.846236105267864
chr11	57899387	57918188	5.75535494208259	108.034998172978	108	2	0.999999296787756
chr11	123995219	124059291	-0.410882047425201	1.50432673785059	2	-1	0.371679691464972
chr11	124059292	124093942	0.97046782582027	3.91895179124282	4	1	0.58105834654756
chr12	4548011	4553226	-1.0860001007145	0.942131208134654	1	-1	0.921980383000904
chr12	9507417	9583660	1.26367498509595	4.80213174863546	5	2	0.970951555138269
chr12	11022417	11164481	-0.980986405488347	1.01326644812123	1	-1	0.925820096598559
chr12	31114708	31159056	0.887844406008418	3.70081855906101	4	1	0.764591488581636
chr12	40474685	40527250	-0.445615164873628	1.46854231361102	1	-1	0.513318946758451
chr12	43796896	43804659	1.22587974343581	4.67796070620956	5	2	0.95620235185854
chr12	64566693	64611410	6.64660031530981	200.380778596972	200	2	0.999999952745204
chr12	111403225	111439011	6.89737121530439	238.421613496991	238	2	0.999999978804859
chr13	18171403	18219053	-0.812605841362949	1.13870509213915	1	-1	0.907018211947727
chr13	19082754	19131386	1.54741087820531	5.84584216753572	6	2	0.989733510055988
chr13	27075271	27116660	1.19252819183615	4.57105821260335	5	2	0.933584641908072
chr13	40959256	41017372	7.14723243792327	283.505406551128	284	2	0.999999990639194
chr13	48304140	48479697	6.93523942660081	244.76261821714	245	2	0.999999981251905
chr13	52218390	52279999	0.742845006220982	3.34694537735841	3	1	0.898752719842253
chr13	52532562	52587486	0.948544887593896	3.85985027950011	4	1	0.639353920907202
chr13	57141246	57173577	2.35520041099483	10.2333061042051	10	2	0.997549503284625
chr13	75302095	75310247	1.46414768937653	5.51800853955057	6	2	0.988126704779997
chr14	18601061	19921349	-1.20909202892269	0.86508150563181	1	-1	0.900422943470188
chr14	19921352	24794512	-0.636013717151432	1.28697701065945	1	-1	0.828708589697813
chr14	24794513	35310217	-0.692594688103536	1.23748008849992	1	-1	0.864223805259863
chr14	35310765	35651941	-0.483176348367158	1.43080161476355	1	-1	0.62406203969168
chr14	35654227	35673076	0.821497707974366	3.53447933754999	4	1	0.847510517861535
chr14	35738554	35760891	1.38287149789827	5.21573834999381	5	2	0.985657837522946
chr14	35760919	63382228	-0.735563510001443	1.20116678770274	1	-1	0.883679842397004
chr14	63397003	100829278	-0.693185202004324	1.23697367540407	1	-1	0.864530232880665
chr14	100834697	104719605	-0.629902833462416	1.29243987445144	1	-1	0.824045061340026
chr14	104724318	105950353	-0.599216691917182	1.32022452920136	1	-1	0.797668431578901
chr14	105950354	106874939	-1.09226502399708	0.938048860499432	1	-1	0.921380160472419
chr15	19780202	22564583	-0.614004235885396	1.30676141711577	1	-1	0.811025558858643
chr15	82812954	82819574	-2.60597198916749	0.328514285037094	0	2	0.5487482702569
chr15	92832588	92915320	6.46090291185391	176.1795803576	176	2	0.999999915447043
chr16	18339805	18411910	0.829332603020529	3.55372637512875	4	1	0.840042904808633
chr16	30294529	30309005	-0.916146978499213	1.05984480331181	1	-1	0.922586192341093
chr16	31874990	31885301	1.24231632952919	4.73156134320943	5	2	0.963733950179931
chr16	46388210	46479458	-0.933978570685764	1.04682583106322	1	-1	0.923916872330007
chr16	81012027	81017877	-0.900585120302133	1.07133886669973	1	-1	0.921133974606778
chr17	62040	3165105	-0.734063286397028	1.2024165015919	1	-1	0.883090143143099
chr17	3165106	7669912	-0.732831680213777	1.20344342401711	1	-1	0.882601558836411
chr17	7670087	7672818	3.15372749196787	17.7990395837251	18	2	0.999509709842932
chr17	7673076	10306688	-0.712281481616552	1.22070831924381	1	-1	0.873826422975714
chr17	10539939	12024635	-0.785566106624239	1.16024854907435	1	-1	0.900234317986857
chr17	12024637	12141397	6.47839129947199	178.328230598655	178	2	0.999999919920838
chr17	12141598	18900185	-0.742407703986023	1.19548190720058	1	-1	0.886295607792305
chr17	18900186	19242559	0.704351759040932	3.25882472463304	3	1	0.912608482800195
chr17	21773750	21973114	-1.11111802768083	0.925870273468645	1	-1	0.919293957261705
chr17	31095295	31374064	6.42856434811384	172.274379166804	172	2	0.999999906527678
chr17	46334772	46507381	0.596146165979151	3.0233461500296	3	1	0.928602915751481
chr18	13030455	13042375	-0.920908968731418	1.05635227703596	1	-1	0.922975741783618
chr18	14796067	14822651	-1.64907321534395	0.637689832890868	1	2	0.431101418034429
chr18	50895670	51088732	1.5311942480006	5.78049983998378	6	2	0.989448983111554
chr18	68825312	68866728	-0.645798060166055	1.27827827643855	1	-1	0.835807214035632
chr19	1208034	1226795	4.95473439677003	62.0231286425938	62	2	0.99999348205746
chr19	4885131	4921971	5.88522036494639	118.210990572533	118	2	0.999999518580724
chr19	54240083	54364539	0.365130557893071	2.5759963654152	3	1	0.672071236117733
chr19	54635951	54739706	0.766673124041924	3.40268387388106	3	1	0.887044730983896
chr19	54786508	54909550	0.480227541339506	2.78992732432971	3	1	0.909929325813218
chr20	60202	6199805	-0.750780156410444	1.18856420938389	1	-1	0.889334503212699
chr20	6200249	6214618	2.20374198578353	9.21345324063501	9	2	0.996745877814418
chr20	6215029	26083000	-0.806646608062926	1.1434183844478	1	-1	0.905637599948401
chr20	26091393	26378584	-0.867981713686371	1.09582565606682	1	-1	0.917148507463821
chr21	5011785	10808737	-0.40193512416712	1.51368485957773	2	-1	0.331434139966504
chr21	12968738	43094690	-0.753265511734901	1.18651841224295	1	-1	0.890203648662452
chr21	43127795	45768191	-0.688936079648905	1.24062226376968	1	-1	0.862298750304529
chr21	45768392	46691137	-0.681765647100688	1.24680370993177	1	-1	0.858390270678125
chr22	15514861	15965285	-0.968602853549368	1.02200138149799	1	-1	0.925537701028354
chr22	18202302	18517837	0.806448579306192	3.49780188930098	3	1	0.860439951484291
chr22	18621134	18887005	0.868555832281193	3.65166857460907	4	1	0.793738545828064
chr22	21034129	21488023	0.461634206913813	2.75420168067227	3	1	0.898654716012267
chr22	23786710	23831850	5.59730431537676	96.8247734393067	97	2	0.999998892195087
chr22	23941098	23993864	0.463265919240003	2.75731849128958	3	1	0.899839677348669
chr22	41160639	41173780	0.883431289203234	3.68951527593899	4	1	0.771674561927045
chr22	48981095	49613789	0.742642148103679	3.34647479467333	3	1	0.898841054465781
chrX	2789563	13040858	1.01932399216203	4.05393790849674	4	2	0.554069175221226
chrX	13042830	33020242	1.01932399216202	4.05393790849672	4	2	0.554069175221194
chrX	33020443	58550623	1.03813512888677	4.10714285714285	4	2	0.612903064283184
chrX	62470624	124364504	1.02011688797882	4.05616653878446	4	2	0.556549358005273
chrX	124365706	155695512	1.01932399216203	4.05393790849674	4	2	0.554069175221226
