Chromosome	Start	End	Segment	CNF	CN	Call	ProbCall
chr1	25246375	25390915	-0.692586658058322	1.23748697633722	1	-1	0.839666922407426
chr1	65218842	65228136	1.34273357769659	5.07262874911854	5	2	0.999615192954818
chr1	121729147	121969146	-1.54753342628622	0.684188885771693	1	-1	0.69380785437667
chr1	145295233	145327502	0.59724399214003	3.02564765628661	3	1	0.86149154240594
chr1	146077565	146098060	0.984281663616048	3.95665606526257	4	2	0.842425010736345
chr1	146098869	146108429	0.488656846228973	2.80627588293889	3	1	0.718611951416037
chr1	146109791	146124906	1.23431980513908	4.70540794289703	5	2	0.999104175003434
chr1	246849550	246902603	1.5732248926005	5.95138270082199	6	2	0.999819074378603
chr2	95838741	95960527	-0.702113572193931	1.22934208687505	1	-1	0.845065071162803
chr2	97144535	97191307	-0.518434218910851	1.39625822674993	1	-1	0.55699379865349
chr2	97513141	97576429	-0.972067224812935	1.01955017422837	1	-1	0.900709256390515
chr2	158035531	163158742	2.16467211157272	8.9672903522458	9	2	0.999975889736482
chr2	163158743	165635473	0.436077931815918	2.70584262295082	3	1	0.548518663723158
chr2	165635474	176753277	1.35888808620856	5.12974846702671	5	2	0.999637963676799
chr2	181386080	182622970	2.22590546315876	9.35608820709491	9	2	0.999980666900581
chr2	194274748	194634747	2.74510405831	13.4087612632432	13	2	0.999997287469013
chr2	195754251	195845202	3.20362536773017	18.4254170305872	18	2	0.999999582215387
chr2	196841218	197330903	2.21811430046936	9.30569756612642	9	2	0.999980113489921
chr2	198582194	198762193	3.01986634202045	16.2218487394959	16	2	0.999999102144467
chr2	203871332	214497013	0.415148539882389	2.66687192118226	3	1	0.464547529887812
chr2	222671766	226329554	0.580341645449281	2.99040657334145	3	1	0.85271328365644
chr3	5178161	5184814	8.45231264068973	700.534669225052	701	2	1
chr3	98132745	98498630	0.861396014521258	3.63359094145293	4	1	0.57222758761798
chr3	155922139	156121046	0.908610401466589	3.75447296021146	4	2	0.593444440029148
chr4	9160776	9224983	0.997245331302349	3.99236972354356	4	2	0.872685998587813
chr4	9225078	17589035	-0.724398922597573	1.21049832026876	1	-1	0.855914342855348
chr4	68474618	68669987	0.669811862187258	3.1817309873526	3	1	0.865069191929539
chr4	190069025	190196187	1.65467009072979	6.29702367172414	6	2	0.999861178475079
chr5	10202	17476136	-0.618977885902409	1.3022641509434	1	-1	0.773791844012138
chr5	17675660	34937788	-0.665125134939931	1.26126800557094	1	-1	0.820847203809846
chr5	34938776	46416302	-0.688710425558988	1.24081632653061	1	-1	0.83732001023464
chr5	50116303	69400100	-0.731661298777497	1.20442010950722	1	-1	0.858991035613639
chr5	69400132	70204063	-0.68691634577412	1.24236031757482	1	-1	0.836202379121491
chr5	70487640	80321501	-0.749498581319662	1.18962050402801	1	-1	0.865754740828532
chr5	80331635	80360170	2.14821305124009	8.86556791667637	9	2	0.999974425307293
chr5	80360371	112827226	-0.708032207265006	1.22430906016063	1	-1	0.848174102612926
chr5	112827227	112836688	5.50491187191793	90.8183469222124	91	2	0.999999999994928
chr5	112836944	139317807	-0.721067983676288	1.21329638510785	1	-1	0.854433457527091
chr5	139318764	171390229	-0.681158872489242	1.24732820605154	1	-1	0.832475075965688
chr5	171420163	174995502	-0.699529711171182	1.23154580645161	1	-1	0.843650694721887
chr5	174995703	178782448	-0.638444830991921	1.28481012658228	1	-1	0.796523986061462
chr5	178782649	181472427	-0.581202375303044	1.33681295965017	1	-1	0.713809342836238
chr6	29697774	29995606	1.56587120402149	5.92112456255844	6	2	0.99981473156024
chr6	31166958	31529986	0.880733516197324	3.6826224995976	4	1	0.506880024096763
chr6	32442878	32805175	6.58547740534526	192.06853793021	192	2	0.999999999999992
chr6	33092941	33176788	0.805403175453274	3.49526823460468	3	1	0.721453516890315
chr6	110888893	110893664	1.19957164329655	4.59342936290006	5	2	0.998365453888603
chr6	137871517	137881396	2.00974112735325	8.05419905071471	8	2	0.999958272330233
chr7	35119633	35162006	-1.24519448383167	0.843702052432493	1	-1	0.874574335009071
chr7	50319018	50400774	7.31648353510518	318.794633880921	319	2	1
chr7	60890237	61090236	0.59495855517227	3.02085838857612	3	1	0.860510114784411
chr7	61090237	61610236	-1.34877406898259	0.785251082071852	1	-1	0.839620991224215
chr7	92813890	92834147	7.93847003118192	490.622650940538	491	2	1
chr7	102476109	102668659	0.954674064482244	3.87628343387414	4	2	0.757166885574901
chr7	103198524	103277703	-0.840869403464127	1.11661403623654	1	-1	0.888324727983626
chr7	142076561	142094610	-0.756320133489553	1.18400885158053	1	-1	0.868077524658159
chr8	64084	7247261	-0.622792236823081	1.29882563373972	1	-1	0.778630305680481
chr8	7254144	7362983	1.28193448326952	4.86329627212287	5	2	0.999466187472056
chr8	7372994	7611078	-0.68440659866152	1.24452343853085	1	-1	0.834604447642948
chr8	7675164	7774055	0.663072167957457	3.16690187750692	3	1	0.866790513693988
chr8	7779222	7985588	-1.12760739459357	0.915348230999942	1	-1	0.895004667295962
chr8	7990519	8030739	0.567066811234656	2.963016810228	3	1	0.843139767826555
chr8	8033222	30921171	-0.719728201768693	1.2144236556194	1	-1	0.853824844079244
chr8	30921372	34763924	-0.823870008840619	1.12984901277584	1	-1	0.885268491224064
chr8	34763925	36133538	1.6774547093638	6.39726261762187	6	2	0.999871187126469
chr8	36956181	39365131	-0.721008170023143	1.21334668901235	1	-1	0.85440644719202
chr8	39375698	39512152	0.997245331302349	3.99236972354356	4	2	0.872685998587813
chr8	39512153	42253481	-0.671764068873616	1.25547728896776	1	-1	0.825898752008341
chr8	45937108	60763394	0.457762920450047	2.74682104186068	3	1	0.62726624802921
chr8	60780950	60816090	7.76545364157193	435.17553480678	435	2	1
chr8	60816125	65458780	0.514425853332454	2.85685111748362	3	1	0.77491023834925
chr8	65458781	68918524	1.02096407194118	4.0585491132604	4	2	0.916742420394055
chr8	68918525	141144277	0.47857476259064	2.78673296088499	3	1	0.691701772204256
chr8	141150234	145074357	0.613288306257672	3.05948389787055	3	1	0.866725775246169
chr9	12193	2144157	0.592535583154215	3.0157891867333	3	1	0.859401854888574
chr9	5762460	21967405	-0.732863003339769	1.20341729569496	1	-1	0.859480950541478
chr9	21968066	21974385	1.39202007824969	5.24891806800843	5	2	0.999676865082457
chr9	21974406	28809399	-0.759886814008877	1.18108531931274	1	-1	0.869239692024939
chr9	36840509	37477773	6.78241254682786	220.160607651927	220	2	0.999999999999998
chr9	67867182	102018248	-0.704611648994109	1.22721528001035	1	-1	0.846399039347401
chr9	105521091	105526500	1.10340367616264	4.29722011051896	4	2	0.985522029814069
chr9	109085925	113541503	1.42139217926947	5.35687703250335	5	2	0.999706194909343
chr9	133861356	134811578	-0.52877972425896	1.38628153182109	1	-1	0.587695128826331
chr9	134812201	138320875	2.33491330958698	10.0904129274373	10	2	0.99998702435819
chr10	37149615	37199805	-2.2693164628845	0.414856281866032	0	2	0.665149586016063
chr10	48025813	48180982	-0.803120758272881	1.14621623968116	1	-1	0.880934220259783
chr10	87864277	87964934	7.44285408393465	347.978433153895	348	2	1
chr10	94648310	95065033	0.744858226940239	3.35161916022511	3	1	0.815716561641014
chr10	133678143	133778707	0.997245331302349	3.99236972354356	4	2	0.872685998587813
chr11	1608345	1630553	1.36861798827831	5.16446172052768	5	2	0.999650264689561
chr12	64221853	72983406	1.83508023912946	7.13582502126048	7	2	0.99992390102121
chr12	103980784	103987084	1.91220193332576	7.52766242963723	8	2	0.99994150107236
chr12	105107708	107996083	2.10416504182285	8.59897703471141	9	2	0.999970077885922
chr12	111403225	111439011	6.75019897397646	215.299173942861	215	2	0.999999999999997
chr12	121308390	125955030	2.52403099141579	11.5037393789928	12	2	0.999993613713738
chr13	18171403	18477492	0.6375528298011	3.11137617088584	3	1	0.869629093495385
chr13	19032754	19131386	0.654685568925958	3.14854561538156	3	1	0.868366804996299
chr13	27075271	27116660	1.68105521102008	6.41324806141643	6	2	0.999872705003225
chr13	40976205	41017372	6.90305907503338	239.363451804802	239	2	0.999999999999999
chr13	48304140	48479697	6.74069526490877	213.88555846367	214	2	0.999999999999997
chr13	52208390	52279999	2.24008366672485	9.44848922513235	9	2	0.999981636513231
chr13	75302095	75310247	2.02313424930832	8.1293175785771	8	2	0.999960181838406
chr14	19474471	19936674	0.956925543746594	3.88233750979947	4	2	0.764373347630342
chr14	35625252	35761049	0.858050056091583	3.62517353077365	4	1	0.58290469171007
chr14	104948929	104952018	-1.06908701243098	0.953241051278578	1	-1	0.899668792854741
chr15	19790202	22372296	-1.16459336878902	0.89217994961217	1	-1	0.890318287905326
chr15	82812954	82819574	-2.90993298748997	0.266104905774716	0	2	0.562902868334787
chr15	92832588	92915320	6.65508345399299	201.562501228773	202	2	0.999999999999995
chr15	101752412	101762131	-1.59446479532307	0.662290103107065	1	-1	0.63764429906149
chr15	101762277	101978886	0.482012785973188	2.79338182134262	3	1	0.701196267431211
chr16	11761	44541	1.08806222470739	4.25176607589403	4	2	0.979450628327249
chr16	20488316	20535464	2.93156105343941	15.2587095703008	15	2	0.999998712640099
chr17	62040	110749	0.914561961781978	3.76999330583024	4	2	0.615567789089456
chr17	116388	3154905	-0.69816593023012	1.23271053825261	1	-1	0.842889607991867
chr17	3155106	7669912	-0.659450697943185	1.26623861897283	1	-1	0.81623967808706
chr17	7670087	7672818	3.40264112345903	21.1508116732748	21	2	0.999999821738182
chr17	7673076	10357945	-0.661084445851033	1.26480550681604	1	-1	0.817594830803812
chr17	10539939	12024635	-0.655351828612557	1.26984126984127	1	-1	0.812733973675241
chr17	12024637	12141397	6.69886017483249	207.772394574205	208	2	0.999999999999996
chr17	12141598	18340997	-0.663417180689917	1.26276205914794	1	-1	0.819489438979084
chr17	18347533	18889985	-0.908464362972798	1.06550372517525	1	-1	0.896900341125816
chr17	19222560	21963114	-0.665930801500137	1.26056385275683	1	-1	0.821479219133366
chr17	26951914	31094507	-0.693392408098335	1.23679602865876	1	-1	0.840143444415668
chr17	31095295	31373680	5.68040271443617	102.565570527844	103	2	0.999999999998125
chr17	31373685	38060193	-0.707639177372599	1.22464264112903	1	-1	0.847973102972102
chr17	38322015	45406143	-0.680156283160072	1.2481953280331	1	-1	0.831803297459792
chr17	45410005	46332613	-1.64427906746381	0.639812432944977	1	-1	0.568025662939492
chr17	46512641	63507463	-0.622878797807316	1.29874770718609	1	-1	0.77873781836106
chr17	63523334	64973572	-0.636869960865409	1.28621341267175	1	-1	0.794857731761567
chr17	64973773	73254140	-0.67924553112458	1.24898354404575	1	-1	0.831187025665343
chr17	73257607	83240389	-0.552577208824361	1.36360216122596	1	-1	0.651390838365
chr18	20930431	27642042	2.05853547978023	8.33126449228317	8	2	0.999964837332453
chr18	51047824	51078532	4.67542061002072	51.1059942342766	51	2	0.999999999565284
chr19	60571	225452	0.46922635060423	2.76873379653163	3	1	0.664220670326821
chr19	242894	1208030	-0.609168861606926	1.31114854061183	1	-1	0.760402780709616
chr19	1208034	1226795	4.30503387262962	39.5343245924125	40	2	0.99999999722875
chr19	1229154	3626753	-0.593547318395533	1.32542283632603	1	-1	0.736013201026501
chr19	4885131	4921971	5.56808207158333	94.8832861644992	95	2	0.999999999996447
chr19	6067734	7829235	-0.613777266252725	1.30696701738632	1	-1	0.766867650723696
chr19	7846566	11394570	0.682384395344152	3.20957972009531	3	1	0.860762980884818
chr19	11397212	12527655	0.993330720051002	3.98155150426667	4	2	0.864018781596965
chr19	12527665	13906668	0.536379225355353	2.90065602905842	3	1	0.81007023229788
chr19	13909571	17517886	1.19488711389712	4.57853837293327	5	2	0.998204235903785
chr19	17861952	18513532	-0.672085169191633	1.25519788875779	1	-1	0.826134271408475
chr19	19599293	20799453	-0.502199382255041	1.41205924254978	1	-1	0.505927908583328
chr19	20805786	22623672	0.917469082699464	3.77759773772783	4	2	0.626348382782952
chr19	22634518	24448208	-0.509172968704387	1.4052502107666	1	-1	0.528234044092788
chr19	27248209	34685581	-0.690576081342975	1.23921277212153	1	-1	0.838460991053573
chr19	34685782	43799820	-0.606080361370709	1.31395843465978	1	-1	0.755890270410184
chr19	44033365	48366100	-0.627053548939085	1.29499493125199	1	-1	0.783805629620649
chr19	54747401	54786503	-2.48682134768423	0.35679780680446	0	2	0.627046812386283
chr19	54819797	54852193	-2.22229378727521	0.428600730110826	0	2	0.672219778932188
chr20	1588394	1611704	2.64435208476038	12.5042973411559	13	2	0.999995977900675
chr20	6200249	6214618	2.72579855524903	13.2305263763182	13	2	0.999997073400919
chr20	52591963	59865925	1.17652753336258	4.52064156604129	5	2	0.997345836493481
chr22	11439687	11972641	-0.765514300846258	1.17648726100316	1	-1	0.871004351975915
chr22	23786710	23831850	5.41739063222984	85.4726313288122	85	2	0.999999999991726
chr22	39312948	39836002	0.734854105249058	3.32845832636781	3	1	0.82592158811368
chr22	41162700	41695105	-0.58350625917012	1.3346798657741	1	-1	0.71816027473398
chr22	41699429	42884472	-0.615235934175348	1.30564624801657	1	-1	0.76884876052867
chr22	43258176	44466160	0.811061887752089	3.50900471860409	4	1	0.70928519823235
chr22	44466161	50799120	-1.43758286351465	0.738370662242889	1	-1	0.790496051841374
chrX	2789563	58550623	1.19459334973192	4.57760617760619	5	2	0.998193456986695
chrX	62470624	124364504	1.20089257419185	4.59763703062182	5	2	0.998407471713919
chrX	124365706	156027976	1.21095610243681	4.62981999209834	5	2	0.998684148491637
