Chromosome	Start	End	Segment	CNF	CN	Call	ProbCall
chr1	12080	2789669	-0.618083015591765	1.30307216579694	1	-1	0.722614228157285
chr1	11711785	11935153	-0.547002839487346	1.36888111888112	1	-1	0.52422865120939
chr1	12644487	13421249	1.36437165472941	5.14928333258876	5	2	0.913300165109103
chr1	15101344	15736908	-0.677119269426424	1.25082566849636	1	-1	0.820725063083336
chr1	52805408	53108716	-0.749901932588709	1.18928795428182	1	-1	0.880348757116817
chr1	92153025	92240999	-3.14374395599988	0.226291773555899	0	-2	0.998493014419124
chr1	103418116	103562052	-1.52509875607084	0.694911539866373	1	-1	0.838212954985312
chr1	103562053	103763806	1.98692877994026	7.92784513057963	8	2	0.90927801812527
chr1	120802438	120995534	1.3041873320071	4.93889169437104	5	2	0.912314940515829
chr1	145226519	145748122	1.55628943107714	5.88192925005021	6	2	0.914690219201164
chr1	149472780	149589611	1.61781563687407	6.13819992851911	6	2	0.914644121424911
chr1	152084915	152579891	0.954891037751462	3.87686644907347	4	2	0.720833346994988
chr1	152580092	152614198	-8.31146947900504	0.00629547312708657	0	-2	1
chr1	171014063	171166601	-1.11958161575267	0.920454545454547	1	-1	0.930626115388426
chr1	182450011	182566394	-6.04553175680633	0.0302791442616515	0	-2	0.999999999033575
chr1	201114714	201213636	-2.55280711859724	0.340846218278045	0	-2	0.987494966005922
chr1	223538053	225399328	-0.585554521102268	1.33278630256936	1	-1	0.641847757189944
chr2	31078828	31205578	-6.31808133473916	0.0250667482219898	0	-2	0.999999999820615
chr2	54813160	55065501	-3.63685352814229	0.160778507888286	0	-2	0.999785407109469
chr2	61010603	61186367	-0.644698945655845	1.27925250140384	1	-1	0.774095610737116
chr2	84517890	85058714	-2.45127748688885	0.365697460434304	0	-2	0.981422225136903
chr2	101017818	101903653	-0.530560493718209	1.38457145117277	1	-1	0.469893811265845
chr2	151490365	151608542	-2.01946954972876	0.493297694657241	0	-2	0.780160168916942
chr2	178532313	178635758	1.3070641136696	4.9487498333405	5	2	0.912370825334913
chr2	178635885	178702304	-0.9502081734117	1.03511555125949	1	-1	0.926624156635963
chr2	178702417	178814947	0.984863061361694	3.95825089607283	4	2	0.782562837153623
chr2	185738562	185804732	-9.51826950163758	0.00272737822515448	0	-2	1
chr2	209690553	210018261	-5.66541149009075	0.0394068026886915	0	-2	0.99999999083142
chr3	33218678	33811278	-0.54730437466263	1.36859504132232	1	-1	0.52521205909543
chr3	36858655	36944864	-3.38519410424683	0.191418993854616	0	-2	0.999405364090208
chr3	44234538	44387922	-3.75559769713022	0.148075237260143	0	-2	0.999869650097006
chr3	56525225	57498577	-0.551933700333682	1.36421052631579	1	-1	0.540222426481297
chr3	90189834	90719686	1.41799270649673	5.34426929569244	5	2	0.913929912900035
chr3	97958933	98498630	0.788910125085696	3.45553747485529	3	1	0.649907406540103
chr3	100744881	100891515	-3.23546228099294	0.212353194809503	0	-2	0.998935586508906
chr3	113286941	113358882	-6.65563262482148	0.0198374084491918	0	-2	0.999999999979472
chr4	36244755	36343891	-5.46878750496967	0.0451607261835807	0	-2	0.999999971937512
chr4	51795751	51909096	-0.530514716698779	1.38461538461539	1	-1	0.469741355095005
chr4	68439983	69760417	0.868009376706964	3.65028567890214	4	2	0.487442754205929
chr4	98853451	99143284	-0.547156828166413	1.36873501666265	1	-1	0.524730941108765
chr4	127950131	128161363	-0.996044608667762	1.00274543015972	1	-1	0.929545282762487
chr4	143559691	144140585	-0.533280721078296	1.38196327653569	1	-1	0.478947827331395
chr4	190021868	190201387	1.9792120510343	7.88555364933285	8	2	0.909484729782886
chr5	37205299	37272940	-6.02819166704166	0.0306452722734387	0	-2	0.999999998926429
chr5	61332034	61643544	-0.618732014964269	1.30248610789551	1	-1	0.724024874364618
chr5	94384250	94676207	-1.37827570997108	0.769356566151753	1	-1	0.897278558660752
chr5	122845579	123192520	-0.528872704493098	1.38619219025949	1	-1	0.464271535549899
chr5	140823032	141423759	0.718962640129002	3.29199613084381	3	1	0.744692646810905
chr5	149999875	150058427	-6.0199522206771	0.0308207927247021	0	-2	0.999999998871526
chr6	24666032	25137787	-0.766216942882003	1.17591441080958	1	-1	0.888268280708405
chr6	29133074	30931788	0.56035472522785	2.94926350088712	3	1	0.705482765362147
chr6	30931962	31134970	-1.0362759480727	0.975168920565381	1	-1	0.930928559924541
chr6	31137781	31317275	0.889759430946219	3.70573426573429	4	2	0.548076676054978
chr6	31317276	31558636	-0.6919985353577	1.23799154766153	1	-1	0.837185127708938
chr6	31558837	32254175	0.555217667671405	2.93878062378981	3	1	0.697450383288861
chr6	32255707	32490364	-0.698814895775019	1.23215615444868	1	-1	0.843851959839985
chr6	32490365	32746456	6.53705038275677	185.728368619267	186	-2	0.99940971187819
chr6	123204127	123563815	-0.871167654135041	1.09340838621604	1	-1	0.917250581070624
chr6	138321024	138750344	-0.530827446094076	1.38431527752981	1	-1	0.47078282394405
chr6	146598998	146815308	-6.64413400088118	0.0199961490910817	0	-2	0.999999999977866
chr7	5900175	6023787	1.06148074393224	4.17414507732193	4	2	0.873418216000831
chr7	6023791	6686625	-0.628668687062097	1.29354595883599	1	-1	0.744638277705553
chr7	12331101	12663001	-0.906177977643481	1.06719367588933	1	-1	0.92221032898465
chr7	57880237	58115236	1.10281080558378	4.29545454545456	4	2	0.893388036123455
chr7	60880237	61610236	-0.866227872162339	1.09715862884268	1	-1	0.916422517616992
chr7	72998651	73298180	0.788170552850458	3.45376650831903	3	1	0.651303326836026
chr7	75281241	75366462	2.5112058354311	11.4019275585958	11	2	0.88322584100904
chr7	99060460	99615831	-0.718205153874566	1.21570639521707	1	-1	0.860223962592658
chr7	100963158	101030426	-4.79724864386933	0.0719306951147218	0	-2	0.999998984834433
chr7	101030983	101137649	0.485278780488349	2.79971268394976	3	1	0.535475460462389
chr7	142034082	142222082	-2.4442536190016	0.367482226771803	0	-2	0.980867031434158
chr8	39285132	39819747	1.04575182857546	4.1288838330387	4	2	0.861573247754194
chr8	54648920	54769823	-7.28320345204017	0.0128400670641906	0	-2	0.999999999999713
chr8	131885667	132187307	-1.28950661719498	0.818181818181821	1	-1	0.915694026175604
chr9	27229470	28035980	1.05081194531667	4.14339092979763	4	2	0.865697369422868
chr9	36841018	37033130	1.84517083040879	7.18590982070625	7	2	0.912405270882573
chr9	38538154	38622186	-3.89012519321445	0.134891823503728	0	-2	0.999926899839159
chr9	122291631	122795078	0.479571491121124	2.78865892298396	3	1	0.518305256060327
chr9	129876057	130938675	-0.932978488601379	1.04755174657208	1	-1	0.925105782068632
chr10	19048927	19817257	-0.633002260556555	1.28966622987835	1	-1	0.753056129519319
chr10	23199148	23451100	-0.731728945800058	1.20436363636364	1	-1	0.869689283586692
chr10	41696403	42371995	0.710493382805022	3.27272727272729	3	1	0.751379660174552
chr10	45652864	45792353	1.61783034545799	6.13826250909674	6	2	0.914644082253622
chr10	49819233	49988004	-0.732784506497638	1.20348277524868	1	-1	0.870369184998379
chr10	49988784	50327384	0.796990540320973	3.47494595548144	3	1	0.634084218794197
chr10	87870912	87964323	1.83097002016332	7.11552408305076	7	2	0.912642819028272
chr10	95685441	96069678	-0.680297295926649	1.24807333213665	1	-1	0.824474506751706
chr10	110780755	110923382	-1.62081463416574	0.650303622691377	1	-1	0.767850843876698
chr10	116620764	117167893	-0.559934303364409	1.35666610513935	1	-1	0.565705766288101
chr10	133666043	133783907	1.85567281549762	7.23840993951891	7	2	0.912220946895411
chr11	1565522	1630553	1.94646434291871	7.70857581960833	8	2	0.910314165732451
chr11	6520554	6720120	-0.70696965902463	1.22521109875617	1	-1	0.851179088669608
chr11	7577507	7778920	-0.889784385533684	1.07938954198002	1	-1	0.920073015623244
chr11	8617819	9140380	-0.695211760572126	1.23523731415083	1	-1	0.840392040029005
chr11	17317530	18019904	-0.870289365838413	1.09407423737432	1	-1	0.917105925219185
chr11	48367397	48943724	0.710493382805022	3.27272727272729	3	1	0.751379660174552
chr11	93666657	93865933	-0.786294900455357	1.15966258432127	1	-1	0.89631000995137
chr11	100646572	101050992	-0.874469117916139	1.09090909090909	1	-1	0.917784638658043
chr12	6937841	7133159	-0.654379456730936	1.27069742732076	1	-1	0.789731968721309
chr12	9288298	9993881	-0.532080501866793	1.38311344962236	1	-1	0.474954512113797
chr12	40377972	40580867	-9.51639146633566	0.00273093091491765	0	-2	1
chr12	50073538	50402869	-0.691453273537362	1.23845953090425	1	-1	0.83662927759525
chr12	52289938	52904923	0.51337877389027	2.85477842386436	3	1	0.612100561227302
chr12	57251139	57455083	-1.14636268444624	0.903525557563656	1	-1	0.929629620324227
chr12	64588407	64878560	-0.834867663605178	1.12126892573901	1	-1	0.910239675303595
chr12	80200231	81535519	-0.704544116473827	1.22727272727273	1	-1	0.849070208774799
chr12	93175867	93573306	-0.522020975905344	1.39279123018743	1	-1	0.441452015374575
chr12	111403225	111448535	1.84160537987107	7.16817261933833	7	2	0.912466174152967
chr13	45524898	45597113	-5.69070030875668	0.0387220647102781	0	-2	0.999999992077778
chr13	48315928	48479528	1.39469270796844	5.25865083622972	5	2	0.91368091200095
chr14	23065857	23323587	-0.772220649320591	1.17103106715643	1	-1	0.890851783600371
chr14	23323868	23453956	0.530731310082773	2.88932263349507	3	1	0.651846858091228
chr14	23455543	23576232	-0.842262983912627	1.11553595658074	1	-1	0.911856638404764
chr14	35590401	35781046	1.00739155910718	4.02054634243533	4	2	0.818757251084281
chr14	37515405	37904445	-0.678548907940876	1.24958677685951	1	-1	0.822428164496848
chr14	59474449	60083699	-0.896487769098045	1.07438586612059	1	-1	0.92098365777728
chr14	69461428	69573623	-2.88196602597883	0.271313732061482	0	-2	0.996082638278249
chr14	104938020	104956715	1.54363199689944	5.83055006703716	6	2	0.914670509964368
chr14	104957416	106504715	-0.732488266285269	1.20372992144998	1	-1	0.870179184130006
chr14	106507004	106880139	0.695180745512306	3.23817452978175	3	1	0.761042717858507
chr15	19990339	24542546	-0.89330810947273	1.07675639392792	1	-1	0.920558252874507
chr15	42465923	42745168	-1.11383520521426	0.924128126839658	1	-1	0.930781909731053
chr16	2064196	2122953	0.672612861725993	3.1879143343171	3	1	0.769703166578577
chr16	4297991	4625086	-0.789979592979887	1.15670454545455	1	-1	0.897613645296797
chr16	14838392	14933570	1.4876087073363	5.60847564639448	6	2	0.914463315427579
chr16	18334764	18557805	1.43946860254491	5.42441892949044	5	2	0.914127604639046
chr16	21332300	22250714	-0.671111929549227	1.25604492881124	1	-1	0.813266765057768
chr16	29320948	29871830	-0.523392566823758	1.39146771278256	1	-1	0.446016121882826
chr16	29871940	29995674	0.635218860495548	3.10634670493281	3	1	0.76933510206804
chr16	46383210	46568993	-1.06369386439697	0.956811169040398	1	-1	0.931292046998977
chr16	71431047	72119933	-0.673527381614337	1.25394373773483	1	-1	0.816325153351065
chr17	10165002	10725180	0.508912663492955	2.84595463154613	3	1	0.60089378797371
chr17	16551813	16845677	0.903491616820708	3.7411754272824	4	2	0.586752753751267
chr17	31099795	31350733	0.802779942116159	3.48891860901028	3	1	0.622103640309443
chr17	36325376	36457734	1.98173423787421	7.89935160005034	8	2	0.909417643341567
chr17	46302493	46799249	0.584469355940796	2.99897470950102	3	1	0.736451534656845
chr18	20915431	21121114	0.547841465976262	2.92379359103696	3	1	0.684997321138795
chr18	21121115	21522835	-1.07377792613954	0.950146627565988	1	-1	0.931311152104537
chr18	46477133	46962243	-0.609063807619599	1.31124401913876	1	-1	0.702187852605469
chr18	46962822	47040523	3.39226124410726	20.9991822740783	21	2	0.742135469608073
chr18	47040524	47249186	-0.556197919360631	1.36018423967482	1	-1	0.553884485879203
chr18	60597700	60648798	-9.60859499427057	0.00256185583172476	0	-2	1
chr18	74307224	74512537	-0.65772836435628	1.26775119617225	1	-1	0.794785210219691
chr19	1031073	1063922	1.25427415619699	4.77094202813695	5	2	0.911113975272801
chr19	32712224	33086573	-1.09057236338168	0.93915008434323	1	-1	0.931207162708165
chr19	40891278	40969410	-2.06447631204903	0.478146190936932	0	-2	0.833100656289719
chr19	52468382	53005144	0.727760590300105	3.31213296398894	3	1	0.736709755457009
chr20	1578212	1611704	2.6920234834928	12.9243828169003	13	2	0.867089796549148
chr20	26278585	26383584	1.92404531664759	7.58971291866031	8	2	0.910838041891904
chr20	38585259	38650773	-5.33570410776691	0.0495248320291512	0	-2	0.999999941202018
chr21	7769220	10459484	-0.536976389292778	1.37842771171874	1	-1	0.491221830214942
chr21	10462811	10813737	0.623709985261535	3.08166488595718	3	1	0.76535136889265
chr21	44533571	44697909	1.25776867330024	4.78251228110445	5	2	0.911216859367527
chrX	10202	661568	-0.762341651899087	1.17907733593752	1	-1	0.886511127597549
chrX	3309695	30673434	1.07306346218972	4.2077922077922	4	2	0.880454279436399
chrX	30673985	30696243	-0.784374828802298	1.16120699776657	1	-1	0.89561111984284
chrX	30696559	36225383	0.973527788638814	3.92727272727274	4	2	0.761005141578531
chrX	36228625	36385049	-1.83382713341879	0.561038961038963	1	-2	0.476541803229549
chrX	36385250	46455739	1.02215800166713	4.06190923295991	4	2	0.837851392786275
chrX	46460522	47939432	0.654566607650668	3.14828600434177	3	1	0.77185928153409
chrX	47939433	48560930	1.20451228513739	4.60918695042849	5	2	0.90906042030985
chrX	49270104	53008785	1.18972613184104	4.56218873668096	5	2	0.908111284924605
chrX	53008786	54605803	0.590199149087308	3.0109090909091	3	1	0.742254119358719
chrX	54605804	58550623	1.27890957464629	4.8531100478469	5	2	0.911770145105027
chrX	62465624	70277508	1.12553088208386	4.36363636363637	4	2	0.899618243490575
chrX	70277698	72948402	0.756440365466163	3.37863468028414	3	1	0.703047424892267
chrX	72948403	101474398	1.07306346218972	4.2077922077922	4	2	0.880454279436399
chrX	101474399	101498286	-5.47550887589863	0.0449508162618494	0	-2	0.999999972976624
chrX	101498487	102169612	1.39665363991154	5.26580333020677	5	2	0.913703285962774
chrX	102169613	102226682	-4.61478024561051	0.0816286695994005	0	-2	0.999997470539294
chrX	102226883	102460293	1.82165283711725	7.06971882220571	7	2	0.912791411171496
chrX	102460427	102471323	-5.95482238186552	0.0322440688537623	0	-2	0.999999998329348
chrX	102471524	125319019	1.11310068167622	4.32620095693783	4	2	0.896522627630315
chrX	125320121	125323129	-6.83046037946084	0.0175734300583903	0	-2	0.999999999993554
chrX	125323330	134789283	1.08762142874429	4.25046720469394	4	2	0.887598195343384
chrX	135021971	153418111	1.12553088208386	4.36363636363637	4	2	0.899618243490575
chrX	153486964	156027976	1.02571928872757	4.0719484257558	4	2	0.841942845376561
