Chromosome	Start	End	Segment	CNF	CN	Call	ProbCall
chr1	151280023	153262122	0.519522583770101	2.86696160492341	3	1	0.850773726837168
chr2	10202	22818488	0.547479868428447	2.92306086230297	3	1	0.867744574293928
chr2	88862124	92135200	2.09823043514493	8.56367731557238	9	2	0.999873359495175
chr2	158136355	174012975	1.04485842023616	4.12632775762669	4	2	0.994979745721689
chr3	90184633	90721908	-1.43882886229565	0.737733235936113	1	-1	0.811280442229633
chr4	9020856	17558045	-0.756120268630408	1.18417289051327	1	-1	0.823272423006201
chr5	10202	17375577	-0.544710197908317	1.3710581893229	1	-1	0.705965541091542
chr5	17378905	17632684	2.65182035922009	12.5691950844867	13	2	0.999971596495865
chr5	17634459	46416170	-0.547533646818991	1.36837756237089	1	-1	0.70910075663155
chr5	50116171	180444612	-0.640643051210465	1.28285396472272	1	-1	0.77773123584655
chr6	70202	25950926	-0.625604197061269	1.29629655521255	1	-1	0.769619044453443
chr6	25962801	26322292	3.32317344703042	20.017271700035	20	2	0.999995705502651
chr6	26322493	58438364	-0.464952066559954	1.44899029635458	1	-1	0.558698679675124
chr7	142300923	142544685	3.89123431285552	29.6761969034828	30	2	0.999999186556872
chr7	142554835	142789040	-3.05877236208974	0.240020184235006	0	-2	0.902152068851105
chr8	64090	43974791	-0.517780216365934	1.39689132204387	1	-1	0.670408507487309
chr8	45934792	93819234	0.431347883796461	2.6969857218403	3	1	0.653018062376488
chr9	67791498	108856967	-0.518448315942345	1.39624458353395	1	-1	0.671432769681378
chr9	108862265	119974322	1.75624710135811	6.75636421420628	7	2	0.999690091123828
chr11	79792501	87021159	1.31517611407803	4.97665409109343	5	2	0.999048264936691
chr12	55731263	73669239	0.58645286446412	3.00310072559258	3	1	0.875133052074031
chr12	120282302	125941683	0.423211498094491	2.68181830705182	3	1	0.616050470571605
chr14	20745891	22320691	1.93925071785929	7.67012834060506	8	2	0.999807499569919
chr14	103550344	106879812	1.83538636902903	7.13733935458689	7	2	0.999747572347473
chr17	26946904	40987135	-0.500009753943054	1.41420400102331	1	-1	0.639961624019414
chr17	40993429	41397592	2.89585294595528	14.8856771474085	15	2	0.999985567501291
chr17	41402415	83240804	-0.430541808834217	1.48396615762957	1	-1	0.450681838443909
chr19	27243626	29223137	-0.744817355388649	1.19348682841983	1	-1	0.81979240469914
chr19	29233089	33382686	3.30871708789221	19.8176925393185	20	2	0.999995523258868
chr19	53632055	53766632	-4.57046293102604	0.0841750841750842	0	-2	0.989734369950584
chr20	53668959	64327972	0.587766133096066	3.0058356580958	3	1	0.875118347584132
chr21	5011798	8247846	-0.514261315954089	1.40030266051053	1	-1	0.664877523811731
chr21	30118037	30747233	2.04091852718652	8.23014887170018	8	2	0.999852643786154
chr22	22425820	22919851	1.75488750216347	6.75000000000001	7	2	0.99968900010835
chr22	42583720	50801309	-0.957004284685843	1.03025089385495	1	-1	0.861225932971117
