Chromosome	Start	End	Segment	CNF	CN	Call	ProbCall
chr1	12644546	13392629	0.912010230325357	3.76333111619751	4	2	0.861328599013147
chr1	143500713	144068350	1.0613026988458	4.17362997181238	4	2	0.997196082164694
chr1	152514501	153726353	-0.526016752541429	1.38893900734386	1	-1	0.488083138310615
chr1	228106678	228651379	-0.533844391806223	1.38142343958545	1	-1	0.506441308818389
chr2	88364694	90295570	-2.1698317830117	0.444473162746618	0	-2	0.674961393715857
chr3	90184633	90721908	1.09246430156388	4.2647592480046	4	2	0.998980082299423
chr7	142300923	142544685	-2.98566846655485	0.25249584164897	0	-2	0.845865461002237
chr7	142554835	142616415	4.84008786436524	57.2850932635806	57	2	1
chr7	142618848	142740894	-2.05139122558904	0.482502651113467	0	-2	0.622218254397996
chr7	142749467	142796414	7.07754703578771	270.136923275274	270	2	1
chr9	42183658	43206105	0.444755091905493	2.72216608605844	3	1	0.593720808355374
chr10	133667150	133778699	3.51196882545741	22.8159184536692	23	2	0.999999999991922
chr11	114570590	116500630	0.423804110294916	2.68292013707108	3	1	0.487546183409842
chr14	20781050	22503814	-0.703878580802081	1.22783901618622	1	-1	0.706118360353108
chr14	22505109	22537680	1.55362013332422	5.87105647079475	6	2	0.999996626062858
chr14	101952415	106879812	-1.20730623540087	0.866152981879451	1	-1	0.745061041671563
chr15	19790202	22258848	-0.982961651830105	1.01188009737929	1	-1	0.782274426889137
chr17	40993429	41397592	-3.67251850094184	0.156852616346219	0	-2	0.876115715161172
chr19	53632055	53761222	3.89371207265555	29.7272081458678	30	2	0.999999999999597
chr21	30165563	30881555	-1.56353631307622	0.676641555398236	1	-1	0.441588517591054
chr22	15166843	16897546	0.449520720338863	2.73117303611001	3	1	0.615392892410353
chr22	21290759	21464279	0.960197365107468	3.89115207478023	4	2	0.951406522317306
chr22	21466422	22923034	-2.15328564497538	0.449600129128606	0	-2	0.668401833917591
chrX	2903969	41316589	0.974220435578104	3.92915868823987	4	2	0.965690481978593
chrX	41322600	52336642	0.587438252591089	3.00515260110819	3	1	0.857723505774199
chrX	52336843	58546333	1.11657271048995	4.33662504731229	4	2	0.999544136706148
chrX	62466334	153205534	0.996246842809189	3.98960756247392	4	2	0.980802403674246
