Chromosome	Start	End	Segment	CNF	CN	Call	ProbCall
chr1	12080	19169	0.657857033569982	3.15547465054514	3	1	0.948906958734831
chr1	1450567	1495978	-1.46490191766591	0.724520332475337	1	-1	0.660333525298474
chr1	16688550	16953540	0.70400875287051	3.25805001890001	3	1	0.946513797056573
chr1	25246375	25390915	-0.680902197949604	1.24755014198796	1	-1	0.744186216720403
chr1	120809685	120890334	-0.98131214362792	1.01303769411571	1	-1	0.85707655107649
chr1	121729147	121969146	-1.08661510975638	0.941729670933828	1	-1	0.852686583365893
chr1	143189147	143289146	-1.24832930552061	0.841870768616805	1	-1	0.813627415243087
chr1	143289147	145330666	0.47650530560881	2.78273843011021	3	1	0.779151718006895
chr1	145341652	145393227	1.32718169444542	5.01824078051299	5	2	0.997971238711038
chr1	182858118	182883568	0.834539799952404	3.5665762070259	4	1	0.877197149308962
chr2	26193449	26239163	0.615292739396201	3.06373759867357	3	1	0.942199691046729
chr2	88782870	88804828	-1.10396035909003	0.930475224005526	1	-1	0.850530259565513
chr2	95848829	95960527	-0.551508534701342	1.36461262162283	1	-1	0.421123636875574
chr2	97144535	97191307	-1.08814163220271	0.940733749302494	1	-1	0.852513852548876
chr2	97507567	97558939	-0.956191088345868	1.03083177366313	1	-1	0.855974820135089
chr2	171690075	171785595	0.423118512305183	2.681645461822	3	1	0.595881652118678
chr3	5178161	5184814	8.35623436098991	655.401134966026	655	2	0.999999999999999
chr3	98149921	98391234	0.783501774435783	3.44260766536557	3	1	0.919155321101786
chr3	155925197	156121046	1.04095042526907	4.11516542142324	4	2	0.740698812103465
chr3	156121247	160026787	0.407003520560004	2.65185799182895	3	1	0.527026028553774
chr3	160026988	160285921	0.815353617929194	3.51945884996806	4	1	0.896164629020615
chr3	160377363	179602787	0.582654240678227	2.99520394595761	3	1	0.928892308427586
chr3	179604439	198228341	0.493035155097153	2.81480534002468	3	1	0.818917377634765
chr4	9160776	9175774	3.66083950963124	25.2960375563964	25	2	0.999997888076257
chr4	9175859	9203269	-2.29757433986328	0.40680960855234	0	2	0.733494212810034
chr4	9210624	9368010	1.34694558765572	5.08746014591458	5	2	0.998179577850508
chr4	54723519	54727332	2.68512495825605	12.8627299020848	13	2	0.999952056504293
chr4	102801327	102809943	0.82411603648279	3.54089984271759	4	1	0.888053844752837
chr4	102811641	103057961	-0.665719434791703	1.26074854927525	1	-1	0.723490247666252
chr5	17491204	17675659	0.940553222147085	3.83852813389734	4	1	0.653009284526263
chr5	34144738	34213813	1.30841947226944	4.95340118521059	5	2	0.997677110183765
chr5	69632197	70512268	-0.604583742529275	1.31532221234367	1	-1	0.594625748996269
chr5	70512349	70530308	0.84223715043224	3.58565616054654	4	1	0.868250599944308
chr5	71197716	71489689	0.453792921434593	2.73927274766748	3	1	0.71122197731379
chr5	72893151	72905528	0.939005533276703	3.83441246035395	4	1	0.658173822894262
chr5	80331635	80360170	2.58069430432823	11.964550604617	12	2	0.999934794266187
chr5	103005017	103011255	0.688345004386702	3.22286778484106	3	1	0.948333246459273
chr5	112827227	112836688	6.20235589350361	147.273688310418	147	2	0.99999999992501
chr5	171389950	171410525	1.01601385250432	4.0446471592102	4	2	0.644008580018075
chr5	178767282	178802648	0.627158009478505	3.08903883718815	3	1	0.945092904612005
chr6	29100865	29262987	1.46345949213168	5.51537695590325	6	2	0.998730587365352
chr6	29791232	29888195	1.21250624315503	4.63479729454482	5	2	0.990483578648704
chr6	30953289	31588142	0.737714688811051	3.33506455888584	3	1	0.938986060207791
chr6	32255707	32396616	-0.947551043076767	1.03702376558217	1	-1	0.855400096463863
chr6	32517622	32686911	7.73429900354138	425.878770071341	426	2	0.999999999999964
chr6	33092941	33176788	0.681274670932835	3.20711185310827	3	1	0.948819476367882
chr6	110888893	110893102	1.28280473212102	4.86623074864727	5	2	0.997005661394528
chr6	137871517	137881396	1.73301831485295	6.64845129356255	7	2	0.999346340361264
chr7	6796504	6822434	1.01299035687225	4.03617955703329	4	2	0.631594721305373
chr7	47557451	48765822	0.421625400175516	2.67887153801535	3	1	0.589685163073559
chr7	50319018	50400774	7.30059061127192	315.302021910131	315	2	0.999999999999652
chr7	92813890	92834147	7.23147320164393	300.552498208751	301	2	0.999999999999503
chr7	103210328	103279884	-1.05518707088825	0.962469633826022	1	-1	0.855531899875426
chr8	7332400	7393314	1.00235017504329	4.00652137909754	4	2	0.587297502679607
chr8	7739059	7973239	-0.790745323728005	1.15609077109607	1	-1	0.823126319978554
chr8	39375698	39532152	9.18968127291972	1167.88400203348	1168	2	1
chr8	39610478	39648558	1.03356226677174	4.09414519410178	4	2	0.713360707009406
chr8	42109276	43977107	0.503980566685592	2.83624186650648	3	1	0.841085501880168
chr8	45937108	60763394	0.465813645698534	2.76219207824423	3	1	0.749128621911275
chr8	60780950	60816578	7.81955626327445	451.804948883729	452	2	0.999999999999977
chr8	60819991	91395213	0.469444767546325	2.76915300095924	3	1	0.759713849414086
chr8	94739418	94765180	1.38361668427179	5.21843309905358	5	2	0.998422869961114
chr8	100382713	101242026	0.732367501270996	3.32272639487032	3	1	0.940530657492558
chr8	119929788	145074357	0.505051475844164	2.83834798380451	3	1	0.843087990655197
chr9	21968066	21974385	2.28378623390722	9.73908498887713	10	2	0.999848031010143
chr9	34837642	34895641	0.608380385812615	3.0490934889194	3	1	0.940084297316426
chr9	36840509	37034074	6.84270384019495	229.556240195558	230	2	0.999999999996494
chr9	64126921	64428670	-0.607042428501439	1.31308250815526	1	-1	0.601411981991291
chr9	83806793	83998487	0.480582502212315	2.79061384285834	3	1	0.789696218851944
chr9	105521091	105526500	1.53987299649031	5.81537810665655	6	2	0.998946178075947
chr10	47720031	48011647	0.79402865433005	3.46781913004729	3	1	0.912563082982964
chr10	87864277	87964934	7.25669697075005	305.853499043314	306	2	0.999999999999564
chr10	94733241	95067776	0.46916640455581	2.76861875406089	3	1	0.758916592700734
chr10	133664443	133778707	1.34694558765572	5.08746014591458	5	2	0.998179577850508
chr11	1608345	1630553	1.42588025565862	5.37356767582597	5	2	0.998603847022341
chr11	55304391	57018363	0.421362424406205	2.67838327536728	3	1	0.588589282615216
chr11	57917347	57938388	5.71730023917023	105.222559555278	105	2	0.999999999329174
chr11	100859586	100933191	0.817994553021899	3.52590731933768	4	1	0.893811895348211
chr12	9480523	9593660	1.14773040096537	4.43130122879745	4	2	0.962578049510991
chr12	31114708	31178958	0.80771760789611	3.50087999194037	4	1	0.902548001692868
chr12	43796896	43804501	1.68100927265919	6.41304385373215	6	2	0.999255360487689
chr12	64566693	64611410	6.59073387430567	192.769617341587	193	2	0.999999999988026
chr12	111403225	111439011	6.82913543192964	227.407406435727	227	2	0.999999999996252
chr12	112379648	112504889	0.528695276115784	2.88524789162333	3	1	0.880500630243654
chr12	122542009	122562078	-0.724168584453983	1.21069160172288	1	-1	0.786586567849061
chr13	18219563	18346530	0.81817578209172	3.52635026606046	4	1	0.893647602984943
chr13	19032754	19131386	0.821187640694795	3.53371978088639	4	1	0.890862635029855
chr13	40976205	41017372	7.19237073602699	292.515798675446	293	2	0.999999999999393
chr13	48304140	48479697	6.88724681221192	236.754298992625	237	2	0.999999999997187
chr13	52208390	52279999	2.02602666550893	8.14563215344117	8	2	0.999693758120282
chr13	57141246	57173577	1.54957147004027	5.85460350723293	6	2	0.9989707526569
chr13	75302095	75310247	2.04184625844117	8.235443006376	8	2	0.999706382303582
chr14	19474471	19996793	0.986758030208506	3.9634534442049	4	2	0.521979348147107
chr14	35654227	35760891	0.702473875658396	3.25458563632717	3	1	0.946737472956629
chr15	19790202	20462973	-0.87134436275072	1.0932744682054	1	-1	0.845603520777606
chr15	20669445	22242229	-0.878891084568903	1.08757049326364	1	-1	0.846987047484975
chr15	27951708	28011024	-1.15679573305122	0.897015156409693	1	-1	0.841208763245632
chr15	82812954	82819574	-1.82304190597406	0.565248864535676	1	2	0.678455542315424
chr15	92832588	92915320	6.6363357946824	198.960164420203	199	2	0.999999999990391
chr16	20488316	20535464	3.37964416004564	20.8163347160884	21	2	0.999994560839572
chr16	31884406	31916172	1.10222951764474	4.29372417770913	4	2	0.906307997086978
chr16	74360587	74441481	1.05075773312883	4.14323523641771	4	2	0.774828413964439
chr17	7670087	7674149	2.11197814036278	8.64567221656461	9	2	0.99975671727778
chr17	12024637	12141397	7.17844412781547	289.705673478656	290	2	0.999999999999349
chr17	18428286	18622696	-1.33544804634334	0.792537966163543	1	-1	0.769885078023579
chr17	19030573	19222359	0.51635426857578	2.86067235394117	3	1	0.862531254363298
chr17	31095295	31373680	6.07177172261779	134.528844203737	135	2	0.999999999863246
chr17	45503264	46332613	-1.59049691227937	0.664114124600682	1	-1	0.492434071091215
chr17	46334772	46476306	0.427680306158455	2.69013823011861	3	1	0.614527988887568
chr17	67738277	67743984	0.884947325034153	3.69339438907149	4	1	0.800825062000152
chr18	51047024	51078532	4.83713267708207	57.1678717376022	57	2	0.999999973081956
chr19	1208034	1226795	4.7009289018487	52.0176349576298	52	2	0.999999953872116
chr19	4885131	4921971	5.73547664347732	106.556636844885	107	2	0.999999999380813
chr19	12995747	14177825	0.401646219556232	2.64202884849308	3	1	0.503412477709826
chr19	19711266	20799453	0.411867718961218	2.66081410032179	3	1	0.548214858761603
chr19	34520487	35269212	0.429383110045394	2.69331525790361	3	1	0.621371197927551
chr19	35269412	37413293	0.480714263589986	2.79086872133603	3	1	0.790028782948479
chr19	43418345	44909252	0.659028168912273	3.15803720751503	3	1	0.948960136760715
chr19	54747401	54855942	-1.56782179088954	0.674634596357746	1	-1	0.526842860495338
chr19	54865686	54906389	1.34694558765572	5.08746014591458	5	2	0.998179577850508
chr20	6200249	6214618	2.87046403952538	14.6260068684723	15	2	0.999972572649669
chr21	8536388	10128887	-0.601272300314461	1.31834476108731	1	-1	0.58527180255616
chr21	10136682	10570536	0.499836913220751	2.82810740853049	3	1	0.833062908721777
chr21	10577432	10798737	-0.736987701547402	1.19998161173815	1	-1	0.795675089584391
chr21	13398865	13426290	-0.675548487322886	1.25218828811732	1	-1	0.737303527074569
chr22	18203146	18892950	0.536448683168238	2.90079568301715	3	1	0.890232359782128
chr22	21326500	21550475	0.441455671990094	2.71594765027163	3	1	0.667846963086727
chr22	23786710	23831850	5.43319298097408	86.4139893745135	86	2	0.999999997700897
chrX	2789563	35544958	0.621510597926357	3.07697046974445	3	1	0.943826592263241
chrX	35544959	37546163	0.730805672404047	3.31913123315337	3	1	0.940955559505698
chrX	37546164	44876881	0.598248188245259	3.02775440870459	3	1	0.936344578868565
chrX	44877054	45111334	7.61046001280346	390.846961752048	391	2	0.999999999999931
chrX	45111353	58550623	0.59845011010669	3.0281782076191	3	1	0.93642703777628
chrX	62470624	67924199	0.869701223916446	3.65456887667746	4	1	0.82876061821151
chrX	67924200	77522392	0.655199620846559	3.14966768502116	3	1	0.9487628151373
chrX	77523223	77757472	7.56711569980663	379.279004109861	379	2	0.999999999999913
chrX	77757473	102514356	0.587933525880833	3.00618443893876	3	1	0.931665672532397
chrX	102514940	104024506	0.610345921531355	3.05325042185722	3	1	0.940720089487633
chrX	104039861	115123865	0.603106390378023	3.03796740381588	3	1	0.938237146541811
chrX	115123876	115156719	-1.00613237183347	0.995758384921308	1	-1	0.857350347208683
chrX	115163673	124364504	0.604485338734084	3.04087252425014	3	1	0.938740430218652
chrX	124365706	133027291	0.599883103868085	3.03118751739073	3	1	0.937002641445267
chrX	133027292	135719118	0.938365710482056	3.83271230856265	4	1	0.660291539051075
chrX	135812049	155705512	1.02423603746781	4.06776416035605	4	2	0.677162131421429
chrX	155705513	156027976	0.4309768112584	2.69629212505395	3	1	0.627715137955536
