Chromosome	Start	End	Segment	CNF	CN	Call	ProbCall
chr1	25246375	25390915	-0.687515276331196	1.24184466242629	1	-1	0.832597705683072
chr1	65190791	65228136	1.26976843803435	4.82245721279831	5	2	0.999786122480845
chr1	145295233	145327502	0.597842699339735	3.02690353705882	3	1	0.839446739900346
chr1	146077565	146098060	0.984155677613188	3.95631055806709	4	2	0.852453903905139
chr1	146098869	146108429	0.488530860226109	2.80603083042634	3	1	0.679696139059637
chr1	246849550	246902603	1.57972772495894	5.97826862929389	6	2	0.999973380920435
chr2	95798953	95960527	-0.678607470863776	1.24953605375675	1	-1	0.826146574548521
chr2	97144535	97191307	-0.518512688430178	1.39618228503721	1	-1	0.534455684322392
chr2	97513141	97576429	-0.971845537869438	1.01970685205822	1	-1	0.90173378985614
chr2	158035531	176753277	1.41343075123355	5.32739683770961	5	2	0.999947904947901
chr2	181386080	182602970	2.18831732292953	9.11547175892719	9	2	0.999997993845272
chr2	194274748	194634747	2.86127967427617	14.5331917487066	15	2	0.999999917853962
chr2	195754251	195845202	3.20412352486833	18.4317803559151	18	2	0.999999985921873
chr2	196841218	197350903	2.26076557541555	9.5849145843107	10	2	0.999998553439013
chr2	222671766	226329554	0.584058867832707	2.99812153658308	3	1	0.831190655306157
chr3	5178161	5184814	8.45354956192396	701.135543108194	701	2	1
chr3	98149921	98498630	1.07381200236522	4.20997598099354	4	2	0.973737563130607
chr3	155922139	156121046	1.10422348226293	4.29966268381715	4	2	0.986926858360669
chr4	9160776	9224983	0.997075519424819	3.99189983082066	4	2	0.880738587044282
chr4	9225078	17589035	-0.729501585970222	1.2062244752476	1	-1	0.856287774509123
chr4	68474618	68669987	0.711207192575668	3.27434693776834	3	1	0.826674707398339
chr4	190069025	190196187	1.65450338838872	6.29629609734927	6	2	0.999980321478189
chr5	10202	17476136	-0.610623667403289	1.30982705199051	1	-1	0.750725627784029
chr5	17491204	17655459	4.5930574705922	48.2700852824649	48	2	0.99999999999566
chr5	17655660	46416302	-0.664287705855204	1.26200033575105	1	-1	0.814430484366927
chr5	50136303	69400100	-0.749964823594421	1.18923611111111	1	-1	0.864802346637143
chr5	69400132	70204063	-0.707669208757575	1.22461714902517	1	-1	0.845195939871442
chr5	70487640	80321501	-0.740813399526002	1.19680374972316	1	-1	0.861191404990784
chr5	80331635	80360170	2.1485229756597	8.86747265126304	9	2	0.999997603264034
chr5	80360371	112827226	-0.709410217528954	1.22314020262227	1	-1	0.846169445158949
chr5	112827227	112836688	5.50519047355756	90.8358867229838	91	2	0.999999999999991
chr5	112836944	139317807	-0.715620726558176	1.21788614949269	1	-1	0.849509507154292
chr5	139318764	171390229	-0.682876817929108	1.24584378528838	1	-1	0.829312859879997
chr5	171420163	178782448	-0.652127399014981	1.27268254446771	1	-1	0.802988070952795
chr5	178782649	181472427	-0.586742716088959	1.33168907965577	1	-1	0.708997535294639
chr6	29677774	29945584	1.63173289668866	6.19769988746865	6	2	0.999978415419903
chr6	31166958	31529986	1.34745769609128	5.08926634448035	5	2	0.999924727313437
chr6	32442878	32805175	6.74850755953849	215.046905283261	215	2	1
chr6	33092941	33176788	0.755773402534837	3.37707308672226	3	1	0.782760600564043
chr6	110888893	110893664	1.20041600316259	4.59611852623092	5	2	0.998862653461392
chr6	137871517	137881396	2.01170274179004	8.06515769309331	8	2	0.999995623333803
chr7	35119633	35162006	-1.24051016029031	0.846445942464999	1	-1	0.877269782628617
chr7	50319018	50400774	7.31747251880381	319.013246114828	319	2	1
chr7	92813890	92834147	7.93945901488055	490.95909359775	491	2	1
chr7	102476109	102668659	0.954625832550836	3.87615384480215	4	2	0.772348738868889
chr7	103198524	103277703	-0.840614801600541	1.1168111098338	1	-1	0.888692085516011
chr7	142076561	142094610	-0.756560740447461	1.1838114037447	1	-1	0.867226850188688
chr8	64084	7247261	-0.639643866615835	1.28374275401179	1	-1	0.789594982255641
chr8	7254144	7362983	1.28314298268707	4.8673718063433	5	2	0.999834259613471
chr8	7372994	7611078	-0.678948516254239	1.24924070502841	1	-1	0.826404708990724
chr8	7675164	7774055	0.662252714445094	3.16510358201566	3	1	0.848457584442958
chr8	7779222	7985588	-1.15357644691162	0.899019026037975	1	-1	0.893276033226153
chr8	7990519	8030739	0.566247357722301	2.96133428895755	3	1	0.816434158719647
chr8	8033222	30921171	-0.707975153826131	1.22435747817091	1	-1	0.845368228212626
chr8	30921372	34763924	-0.813184364549014	1.13824856098498	1	-1	0.883249907905729
chr8	34763925	36153538	1.60565673395037	6.08668512235677	6	2	0.999976016681132
chr8	36976181	39365131	-0.734511809539049	1.20204273736125	1	-1	0.858523380429186
chr8	39375698	39477768	0.997075519424819	3.99189983082066	4	2	0.880738587044282
chr8	39491781	42271507	-0.681621290604157	1.24692847172499	1	-1	0.828396264882462
chr8	45957108	60618676	0.466164410497943	2.76286373615876	3	1	0.613577803897756
chr8	60620629	60816090	7.32681742178948	321.086327164462	321	2	1
chr8	60816125	65118780	0.481850851628651	2.79306829765545	3	1	0.661255106390353
chr8	65118781	68938524	1.00763343760736	4.02122047329337	4	2	0.900759098308574
chr8	68938525	132824164	0.472379638177929	2.77479201521342	3	1	0.633185502908853
chr8	132824993	145054157	0.575822194024106	2.9810533489174	3	1	0.82497417995018
chr9	12193	2123957	0.581966330819631	2.99377610492915	3	1	0.829706170570589
chr9	5762460	21967405	-0.732958398288732	1.20333772507686	1	-1	0.857841401236014
chr9	21968066	21974385	1.39229867988932	5.24993179464295	5	2	0.99994255168377
chr9	21974406	28929202	-0.723284116270056	1.21143406390682	1	-1	0.853362646225237
chr9	36840509	37477773	6.85729462870686	231.889651567129	232	2	1
chr9	42625438	43216461	-0.588683916561363	1.32989844683393	1	-1	0.712755838181722
chr9	67867182	102058248	-0.700054934884305	1.23109753476951	1	-1	0.84073466014048
chr9	105521091	105526500	1.10536637262768	4.30307018842393	4	2	0.987276586800669
chr9	109085925	113541503	1.39482724513768	5.25914124963406	5	2	0.999943253905465
chr9	133834234	134811578	-0.514650669635241	1.39992479865069	1	-1	0.522449713904538
chr9	134812201	138320875	2.34784265079966	10.1812489919738	10	2	0.999999028872932
chr10	37149615	37199805	-2.26873206682835	0.415024362768587	0	2	0.703753225702134
chr10	48025813	48180982	-0.850949876564181	1.10883916724236	1	-1	0.890442712090191
chr10	87864277	87964934	7.44261347697674	347.920403529833	348	2	1
chr10	94683738	95065033	0.7446998858778	3.35125132793785	3	1	0.796154587507168
chr10	133678143	133778707	0.997075519424819	3.99189983082066	4	2	0.880738587044282
chr11	1608345	1630553	1.36848089373889	5.16397098212382	5	2	0.99993469168678
chr12	64221853	72983406	1.81618996495177	7.04299942503949	7	2	0.999989911211441
chr12	103980784	103987084	1.91352205359291	7.53455367650472	8	2	0.99999331812462
chr12	105107708	108016083	2.21092264736914	9.25942526224804	9	2	0.999998187659072
chr12	111403225	111439011	6.74995836701856	215.263270194427	215	2	1
chr12	121308390	125975030	2.50070714637458	11.3192553462238	11	2	0.999999524391724
chr13	18171403	18761939	0.532782395969104	2.89343331759025	3	1	0.773785495788071
chr13	27075271	27116660	1.68211940758123	6.41798050601165	6	2	0.999982418258192
chr13	40976205	41017372	6.90417202749982	239.548177556803	240	2	1
chr13	48304140	48479697	6.74589608997062	214.657993930116	215	2	1
chr13	52532562	52657490	4.13943697714818	35.247205530165	35	2	0.999999999928209
chr14	19499286	19975666	0.903504921073405	3.74120992783266	4	2	0.597395170689402
chr14	35625252	35761049	0.897134762419661	3.7247271905506	4	2	0.574438398182538
chr14	104948929	104952018	-1.06802964171985	0.953939950624875	1	-1	0.90097504516993
chr15	19810202	22372296	-1.20891660712151	0.865186699992427	1	-1	0.884187558628535
chr15	82812954	82819574	-2.91122612176277	0.26586649419642	0	2	0.597212312470884
chr15	92832588	92915320	6.65616459999357	201.713607429059	202	2	1
chr15	101752412	101762131	-1.59564573013661	0.66174819965742	1	-1	0.635838396450978
chr15	101762277	101978886	0.457761814886056	2.74681893692154	3	1	0.585658544347027
chr16	11761	24341	1.09644746474643	4.27655016937977	4	2	0.984304240626281
chr17	62040	110749	0.925331441772658	3.79824098359721	4	2	0.675470485739361
chr17	116388	3154905	-0.696280710813273	1.23432241658963	1	-1	0.838393728253871
chr17	3155106	7669912	-0.658148120023301	1.26738239450119	1	-1	0.808838197032439
chr17	7670087	7672818	3.40299747917012	21.1560367161764	21	2	0.999999995147955
chr17	7673076	10357945	-0.658959855884521	1.26666949930025	1	-1	0.809598654305199
chr17	10539939	12024635	-0.651098638956355	1.2735903953002	1	-1	0.801950409066682
chr17	12024637	12141397	6.70009709606672	207.950608460001	208	2	1
chr17	12141598	18340997	-0.660643241452439	1.26519236826304	1	-1	0.811154945393146
chr17	18347533	18889985	-0.905423252062778	1.0677521092779	1	-1	0.897429416447749
chr17	19222560	22062160	-0.706164922836339	1.22589471290917	1	-1	0.844341185456488
chr17	26981802	31094507	-0.698849743248574	1.23212639278095	1	-1	0.839996817119583
chr17	31095295	31373680	5.67643885641439	102.284154604035	102	2	0.999999999999997
chr17	31373685	38132281	-0.696736411462852	1.2339325956742	1	-1	0.838681134969397
chr17	38322015	45406143	-0.680032375810159	1.24830253517852	1	-1	0.827219006868908
chr17	45410005	46334892	-1.58340672689608	0.667385974600985	1	-1	0.651662912986786
chr17	46335486	63507463	-0.616369541495562	1.30462073066237	1	-1	0.759377693917871
chr17	63523334	64973572	-0.651844050571156	1.27293252663518	1	-1	0.802703404264641
chr17	64973773	73254140	-0.686916705876016	1.24236000747724	1	-1	0.832182598723371
chr17	73257607	83240389	-0.550851287065078	1.36523443893211	1	-1	0.627115922879591
chr18	20951246	27622042	2.08128855711734	8.46370038597967	8	2	0.999996772043866
chr18	51047824	51078532	4.67665753125494	51.1498296910443	51	2	0.999999999997458
chr19	60571	1208030	-0.579741391313553	1.33816740499038	1	-1	0.694879041572598
chr19	1208034	1226795	4.30026157732425	39.4037649384671	39	2	0.99999999997296
chr19	1229154	3626753	-0.59004097035307	1.3286480819685	1	-1	0.715343399038167
chr19	4885131	4921971	5.56766720571346	94.8560051545254	95	2	0.999999999999994
chr19	6047734	7766829	-0.602304407740337	1.31740195142845	1	-1	0.737276029366915
chr19	7766834	11394570	0.688379027178092	3.22294378998987	3	1	0.839933445177696
chr19	11397212	12527655	0.98644830318458	3.96260263593213	4	2	0.857780864084307
chr19	12527665	13906668	0.533455826939306	2.89478424928078	3	1	0.77486308375264
chr19	13909571	17517886	1.19050447437167	4.5646507286309	5	2	0.998525401015349
chr19	17861952	18513532	-0.67108828536416	1.25606551417493	1	-1	0.820214877927784
chr19	19599293	20799453	-0.49965575128303	1.41455105524512	1	-1	0.474605657752245
chr19	20805786	22603472	0.944821012193811	3.84990010533131	4	2	0.741485565385495
chr19	22634518	24448208	-0.486832226575541	1.42718046527629	1	-1	0.432800597935378
chr19	27248209	43799820	-0.620806918825951	1.30061420087465	1	-1	0.765719204880543
chr19	44055141	48366100	-0.621709630015197	1.29980064588356	1	-1	0.766974045744753
chr19	54747401	54786503	-2.48741502069565	0.35665101372214	0	2	0.663143554534627
chr19	54819797	54852193	-2.23227797010283	0.425644835198135	0	2	0.709738883078031
chr19	54852317	54906389	0.950176921451537	3.86421916590786	4	2	0.75857495285485
chr19	54906409	54912902	-0.823132635036442	1.13042663589439	1	-1	0.885366540769853
chr20	1588394	1611704	2.64336241231724	12.4957224763993	12	2	0.999999759684188
chr20	6200249	6214618	2.72706301784539	13.2421274692459	13	2	0.999999840182698
chr20	52591963	59865925	1.1804624610313	4.53298837387593	5	2	0.998081319655407
chr22	11319687	11952641	-0.555574941959732	1.36077171450281	1	-1	0.639236167811935
chr22	23786710	23831850	5.41814839366677	85.5175367831314	86	2	0.999999999999983
chr22	39312948	39836002	0.729324440691284	3.31572519147306	3	1	0.811927714202395
chr22	41162700	41695105	-0.58506837544873	1.33323548789844	1	-1	0.705701734454833
chr22	41699429	42884472	-0.617839185453266	1.30329241686097	1	-1	0.761510198618016
chr22	43258176	44486160	0.810997365035633	3.50884778630225	4	1	0.685844428947343
chr22	44496875	50799120	-1.42026515425044	0.747287267080202	1	-1	0.803286947969114
chrX	2789563	58550623	1.18726106258744	4.55440018229578	5	2	0.998394471229923
chrX	62470624	124364504	1.19142546105188	4.56756563757217	5	2	0.998560592619288
chrX	124365706	156027976	1.20319962157833	4.60499510120585	5	2	0.998942442174672
