Chromosome	Start	End	Segment	CNF	CN	Call	ProbCall
chr2	88861885	92135200	-1.49690632405596	0.708624708624709	1	-1	0.998895648714813
chr4	8990454	11372892	-0.950488936827799	1.03491412663908	1	-1	0.996853117412314
chr5	50146171	181472430	-0.40008022112568	1.51563228736254	2	-1	0.47810591523776
chr7	142299176	146100566	-1.13755436597408	0.909058872251493	1	-1	0.998523488067086
chr9	134164438	138286430	1.5591708242828	5.89368855221994	6	2	0.999918646119184
chr14	18257823	22552154	-1.13559483863238	0.910294432052726	1	-1	0.998514926588006
chr17	21592793	22756903	1.84564877910995	7.18829082648779	7	2	0.999999816056252
chr18	20946905	26003668	1.53205837341893	5.78396320052799	6	2	0.999865923997284
chr21	28887279	32280988	-0.74253841572223	1.19537359849185	1	-1	0.988194116255239
