Chromosome	Start	End	Segment	CNF	CN	Call	ProbCall
chr1	12791396	13295374	-1.02599644406824	0.982142016028407	1	-1	0.880710882986185
chr1	228106678	228643927	0.643598079221157	3.12444096062722	3	1	0.943504507132373
chr2	6828513	7335262	0.703523767214411	3.2569549558954	3	1	0.933412256696256
chr2	88428816	90285570	1.01907338673743	4.05323377451859	4	2	0.828177501197796
chr2	95450309	95532405	1.54227776000418	5.82507958224925	6	2	0.989005977599898
chr3	32506282	33492098	0.535554871626252	2.89899907209782	3	1	0.902048603806565
chr3	90261413	90721908	-0.777379292078344	1.16685129017672	1	-1	0.847087172783449
chr4	25678849	25720030	-2.03090687677985	0.489402414173946	0	-2	0.71474220583011
chr4	73763917	74038807	0.791702103856455	3.46223128641875	3	1	0.874202968810777
chr5	17491324	17654643	3.34543482716147	20.3285418040398	20	2	0.999811315299688
chr6	25726131	26432383	1.00589624651847	4.01638131875054	4	2	0.789352796761279
chr6	27122656	28034855	0.447750790231904	2.72782442726388	3	1	0.704406104422239
chr6	28446972	28964737	0.41973056066608	2.67535541055297	3	1	0.582387148556897
chr7	57167038	57425676	-0.717260926115593	1.21650232188183	1	-1	0.817265882279896
chr7	63393748	63958709	0.603252212473921	3.03827448545878	3	1	0.939722912619187
chr7	99820017	99952158	-2.03090687677985	0.489402414173946	0	-2	0.71474220583011
chr7	142300923	142353358	3.39012643999424	20.9681320602887	21	2	0.999831366832466
chr7	142358638	142441325	0.549670927618254	2.92750356506651	3	1	0.914740119893036
chr7	142450946	142544685	3.90514628212899	29.9637499396627	30	2	0.999955598310267
chr7	142554835	142616415	-4.5671197741877	0.0843703692551211	0	-2	0.935036942686156
chr7	142618848	142671244	2.54360027816862	11.6608437588739	12	2	0.998710763328446
chr7	142681414	142789040	-5.85192022062773	0.0346279257021983	0	-2	0.946249843922028
chr8	7039640	7795870	0.450750809732907	2.73350271739695	3	1	0.715741435748209
chr8	43251710	43504962	-0.571110300108476	1.34619714290426	1	-1	0.595462748191751
chr8	100740128	101208558	0.49635493367021	2.82128993293464	3	1	0.844465787520808
chr8	101208759	101337649	-0.77700251119174	1.16715607023511	1	-1	0.846942367710276
chr9	60526106	61642494	-0.679331994678918	1.24890869224585	1	-1	0.788244232494695
chr9	134641773	134868475	3.01095391998242	16.1219452196372	16	2	0.999570157936386
chr10	41703309	42133308	-1.31218031553303	0.805423618722852	1	-1	0.785987730378225
chr10	133667150	133778699	-3.71972692731535	0.151803091052748	0	-2	0.907679184279716
chr12	55262538	55732648	-1.23091578422832	0.852093833684417	1	-1	0.833410458539966
chr14	20784494	22330891	0.840812850513256	3.58211797021692	4	1	0.795998669583804
chr14	22332921	22537680	-1.15374643693467	0.898913102570101	1	-1	0.860831962459969
chr14	104117404	106470800	0.696488143751285	3.24111035642226	3	1	0.93555757369264
chr14	106472790	106576755	-0.598834675302713	1.32057416267943	1	-1	0.668392064399042
chr14	106578743	106666532	2.04422863717798	8.24905375033878	8	2	0.996105180672208
chr14	106671771	106704286	-2.03090687677985	0.489402414173946	0	-2	0.71474220583011
chr14	106714683	106879812	1.23720116854591	4.71481501643907	5	2	0.979704357103052
chr15	19780202	19968352	-1.1807852995924	0.882222646904709	1	-1	0.852818098966024
chr15	19972781	20826173	0.507340750310883	2.84285546143832	3	1	0.864604587506964
chr15	20826453	21017816	-0.531073981207381	1.38407873886034	1	-1	0.456686825587431
chr15	21019387	22258848	0.702693699960437	3.25508157726009	3	1	0.933679938229227
chr15	92820193	93089204	7.17191239232762	288.397009051979	288	2	0.999999998287413
chr17	40993429	41435249	2.45428745289909	10.9608475399846	11	2	0.998420676114812
chr19	39553033	39768228	-1.1049132032258	0.929860884094287	1	-1	0.87164142457181
chr19	53632055	53766632	-4.63237679861853	0.0806390918346344	0	-2	0.936310883472899
chr21	30165563	30502117	0.827512484489864	3.54924578527063	4	1	0.822028285646077
chr21	30510306	30537381	-2.40875161933533	0.376637454622256	0	-2	0.78701560238134
chr21	30541534	30921755	0.675509391044816	3.19432120674357	3	1	0.940381287993041
chr22	21383373	21461663	-0.791191237907868	1.15573349697192	1	-1	0.852107610566137
chr22	21463962	22919851	1.57187433669018	5.94581401592559	6	2	0.989636374363697
chrX	48130656	48448879	-0.785755385451438	1.16009633667131	1	-1	0.850197029016221
chrX	48458536	49264826	0.591574211941269	3.01378021946205	3	1	0.93664361537281
chrX	52369029	52829267	-1.3017705324551	0.81125617949043	1	-1	0.793376538472051
chrX	120872602	120986639	-2.03090687677985	0.489402414173946	0	-2	0.71474220583011
