Chromosome	Start	End	Segment	CNF	CN	Call	ProbCall
chr1	151280023	153262122	1.06923976370741	4.19665470084629	4	2	0.999135488833084
chr2	87301657	92115200	1.5688361588778	5.9333058752157	6	2	0.999796005605087
chr5	16941842	17635053	1.97550631522916	7.8653246473885	8	2	0.999940785166416
chr14	104117404	106879812	1.68822347121329	6.4451926013612	6	2	0.999857311047648
chr17	40993429	41397592	4.45512478207479	43.8688439143746	44	2	0.999999990412281
chr19	53632055	53766632	-4.19820825144589	0.108954051409211	0	-2	0.95880476524727
chr21	5011798	8227646	-0.766650391713901	1.17556116764101	1	-1	0.736178646546914
chr21	30214005	33482195	0.526620463843193	2.88110145388392	3	1	0.796018480215921
chr22	15186843	17070675	-0.737158445635912	1.19983960137785	1	-1	0.709689278242856
