Chromosome	Start	End	Segment	CNF	CN	Call	ProbCall
chr2	88931665	92115200	2.57565295558943	11.9228146822948	12	2	1
chr3	167959283	198228376	0.647023906985966	3.1318690829864	3	1	0.938149396208168
chr5	10202	46416170	0.650028648881555	3.13839871294927	3	1	0.937721854632594
chr6	25726131	28944537	1.13944404023931	4.40592226156329	4	2	0.999141472545839
chr8	64090	43954791	-0.629407889818058	1.29288334630374	1	-1	0.827187281189312
chr9	12133	43206105	-0.947163181641151	1.0373026017794	1	-1	0.934588423622309
chr12	12309	34690158	0.722729314573222	3.3006023009714	3	1	0.908023351154908
chr14	18257823	20784293	-0.791404526949014	1.15556264515533	1	-1	0.912810655316673
chr14	20801227	22320691	1.40759268711768	5.30588235294118	5	2	0.999999994008905
chr14	104117404	106879812	2.07102696432324	8.4037134180778	8	2	1
chr17	18415727	22746903	-0.520909213622992	1.39386494950902	1	-1	0.568710765349936
chr17	40993429	41397592	4.27818470839395	38.8053781484876	39	2	1
chr19	27243626	39493785	0.701634789381531	3.25269328619948	3	1	0.921077235272412
chr20	87249	26371726	0.494424544394508	2.81751744763363	3	1	0.848145547311839
chr20	30119564	64327972	0.468854880731556	2.76802098560337	3	1	0.784662294869866
chr21	5011798	8227646	-0.734834246870294	1.20177411500327	1	-1	0.896599112699486
chr21	12999675	30060233	-0.536939055347009	1.3784633830213	1	-1	0.626138343586055
chr22	15186843	17353177	-0.959460759525012	1.02849817968662	1	-1	0.935440776767618
